geo,year,qi_broad_beans_and_horse_beans_dry_gross_production_index_number_2014_2016_100
10,1961,0.05
10,1962,0.14
10,1963,0.1
10,1964,0.05
10,1965,0.07
10,1966,0.08
10,1967,0.04
10,1968,0.03
10,1969,0.03
10,1970,0.03
10,1971,0.03
10,1972,0.03
10,1973,0.04
10,1974,0.03
10,1975,1.17
10,1976,1.6
10,1977,0.89
10,1978,1.74
10,1979,1.74
10,1980,2.46
10,1981,2.61
10,1982,2.96
10,1983,1.74
10,1984,2.99
10,1985,8.32
10,1986,18.23
10,1987,21.12
10,1988,18.58
10,1989,21.33
10,1990,17.45
10,1991,18.67
10,1992,28.69
10,1993,39.13
10,1994,14.49
10,1995,36.98
10,1996,49.51
10,1997,47.16
10,1998,56.32
10,1999,65.62
10,2000,73.33
10,2001,101.45
10,2002,42.7
10,2003,80.29
10,2004,48.55
10,2005,95.36
10,2006,31.3
10,2007,40
10,2008,39.06
10,2009,62.98
10,2010,94.02
10,2011,77.71
10,2012,109.33
10,2013,94.98
10,2014,94.98
10,2015,82.26
10,2016,122.76
10,2017,140.16
10,2018,120.46
10,2019,67.66
10,2020,90.72
10,2021,147.75
10,2022,187.31
10,2023,184.05
102,1991,161.68
102,1992,85.55
102,1993,160.57
102,1994,132.37
102,1995,120.22
102,1996,123.41
102,1997,150.63
102,1998,101.51
102,1999,155.59
102,2000,147.96
102,2001,48.02
102,2002,94.41
102,2003,111.33
102,2004,112.6
102,2005,85.13
102,2006,101.14
102,2007,112.92
102,2008,114.76
102,2009,104.33
102,2010,142.5
102,2011,63.48
102,2012,67.59
102,2013,62.64
102,2014,118.41
102,2015,93.18
102,2016,88.41
102,2017,100
102,2018,89.97
102,2019,92.79
102,2020,88.92
102,2021,90.05
102,2022,89
102,2023,88.18
103,1961,366.05
103,1962,352.07
103,1963,332.94
103,1964,233.24
103,1965,387.94
103,1966,428.4
103,1967,449.82
103,1968,482.12
103,1969,420.83
103,1970,478.81
103,1971,440.18
103,1972,355.45
103,1973,428.31
103,1974,412.15
103,1975,425.55
103,1976,388.23
103,1977,370.83
103,1978,368.35
103,1979,218.96
103,1980,299.88
103,1981,314.16
103,1982,266.56
103,1983,159.46
103,1984,185.64
103,1985,114.24
103,1986,226.1
103,1987,218.96
103,1988,130.9
103,1989,107.1
103,1990,180.88
103,1991,386.28
103,1992,428.4
103,1993,452.2
103,1994,440.3
103,1995,435.54
103,1996,433.16
103,1997,428.4
103,1998,452.2
103,1999,392.7
103,2000,333.2
103,2001,71.4
103,2002,214.2
103,2003,119
103,2004,214.2
103,2005,142.8
103,2006,95.2
103,2007,357
103,2008,305.09
103,2009,258.8
103,2010,341.94
103,2011,269.54
103,2012,224.84
103,2013,124.47
103,2014,109.6
103,2015,95.2
103,2016,95.2
103,2017,0.17
103,2018,0.36
103,2019,2.74
103,2020,11.26
103,2021,215.51
103,2022,45.08
103,2023,35.6
104,1988,11.55
104,1989,15.53
104,1990,9.75
104,1991,9.95
104,1992,17.92
104,1993,34.84
104,1994,33.44
104,1995,33.84
104,1996,33.84
104,1997,33.84
104,1998,53.75
104,1999,31.85
104,2000,11.94
104,2001,15.73
104,2002,11.94
104,2003,17.92
104,2004,19.71
104,2005,27.67
104,2006,29.26
104,2007,18.71
104,2008,17.12
104,2009,36.43
104,2010,38.62
104,2011,25.48
104,2012,33.24
104,2013,42
104,2014,35.04
104,2015,131.19
104,2016,133.78
104,2017,174.24
104,2018,39.5
104,2019,75.17
104,2020,113.73
104,2021,96.71
104,2022,117.35
104,2023,144.15
106,1961,456.62
106,1962,515.86
106,1963,581.22
106,1964,473.69
106,1965,517.15
106,1966,467.8
106,1967,480.52
106,1968,382.18
106,1969,473.22
106,1970,434.71
106,1971,410.92
106,1972,393.72
106,1973,307.87
106,1974,311.28
106,1975,292.67
106,1976,261.93
106,1977,226.25
106,1978,273
106,1979,236.85
106,1980,252.28
106,1981,236.61
106,1982,209.88
106,1983,195.04
106,1984,233.67
106,1985,204.93
106,1986,191.74
106,1987,184.2
106,1988,163.59
106,1989,144.39
106,1990,134.97
106,1991,190.09
106,1992,165.86
106,1993,130.95
106,1994,118.64
106,1995,116.28
106,1996,93.32
106,1997,82.48
106,1998,84.21
106,1999,75.73
106,2000,84.48
106,2001,81.35
106,2002,75.19
106,2003,76.32
106,2004,96.52
106,2005,102.37
106,2006,97.28
106,2007,109.5
106,2008,125.41
106,2009,114.72
106,2010,122.77
106,2011,98.81
106,2012,113.06
106,2013,91.8
106,2014,88.02
106,2015,94.19
106,2016,117.79
106,2017,109.26
106,2018,135.72
106,2019,155.83
106,2020,158.91
106,2021,139.63
106,2022,115.82
106,2023,117.55
109,1961,19.41
109,1962,19.84
109,1963,20.7
109,1964,19.41
109,1965,17.25
109,1966,38.38
109,1967,38.82
109,1968,38.82
109,1969,78.92
109,1970,79.79
109,1971,54.77
109,1972,94.02
109,1973,46.58
109,1974,54.77
109,1975,49.17
109,1976,58.65
109,1977,78.92
109,1978,100.92
109,1979,96.18
109,1980,72.02
109,1981,77.63
109,1982,72.02
109,1983,87.55
109,1984,110.84
109,1985,120.33
109,1986,91.43
109,1987,89.71
109,1988,75.91
109,1989,73.32
109,1990,100.06
109,1991,100.06
109,1992,122.48
109,1993,103.94
109,1994,102.65
109,1995,100.06
109,1996,106.1
109,1997,87.12
109,1998,77.63
109,1999,91.86
109,2000,63.83
109,2001,59.95
109,2002,50.89
109,2003,55.2
109,2004,50.03
109,2005,56.07
109,2006,67.19
109,2007,57.36
109,2008,53.91
109,2009,73.75
109,2010,76.77
109,2011,91
109,2012,96.61
109,2013,95.31
109,2014,93.59
109,2015,94.02
109,2016,112.39
109,2017,104.8
109,2018,106.3
109,2019,94.88
109,2020,92.73
109,2021,105.23
109,2022,105.23
109,2023,89.28
11,1961,6.65
11,1962,8.03
11,1963,24.94
11,1964,28.77
11,1965,31.45
11,1966,63.04
11,1967,68.32
11,1968,49.83
11,1969,10.15
11,1970,9.4
11,1971,6.59
11,1972,5.32
11,1973,3.66
11,1974,4.3
11,1975,4.47
11,1976,4.53
11,1977,4.47
11,1978,12.2
11,1979,19.51
11,1980,28.86
11,1981,36.59
11,1982,46.75
11,1983,56.91
11,1984,67.08
11,1985,77.24
11,1986,85.51
11,1987,127.24
11,1988,138.22
11,1989,121.15
11,1990,121.96
11,1991,150.76
11,1992,125.48
11,1993,117.87
11,1994,108.13
11,1995,69.17
11,1996,39.05
11,1997,25.54
11,1998,21.36
11,1999,25.21
11,2000,28.93
11,2001,30.21
11,2002,36.38
11,2003,37.69
11,2004,31.56
11,2005,41.6
11,2006,49.85
11,2007,42.78
11,2008,33
11,2009,27.35
11,2010,42.82
11,2011,71.52
11,2012,65.01
11,2013,55.5
11,2014,87.24
11,2015,100.17
11,2016,112.59
11,2017,93.35
11,2018,65
11,2019,52.97
11,2020,57.08
11,2021,63.22
11,2022,57.48
11,2023,59.03
110,1961,22413.03
110,1962,22818.69
110,1963,8427.7
110,1964,17950.7
110,1965,17342.21
110,1966,15415.29
110,1967,10952.97
110,1968,10952.97
110,1969,8823.23
110,1970,8113.31
110,1971,7403.4
110,1972,4969.4
110,1973,3549.57
110,1974,2839.66
110,1975,2510.06
110,1976,2256.52
110,1977,2408.64
110,1978,2002.97
110,1979,1774.79
110,1980,1409.69
110,1981,1571.95
110,1982,1429.97
110,1983,1338.7
110,1984,1227.14
110,1985,993.88
110,1986,933.03
110,1987,851.9
110,1988,811.33
110,1989,740.34
110,1990,618.64
110,1991,547.65
110,1992,395.52
110,1993,344.82
110,1994,283.97
110,1995,243.4
110,1996,233.26
110,1997,202.83
110,1998,202.83
110,1999,202.83
110,2000,202.83
110,2001,202.83
110,2002,101.42
110,2003,101.42
110,2004,104.22
110,2005,111.43
110,2006,110.64
110,2007,109.25
110,2008,107.67
110,2009,109.9
110,2010,101.15
110,2011,102.34
110,2012,117.59
110,2013,117.64
110,2014,114.65
110,2015,80.94
110,2016,104.41
110,2017,100
110,2018,93.6
110,2019,99.34
110,2020,97.65
110,2021,96.86
110,2022,97.95
110,2023,97.49
121,1961,622.48
121,1962,663.98
121,1963,373.49
121,1964,489.68
121,1965,622.48
121,1966,646.96
121,1967,405.03
121,1968,304.6
121,1969,235.3
121,1970,198.36
121,1971,227
121,1972,222.85
121,1973,276.79
121,1974,260.61
121,1975,145.24
121,1976,41.5
121,1977,145.24
121,1978,165.99
121,1979,207.49
121,1980,207.49
121,1981,145.24
121,1982,112.05
121,1983,124.5
121,1984,186.74
121,1985,244.84
121,1986,248.99
121,1987,311.24
121,1988,373.49
121,1989,414.98
121,1990,497.98
121,1991,647.79
121,1992,768.97
121,1993,788.47
121,1994,809.22
121,1995,912.97
121,1996,999.7
121,1997,1132.49
121,1998,414.98
121,1999,124.5
121,2000,124.5
121,2001,124.5
121,2003,331.99
121,2004,124.5
121,2005,165.99
121,2006,124.5
121,2007,83
121,2008,124.5
121,2009,41.5
121,2010,50.34
121,2011,58.82
121,2012,58.36
121,2013,58.05
121,2014,58.1
121,2015,93.3
121,2016,148.6
121,2017,253.14
121,2018,207.49
121,2019,107.9
121,2020,149.39
121,2021,161.84
121,2022,156.14
121,2023,118.92
124,1961,813.64
124,1962,447.5
124,1963,366.14
124,1964,325.46
124,1965,325.46
124,1966,366.14
124,1967,366.14
124,1968,406.82
124,1969,488.18
124,1970,406.82
124,1971,1208.66
124,1972,1410.45
124,1973,2115.47
124,1974,2212.29
124,1975,2419.77
124,1976,2709.42
124,1977,2260.29
124,1978,2423.43
124,1979,2644.33
124,1980,2847.74
124,1981,2990.13
124,1982,3091.84
124,1983,3254.56
124,1984,3254.56
124,1985,3295.25
124,1986,3498.66
124,1987,3580.02
124,1988,3051.15
124,1989,3254.56
124,1990,3661.38
124,1991,3864.79
124,1992,3986.84
124,1993,4068.2
124,1994,4271.62
124,1995,4491.3
124,1996,4068.2
124,1997,3661.38
124,1998,3254.56
124,1999,2847.74
124,2000,2440.92
124,2001,2034.1
124,2002,1627.28
124,2003,1220.46
124,2004,813.64
124,2005,655.79
124,2006,610.23
124,2007,610.23
124,2008,610.23
124,2009,663.12
124,2010,722.21
124,2011,189.01
124,2012,137.26
124,2013,120.82
124,2014,79.39
124,2015,115.4
124,2016,105.2
124,2017,100
124,2018,106.87
124,2019,81.36
124,2020,109.84
124,2021,105.77
124,2022,100.38
124,2023,86.63
134,1961,89.53
134,1962,89.53
134,1963,77.47
134,1964,140.78
134,1965,169.62
134,1990,48.5
134,1991,70.85
134,1992,73.11
134,1993,75.36
134,1994,77.1
134,1995,79.85
134,1996,81.27
134,1997,94.38
134,1998,89.13
134,1999,91.76
134,2000,98.31
134,2001,97
134,2002,91.76
134,2003,95.69
134,2004,98.31
134,2005,95.21
134,2006,91.76
134,2007,104.86
134,2008,99.05
134,2009,99.75
134,2010,100.7
134,2011,104.86
134,2012,91.76
134,2013,94.38
134,2014,98.92
134,2015,100.96
134,2016,100.11
134,2017,100.56
138,1961,65.03
138,1962,85.13
138,1963,104.61
138,1964,106.54
138,1965,108.27
138,1966,110.36
138,1967,111.42
138,1968,97.75
138,1969,85.85
138,1970,87.67
138,1971,113.78
138,1972,113.06
138,1973,108.25
138,1974,66.89
138,1975,107.94
138,1976,125.88
138,1977,91
138,1978,134.04
138,1979,198.13
138,1980,236.03
138,1981,51.65
138,1982,159.34
138,1983,102.24
138,1984,178.45
138,1985,267.46
138,1986,43.02
138,1987,42.64
138,1988,51.14
138,1989,54.78
138,1990,49.8
138,1991,73.61
138,1992,62.95
138,1993,22.29
138,1994,21.45
138,1995,48.13
138,1996,24.46
138,1997,17.03
138,1998,21.42
138,1999,25.76
138,2000,49.76
138,2001,56.32
138,2002,79.34
138,2003,76.35
138,2004,57.87
138,2005,60.62
138,2006,64.75
138,2007,72.66
138,2008,78.15
138,2009,52.77
138,2010,58.51
138,2011,27.95
138,2012,65.9
138,2013,95.37
138,2014,94.46
138,2015,99.95
138,2016,105.59
138,2017,92.99
138,2018,105.81
138,2019,87.31
138,2020,105.99
138,2021,107.33
138,2022,67.17
138,2023,80.72
143,1961,63.49
143,1962,105.81
143,1963,126.97
143,1964,137.55
143,1965,148.14
143,1966,103.64
143,1967,113.48
143,1968,179.88
143,1969,164.32
143,1970,200.94
143,1971,256.7
143,1972,282.7
143,1973,199.67
143,1974,365.57
143,1975,225.04
143,1976,243.59
143,1977,99.09
143,1978,170.8
143,1979,156.11
143,1980,110.52
143,1981,41.04
143,1982,104.75
143,1983,150.51
143,1984,129.09
143,1985,205.76
143,1986,227.09
143,1987,134.66
143,1988,245.46
143,1989,175.85
143,1990,141.87
143,1991,215.67
143,1992,71.44
143,1993,16.97
143,1994,117.57
143,1995,38
143,1996,151.87
143,1997,98.39
143,1998,113.93
143,1999,58.67
143,2000,34.49
143,2001,86.79
143,2002,93.94
143,2003,109.05
143,2004,115.6
143,2005,77.2
143,2006,190.98
143,2007,73.91
143,2008,115
143,2009,161.93
143,2010,158.06
143,2011,180.46
143,2012,156.59
143,2013,165.77
143,2014,176.37
143,2015,95.53
143,2016,28.11
143,2017,98.83
143,2018,157.39
143,2019,76.97
143,2020,51.82
143,2021,138.83
143,2022,39.42
143,2023,47.29
149,1994,103.62
149,1995,105.99
149,1996,99.87
149,1997,109.64
149,1998,100.15
149,1999,99.8
149,2000,93.08
149,2001,93.3
149,2002,92.64
149,2003,99.49
149,2004,98.16
149,2005,101.11
149,2006,103.73
149,2007,104.94
149,2008,95.72
149,2009,95.86
149,2010,98.48
149,2011,103.39
149,2012,104.23
149,2013,96.93
149,2014,100.79
149,2015,99.78
149,2016,99.42
149,2017,99.34
149,2018,99.2
149,2019,99.15
149,2020,99.19
149,2021,99.25
149,2022,99.22
149,2023,99.2
150,1961,183.67
150,1962,159.68
150,1963,198.56
150,1964,314.52
150,1965,73.29
150,1966,60.29
150,1967,45.56
150,1968,23.31
150,1969,14.15
150,1970,5.26
150,1982,127.22
150,1983,206.77
150,1984,493.35
150,1985,549.7
150,1986,1577.55
150,1987,2530.21
150,1988,2998.94
150,1989,2051.91
150,1990,794.46
150,1991,505.09
150,1992,441.95
150,1993,368.29
150,1994,173.62
150,1995,121.01
150,1996,173.62
150,1997,315.68
150,1998,237.86
150,1999,224.29
150,2000,210.45
150,2001,232.18
150,2002,154.1
150,2003,145.42
150,2004,178.88
150,2005,148.84
150,2006,141.74
150,2007,78.92
150,2008,94.7
150,2009,105.23
150,2010,128.18
150,2011,134.26
150,2012,138.33
150,2013,95.71
150,2014,122.77
150,2015,88.66
150,2016,88.58
150,2017,88.48
150,2022,808.14
150,2023,313.57
167,1993,644.38
167,1994,291.08
167,1995,267.53
167,1996,294.29
167,1997,321.04
167,1998,267.53
167,1999,304.99
167,2000,235.43
167,2001,224.73
167,2002,230.08
167,2003,226.33
167,2004,438.75
167,2005,454.81
167,2006,173.36
167,2007,92.78
167,2008,68.38
167,2009,139.12
167,2010,139.12
167,2011,117.71
167,2012,109.23
167,2013,119.03
167,2014,105.95
167,2015,99.3
167,2016,94.75
167,2017,89.86
167,2018,79.72
167,2019,43.34
167,2020,118.25
167,2021,125.74
167,2022,166.94
167,2023,153.03
169,1961,14.28
169,1962,12.92
169,1963,12.92
169,1964,17.61
169,1965,20.88
169,1966,22.1
169,1967,22.85
169,1968,17
169,1969,16.46
169,1970,14.76
169,1971,27.88
169,1972,52.36
169,1973,44.88
169,1974,54.07
169,1975,57.02
169,1976,59.85
169,1977,100.15
169,1978,92.65
169,1979,88.51
169,1980,87.72
169,1981,50.32
169,1982,53.72
169,1983,57.8
169,1984,62.56
169,1985,69.04
169,1986,50.3
169,1987,52.55
169,1988,55.24
169,1989,49.72
169,1990,39.97
169,1991,32.14
169,1992,34.34
169,1993,54.38
169,1994,53.01
169,1995,42.31
169,1996,42.51
169,1997,43.34
169,1998,42.06
169,1999,56.78
169,2000,48.87
169,2001,62.26
169,2002,63.24
169,2003,66.31
169,2004,69.16
169,2005,96.56
169,2006,74.91
169,2007,88.4
169,2008,81.6
169,2009,85
169,2010,89.15
169,2011,92.68
169,2012,93.3
169,2013,95.85
169,2014,98.43
169,2015,102.6
169,2016,98.96
169,2017,104.41
169,2018,101.99
169,2019,101.79
169,2020,102.73
169,2021,102.17
169,2022,102.23
169,2023,102.38
170,1961,30.18
170,1962,42.35
170,1963,44.85
170,1964,45.36
170,1965,26.7
170,1966,26.29
170,1967,28.76
170,1968,21.75
170,1969,25.84
170,1970,27.01
170,1971,25.83
170,1972,26.76
170,1973,28.49
170,1974,29.2
170,1975,26.71
170,1976,26.45
170,1977,26.79
170,1978,26.01
170,1979,26.49
170,1980,28.53
170,1981,31.31
170,1982,34.23
170,1983,29.08
170,1984,28.9
170,1985,28.6
170,1986,30.3
170,1987,28.76
170,1988,29.1
170,1989,25.84
170,1990,16.84
170,1991,36.07
170,1992,20.03
170,1993,31.73
170,1994,33.29
170,1995,35.89
170,1996,40.04
170,1997,42.69
170,1998,48.97
170,1999,52.47
170,2000,62.68
170,2001,57.86
170,2002,62.19
170,2003,66.21
170,2004,60.65
170,2005,67.92
170,2006,73.91
170,2007,78.76
170,2008,82.59
170,2009,89.43
170,2010,86.19
170,2011,83.03
170,2012,94.65
170,2013,101.04
170,2014,104.21
170,2015,103.42
170,2016,92.37
170,2017,93.52
170,2018,102.94
170,2019,106.89
170,2020,106.39
170,2021,105.63
170,2022,111.8
170,2023,103.84
173,2001,0.29
173,2002,0.36
173,2003,0.36
173,2004,0.44
173,2005,0.73
173,2006,0.51
173,2007,0.58
173,2008,0.44
173,2009,0.36
173,2010,0.29
173,2011,34.95
173,2012,45.45
173,2013,33.33
173,2014,53.35
173,2015,120.69
173,2016,125.95
173,2017,121.46
173,2018,118.65
173,2019,91.32
173,2020,113.61
173,2021,141.21
173,2022,148.46
173,2023,137.09
174,1961,779.49
174,1962,1163.11
174,1963,1254.7
174,1964,888
174,1965,848.25
174,1966,825.73
174,1967,1070.25
174,1968,1208.55
174,1969,965.83
174,1970,935.54
174,1971,1130.94
174,1972,1028.8
174,1973,853.73
174,1974,952.71
174,1975,890.85
174,1976,958.99
174,1977,555.54
174,1978,720.57
174,1979,658.86
174,1980,723.57
174,1981,582.05
174,1982,626.31
174,1983,559.04
174,1984,600.67
174,1985,578.43
174,1986,563.58
174,1987,576.73
174,1988,538.9
174,1989,585.33
174,1990,477.35
174,1991,433.05
174,1992,433.05
174,1993,498.01
174,1994,525.85
174,1995,433.05
174,1996,494.92
174,1997,448.11
174,1998,463.98
174,1999,468.55
174,2000,473.72
174,2001,484.29
174,2002,488.71
174,2003,482.14
174,2004,493.35
174,2005,510.38
174,2006,541.31
174,2007,556.78
174,2008,572.25
174,2009,587.71
174,2010,411.25
174,2011,182.14
174,2012,182.28
174,2013,105.32
174,2014,111.76
174,2015,94.3
174,2016,93.94
174,2017,89.46
174,2018,94.65
174,2019,64.65
174,2020,78.26
174,2021,101.15
174,2022,111.05
174,2023,111.05
178,1993,184.39
178,1994,610.62
178,1995,906.85
178,1996,1209.14
178,1997,604.57
178,1998,906.85
178,1999,604.57
178,2000,544.11
178,2001,514.22
178,2002,523.93
178,2003,512.53
178,2004,522.11
178,2005,604.57
178,2006,594.29
178,2007,452.82
178,2008,543.81
178,2009,33.86
178,2010,186.6
178,2011,30.23
178,2012,31.74
178,2013,33.25
178,2014,115.25
178,2015,101.44
178,2016,83.31
178,2017,100
178,2018,94.92
178,2019,92.74
178,2020,95.89
178,2021,94.52
178,2022,94.38
178,2023,94.93
185,1992,33.32
185,1993,79.73
185,1994,47.84
185,1995,129.48
185,1996,196.33
185,1997,244.99
185,1998,207.12
185,1999,224.37
185,2000,291.09
185,2001,242.41
185,2002,90.92
185,2003,306.56
185,2004,486.25
185,2005,397.59
185,2006,448.05
185,2007,220.04
185,2008,320.35
185,2009,267.93
185,2010,181.62
185,2011,207.6
185,2012,110.2
185,2013,89.99
185,2014,108.77
185,2015,107.41
185,2016,83.81
185,2017,88.29
185,2018,90.44
185,2019,95.72
185,2020,100.36
185,2021,88.85
185,2022,69.95
185,2023,73.29
19,1961,31.53
19,1962,31.53
19,1963,31.53
19,1964,31.53
19,1965,31.53
19,1966,31.53
19,1967,31.53
19,1968,31.53
19,1969,36.26
19,1970,40.2
19,1971,39.41
19,1972,39.41
19,1973,39.41
19,1974,55.17
19,1975,63.06
19,1976,69.99
19,1977,86.07
19,1978,74.8
19,1979,55.96
19,1980,58.33
19,1981,85.13
19,1982,70.94
19,1983,23.65
19,1984,73.3
19,1985,78.82
19,1986,78.82
19,1987,86.7
19,1988,94.58
19,1989,118.23
19,1990,126.11
19,1991,110.35
19,1992,102.47
19,1993,110.35
19,1994,94.58
19,1995,78.82
19,1996,81.43
19,1997,98.13
19,1998,108.67
19,1999,118.23
19,2000,110.35
19,2001,104.52
19,2002,102.47
19,2003,106.41
19,2004,106.9
19,2005,106.5
19,2006,107.2
19,2007,106.96
19,2008,106.6
19,2009,106.2
19,2010,105.41
19,2011,104.18
19,2012,102.47
19,2013,98.53
19,2014,95.4
19,2015,104.97
19,2016,99.63
19,2017,99.57
19,2018,100.02
19,2019,100.42
19,2020,102.6
19,2021,102.46
19,2022,102.47
19,2023,102.49
197,1961,21.52
197,1962,21.52
197,1963,21.52
197,1964,21.52
197,1965,21.52
197,1966,22.96
197,1967,23.67
197,1968,24.39
197,1969,25.11
197,1970,25.11
197,1971,28.7
197,1972,28.7
197,1973,35.87
197,1974,35.87
197,1975,35.87
197,1976,39.46
197,1977,39.46
197,1978,43.04
197,1979,43.04
197,1980,43.04
197,1981,43.04
197,1982,46.63
197,1983,46.63
197,1984,43.04
197,1985,48.78
197,1986,49.5
197,1987,50.22
197,1988,51.65
197,1989,53.81
197,1990,55.96
197,1991,57.39
197,1992,57.39
197,1993,54.52
197,1994,57.39
197,1995,61.6
197,1996,63.11
197,1997,62.75
197,1998,63.68
197,1999,61.52
197,2000,64.57
197,2001,71.74
197,2002,86.09
197,2003,96.85
197,2004,103.31
197,2005,99
197,2006,107.61
197,2007,103.31
197,2008,111.91
197,2009,120.52
197,2010,129.13
197,2011,111.19
197,2012,89.68
197,2013,93.26
197,2014,99.14
197,2015,102.55
197,2016,98.32
197,2017,95.15
197,2018,98.67
197,2019,101.28
197,2020,95.65
197,2021,93.79
197,2022,92.69
197,2023,94.04
198,2003,4
198,2004,4
198,2005,200
198,2006,218
198,2007,84
198,2008,68
198,2009,84
198,2010,456
198,2011,2168
198,2012,670
198,2013,300
198,2016,100
198,2017,33.33
199,1993,2103.46
199,1994,2436.94
199,1995,2188.5
199,1996,295
199,1997,295
199,1998,295
199,1999,461.74
199,2000,35.91
199,2001,42.33
199,2002,192.39
199,2003,166.74
199,2004,179.56
199,2005,210.73
199,2006,428.64
199,2007,192.39
199,2008,64.13
199,2009,47.84
199,2010,37.32
199,2011,50.41
199,2012,62.72
199,2013,61.56
199,2014,77.85
199,2015,118.13
199,2016,104.02
199,2017,91.83
199,2018,15.39
199,2019,8.98
199,2020,3.85
199,2021,6.41
199,2022,19.24
203,1961,214.24
203,1962,274.02
203,1963,267.95
203,1964,231.51
203,1965,216.35
203,1966,240.43
203,1967,252.58
203,1968,272.66
203,1969,247.5
203,1970,256.94
203,1971,232.46
203,1972,222.59
203,1973,185.97
203,1974,244.99
203,1975,220.89
203,1976,204.57
203,1977,169.84
203,1978,206.08
203,1979,167.75
203,1980,188.06
203,1981,90.14
203,1982,103.23
203,1983,78.18
203,1984,121.52
203,1985,115.11
203,1986,105.7
203,1987,117.58
203,1988,102.09
203,1989,94.69
203,1990,74.39
203,1991,67.75
203,1992,62.24
203,1993,32.55
203,1994,32.07
203,1995,19.36
203,1996,21.25
203,1997,22.96
203,1998,18.98
203,1999,16.32
203,2000,26.57
203,2001,28.27
203,2002,78.94
203,2003,97.92
203,2004,122.12
203,2005,77.1
203,2006,90.68
203,2007,72.46
203,2008,52.14
203,2009,52.88
203,2010,68.89
203,2011,81.37
203,2012,49.15
203,2013,52.75
203,2014,73.88
203,2015,124.36
203,2016,101.76
203,2017,91.97
203,2018,67.48
203,2019,45.62
203,2020,56.44
203,2021,46.38
203,2022,39.19
203,2023,52.32
21,1961,1096.95
21,1962,1047.1
21,1963,1280.21
21,1964,1000.42
21,1965,1345.02
21,1966,1435.37
21,1967,1812.62
21,1968,1631.23
21,1969,1645.21
21,1970,1432.11
21,1971,1965.07
21,1972,2348.61
21,1973,1675.56
21,1974,1590.98
21,1975,1461.68
21,1976,1207.55
21,1977,1210.22
21,1978,1245.44
21,1979,1053.62
21,1980,715.69
21,1981,601.81
21,1982,822.71
21,1983,431.33
21,1984,859.46
21,1985,693.73
21,1986,821.87
21,1987,545.16
21,1988,746.01
21,1989,701.04
21,1990,422.8
21,1991,578.22
21,1992,437.1
21,1993,190.65
21,1994,304.25
21,1995,369
21,1996,423.96
21,1997,386.51
21,1998,90.41
21,1999,143.44
21,2000,307.18
21,2001,152.29
21,2002,196.95
21,2003,252.34
21,2004,271.02
21,2005,257.06
21,2006,291.58
21,2007,306.79
21,2008,387.9
21,2009,403.73
21,2010,143.32
21,2011,325.29
21,2012,98.13
21,2013,155.18
21,2014,149.78
21,2015,78.94
21,2016,71.28
21,2017,195.39
21,2018,222.81
21,2019,223.28
21,2020,324.05
21,2021,186.32
21,2022,235.74
21,2023,202.28
210,1998,9.66
210,1999,10.22
210,2000,4.77
210,2001,5.79
210,2002,10.11
210,2003,9.54
210,2004,14.09
210,2005,16.93
210,2006,14.88
210,2007,12.84
210,2008,15.56
210,2009,29.65
210,2010,35.33
210,2011,60.2
210,2012,66.11
210,2013,69.63
210,2014,69.41
210,2015,112.57
210,2016,118.02
210,2017,124.27
210,2018,39.08
210,2019,67.59
210,2020,65.57
210,2021,54.79
210,2022,88.25
210,2023,54.23
211,1971,58.79
211,1972,84.91
211,1973,163.29
211,1974,326.58
211,1975,235.14
211,1976,84.91
211,1977,52.25
211,1978,52.25
211,1979,32.66
211,1980,58.79
211,1981,39.19
211,1982,61.14
211,1983,112.28
211,1984,68.78
211,1985,46.96
211,1986,26.65
211,1987,32.59
211,1988,26.06
211,1989,26.13
211,1990,51.08
211,1991,27.04
211,1992,38.08
211,1993,67.21
211,1994,59.57
211,1995,72.37
211,1996,97.84
211,1997,93.6
211,1998,101.89
211,1999,60.48
211,2000,71.85
211,2001,65.32
211,2002,78.38
211,2003,71.85
211,2004,58.79
211,2005,78.38
211,2006,52.25
211,2007,45.72
211,2008,52.25
211,2009,54.08
211,2010,55.58
211,2011,76.88
211,2012,61.79
211,2013,71.52
211,2014,93.4
211,2015,96.15
211,2016,110.45
211,2017,197.52
211,2018,170.74
211,2019,206.6
211,2020,126.06
211,2021,100.72
211,2022,128.87
211,2023,88.63
212,1961,26.68
212,1962,41.38
212,1963,36.49
212,1964,40.5
212,1965,40.51
212,1966,43.75
212,1967,47.84
212,1968,25.95
212,1969,31.53
212,1970,30.02
212,1971,34.52
212,1972,44.4
212,1973,24.32
212,1974,24.8
212,1975,31.9
212,1976,46.78
212,1977,43.13
212,1978,44.19
212,1979,46.28
212,1980,46.08
212,1981,46.13
212,1982,48.47
212,1983,43.6
212,1984,41.35
212,1985,26.78
212,1986,49.04
212,1987,56.01
212,1988,72.51
212,1989,41.01
212,1990,34.85
212,1991,29.54
212,1992,35.48
212,1993,41.35
212,1994,49.55
212,1995,54.19
212,1996,50.73
212,1997,41.51
212,1998,53.65
212,1999,47.36
212,2000,43.78
212,2001,96.54
212,2002,106.95
212,2003,109.47
212,2004,122.27
212,2005,116.02
212,2006,104.6
212,2007,84.96
212,2008,130.19
212,2009,129
212,2010,116.28
212,2011,123.59
212,2012,112.93
212,2013,105.9
212,2014,112.46
212,2015,99.63
212,2016,87.91
212,2017,107.44
212,2018,112.45
212,2019,82.78
212,2020,98.56
212,2021,82.63
212,2022,66.37
212,2023,74.98
222,1961,11.99
222,1962,28.4
222,1963,35.04
222,1964,34.3
222,1965,45
222,1966,30.43
222,1967,33.2
222,1968,40.02
222,1969,36.88
222,1970,33.2
222,1971,40.57
222,1972,64.36
222,1973,68.24
222,1974,55.33
222,1975,90.37
222,1976,103.28
222,1977,47.95
222,1978,73.77
222,1979,92.21
222,1980,94.05
222,1981,75.43
222,1982,62.7
222,1983,40.57
222,1984,66.39
222,1985,78.38
222,1986,53.48
222,1987,64.55
222,1988,26.43
222,1989,43.03
222,1990,43.08
222,1991,81.7
222,1992,73.77
222,1993,78.38
222,1994,30.24
222,1995,48.69
222,1996,68.79
222,1997,44.26
222,1998,63.26
222,1999,82.25
222,2000,49.61
222,2001,34.86
222,2002,41.13
222,2003,88.52
222,2004,84.1
222,2005,88.34
222,2006,73.21
222,2007,123.58
222,2008,109.27
222,2009,129.48
222,2010,88.21
222,2011,133.89
222,2012,132.41
222,2013,126.95
222,2014,99.15
222,2015,77.29
222,2016,123.56
222,2017,126.33
222,2018,138.68
222,2019,162.29
222,2020,107.03
222,2021,121.16
222,2022,118.03
222,2023,127.52
223,1961,346.64
223,1962,367.44
223,1963,367.44
223,1964,305.05
223,1965,311.98
223,1966,298.11
223,1967,298.11
223,1968,298.11
223,1969,311.98
223,1970,270.38
223,1971,291.18
223,1972,325.85
223,1973,318.91
223,1974,374.38
223,1975,346.64
223,1976,329.31
223,1977,346.64
223,1978,370.91
223,1979,360.51
223,1980,360.51
223,1981,381.31
223,1982,450.64
223,1983,533.83
223,1984,526.9
223,1985,506.1
223,1986,554.63
223,1987,554.63
223,1988,540.77
223,1989,519.97
223,1990,519.97
223,1991,485.3
223,1992,471.44
223,1993,450.64
223,1994,360.51
223,1995,339.71
223,1996,320.99
223,1997,318.91
223,1998,294.65
223,1999,270.38
223,2000,256.52
223,2001,242.65
223,2002,221.85
223,2003,228.79
223,2004,207.99
223,2005,194.12
223,2006,147.78
223,2007,145.89
223,2008,143.29
223,2009,146.63
223,2010,137.95
223,2011,136.43
223,2012,127.61
223,2013,123.59
223,2014,103.49
223,2015,96.06
223,2016,100.45
223,2017,102.23
223,2018,91.5
223,2019,85.59
223,2020,63.33
223,2021,48.87
223,2022,46.35
223,2023,44.77
229,1961,0.4
229,1972,16.23
229,1973,16.23
229,1974,10.82
229,1975,23.24
229,1976,5.21
229,1977,6.61
229,1978,11.82
229,1979,19.83
229,1980,13.82
229,1981,16.23
229,1982,4.61
229,1983,4.61
229,1984,4.01
229,1985,11.02
229,1986,20.43
229,1987,26.44
229,1988,14.83
229,1989,38.47
229,1990,16.23
229,1991,21.44
229,1992,28.65
229,1993,26.44
229,1994,27.65
229,1995,31.05
229,1996,20.03
229,1997,23.24
229,1998,16.23
229,1999,31.05
229,2000,36.06
229,2001,17.23
229,2002,22.04
229,2003,34.06
229,2004,22.74
229,2005,20.03
229,2006,24.04
229,2007,22.04
229,2008,20.03
229,2009,36.06
229,2010,70.12
229,2011,60.1
229,2012,50.09
229,2013,54.09
229,2014,76.66
229,2015,92.91
229,2016,130.42
229,2017,154.4
229,2018,80.53
229,2019,109.75
229,2020,110.99
229,2021,139.08
229,2022,127.27
229,2023,137.29
230,2001,250.22
230,2002,335.86
230,2003,299.43
230,2004,287.98
230,2005,244.12
230,2006,223.14
230,2007,106.8
230,2008,104.9
230,2009,125.87
230,2010,129.69
230,2011,106.8
230,2012,104.9
230,2013,69.42
230,2014,116.34
230,2015,123.2
230,2016,60.46
230,2017,153.72
230,2018,147.81
230,2019,75.91
230,2020,227.53
230,2021,134.08
230,2022,78.77
230,2023,36.24
234,1961,70.31
234,1962,70.31
234,1963,70.31
234,1964,70.31
234,1965,70.31
234,1966,76.36
234,1967,70.31
234,1968,70.31
234,1969,70.31
234,1970,71.01
234,1971,71.72
234,1972,71.72
234,1973,73.12
234,1974,73.12
234,1975,74.53
234,1976,74.53
234,1977,75.94
234,1978,77.34
234,1979,77.34
234,1980,77.34
234,1981,81.56
234,1982,81.56
234,1983,84.37
234,1984,84.37
234,1985,84.37
234,1986,84.37
234,1987,85.78
234,1988,78.75
234,1989,84.37
234,1990,59.91
234,1991,81.56
234,1992,84.37
234,1993,91.4
234,1994,93.46
234,1995,95.78
234,1996,98.44
234,1997,98.94
234,1998,100
234,1999,101.25
234,2000,112.5
234,2001,105.47
234,2002,113.9
234,2003,109.69
234,2004,106.87
234,2005,119.53
234,2006,123.75
234,2007,112.5
234,2008,119.53
234,2009,116.72
234,2010,111.21
234,2011,106.64
234,2012,98.44
234,2013,98.44
234,2014,101.25
234,2015,101.51
234,2016,97.24
234,2017,100
234,2018,98.63
234,2019,96.43
234,2020,98.35
234,2021,97.8
234,2022,97.53
234,2023,97.89
235,1992,12.63
235,1993,14.84
235,1994,14.52
235,1995,15.78
235,1996,17.05
235,1997,27.15
235,1998,44.2
235,1999,25.89
235,2000,37.88
235,2001,44.2
235,2002,68.82
235,2003,56.82
235,2004,73.87
235,2005,63.14
235,2006,80.82
235,2007,85.24
235,2008,94.71
235,2009,47.35
235,2010,63.14
235,2011,41.67
235,2012,63.14
235,2013,85.24
235,2014,96.6
235,2015,104.18
235,2016,99.22
235,2017,98.02
235,2018,99.81
235,2019,103.88
235,2020,100.57
235,2021,101.42
235,2022,101.96
235,2023,101.32
238,1993,36.44
238,1994,30.34
238,1995,43.74
238,1996,42.11
238,1997,42.09
238,1998,39.52
238,1999,33.45
238,2000,45.41
238,2001,52.94
238,2002,52.85
238,2003,50.18
238,2004,64.38
238,2005,60.21
238,2006,69.88
238,2007,80.61
238,2008,81.52
238,2009,71.34
238,2010,81.61
238,2011,83.39
238,2012,110.15
238,2013,115.82
238,2014,98.03
238,2015,99.56
238,2016,102.41
238,2017,107.51
238,2018,121.53
238,2019,117.43
238,2020,124.88
238,2021,127.32
238,2022,129.78
238,2023,134.84
249,1988,77.08
249,1989,158.62
249,1990,124.93
249,1991,72.1
249,1992,139.18
249,1993,141.26
249,1994,123.92
249,1995,125.2
249,1996,125.33
249,1997,124.67
249,1998,171.8
249,1999,70.71
249,2000,70.47
249,2001,74.71
249,2002,68.36
249,2003,66.91
249,2004,76.08
249,2005,68.17
249,2006,90.02
249,2007,106.29
249,2008,109.4
249,2009,111.74
249,2010,113.94
249,2011,112.81
249,2012,115.47
249,2013,116.67
249,2014,109.69
249,2015,96.52
249,2016,93.79
249,2017,93.23
249,2018,79.48
249,2019,83.74
249,2020,79.33
249,2021,86.39
249,2022,87.63
249,2023,83.94
255,2000,40.97
255,2001,54.62
255,2002,47.8
255,2003,64.87
255,2004,64.87
255,2005,75.11
255,2006,61.45
255,2007,64.87
255,2008,51.21
255,2009,81.94
255,2010,88.77
255,2011,82.55
255,2012,75.89
255,2013,75.11
255,2014,92.36
255,2015,90.13
255,2016,117.51
255,2017,117.27
255,2018,151.93
255,2019,192.21
255,2020,171.73
255,2021,168.65
255,2022,192.21
255,2023,120.86
256,2001,131.86
256,2002,246.85
256,2003,160.48
256,2004,147.7
256,2005,194.72
256,2006,139.01
256,2007,55.2
256,2008,72.06
256,2009,138.5
256,2010,63.88
256,2011,56.96
256,2012,41.4
256,2013,82.28
256,2014,135.95
256,2015,83.3
256,2016,80.75
256,2017,44.97
256,2018,102.21
256,2019,76.66
256,2020,86.88
256,2021,46
256,2022,97.1
256,2023,40.89
27,1961,424.7
27,1962,997.59
27,1963,2183.13
27,1964,1778.31
27,1965,356.02
27,1966,234.94
27,1967,121.08
27,1968,200.6
27,1969,108.43
27,1970,113.86
27,1971,36.14
27,1972,113.86
27,1973,180.72
27,1974,150
27,1975,104.82
27,1976,88.55
27,1977,113.86
27,1978,133.73
27,1979,159.04
27,1990,54.22
27,1991,61.15
27,1992,90.36
27,1993,54.22
27,1994,54.74
27,1995,54.22
27,1996,54.06
27,1997,54.22
27,1998,63.28
27,1999,49.86
27,2000,32.66
27,2001,41.9
27,2002,39.21
27,2003,42.07
27,2004,42.12
27,2005,37.42
27,2006,40.62
27,2007,41.64
27,2008,33.86
27,2009,56.02
27,2010,21.69
27,2011,9.04
27,2012,3.61
27,2014,36.14
27,2015,63.25
27,2016,200.6
27,2017,14.46
27,2018,4481.93
27,2019,3361.45
276,2012,136.79
276,2013,136.89
276,2014,101.01
276,2015,92.93
276,2016,106.06
276,2017,128.2
276,2018,137.17
276,2019,144.03
276,2020,151.23
276,2021,154.38
276,2022,151.12
276,2023,156.96
299,1995,605.59
299,1996,397.2
299,1997,73.08
299,1998,75.35
299,1999,31.47
299,2000,80.94
299,2001,21.68
299,2002,54.55
299,2003,55.59
299,2004,79.55
299,2005,101.22
299,2006,101.22
299,2007,97.55
299,2008,69.76
299,2009,59.44
299,2010,19.23
299,2011,15.24
299,2012,23.7
299,2013,19.53
299,2014,14.86
299,2015,25.7
299,2016,259.44
299,2017,100
299,2018,274.48
299,2019,45.45
299,2020,45.45
299,2021,54.55
299,2022,54.72
299,2023,51.7
3,1995,48.16
3,1996,144.47
3,1997,96.31
3,1998,99.08
3,1999,100.39
3,2000,100.59
3,2001,93.28
3,2002,96.46
3,2003,96.45
3,2004,96.82
3,2005,97.31
3,2006,97.59
3,2007,97.84
3,2008,99.15
3,2009,101.42
3,2010,96.31
3,2011,99.02
3,2012,105.94
3,2013,96.31
3,2014,99.79
3,2015,100.22
3,2016,100
3,2017,100.14
3,2018,100.27
3,2019,100.34
3,2020,100.55
3,2021,100.03
3,2022,100.12
3,2023,100.21
32,1988,25.95
32,1989,25.95
32,1999,63.44
32,2000,69.46
32,2001,70.87
32,2002,72.29
32,2003,73.73
32,2004,75.2
32,2005,76.69
32,2006,78.21
32,2007,79.76
32,2008,81.35
32,2009,82.97
32,2010,80.44
32,2011,90.53
32,2012,103.79
32,2013,98.6
32,2014,97.11
32,2015,100.03
32,2016,102.86
32,2017,100
32,2018,100.4
32,2019,102.6
32,2020,101
32,2021,101.33
32,2022,101.65
32,2023,101.33
351,1961,223.86
351,1962,289.7
351,1963,230.44
351,1964,246.9
351,1965,245.91
351,1966,184.35
351,1967,184.35
351,1968,164.6
351,1969,158.02
351,1970,177.77
351,1971,171.18
351,1972,158.02
351,1973,164.6
351,1974,158.02
351,1975,158.02
351,1976,164.6
351,1977,158.02
351,1978,171.18
351,1979,177.77
351,1980,177.77
351,1981,164.6
351,1982,171.18
351,1983,151.43
351,1984,159.66
351,1985,144.85
351,1986,144.85
351,1987,144.85
351,1988,171.18
351,1989,138.26
351,1990,167.89
351,1991,82.3
351,1992,65.84
351,1993,115.22
351,1994,131.68
351,1995,117.85
351,1996,115.22
351,1997,100.08
351,1998,120.29
351,1999,117.2
351,2000,117.72
351,2001,128.39
351,2002,138.26
351,2003,141.03
351,2004,118.91
351,2005,131.68
351,2006,113.9
351,2007,106.66
351,2008,118.51
351,2009,108.64
351,2010,92.18
351,2011,114.17
351,2012,106.13
351,2013,95.86
351,2014,94.07
351,2015,98.76
351,2016,107.17
351,2017,118.71
351,2018,118.91
351,2019,112.94
351,2020,111.36
351,2021,111.36
351,2022,111.6
351,2023,111.84
4,1961,26.59
4,1962,38.63
4,1963,41.05
4,1964,50.91
4,1965,38.41
4,1966,33.57
4,1967,36.57
4,1968,33.3
4,1969,34.9
4,1970,41.61
4,1971,61.1
4,1972,42.88
4,1973,43.91
4,1974,55
4,1975,82.65
4,1976,83.13
4,1977,69.33
4,1978,72.33
4,1979,66.13
4,1980,68.27
4,1981,64.05
4,1982,47.17
4,1983,50.97
4,1984,63.13
4,1985,76.28
4,1986,99.06
4,1987,79.63
4,1988,37.43
4,1989,55.92
4,1990,39.18
4,1991,78.64
4,1992,75.22
4,1993,49.02
4,1994,46.23
4,1995,51.8
4,1996,89.24
4,1997,21.89
4,1998,51.56
4,1999,52.41
4,2000,31.14
4,2001,51.26
4,2002,55.37
4,2003,74.13
4,2004,77.4
4,2005,64.92
4,2006,58.67
4,2007,67.55
4,2008,56.79
4,2009,88.12
4,2010,88.44
4,2011,91.71
4,2012,97.81
4,2013,102.35
4,2014,99.94
4,2015,108.19
4,2016,91.87
4,2017,113.14
4,2018,132.51
4,2019,133.46
4,2020,120.38
4,2021,95.69
4,2022,107.82
4,2023,120.35
41,1961,223.86
41,1962,289.7
41,1963,230.44
41,1964,246.9
41,1965,245.91
41,1966,184.35
41,1967,184.35
41,1968,164.6
41,1969,158.02
41,1970,177.77
41,1971,171.18
41,1972,158.02
41,1973,164.6
41,1974,158.02
41,1975,158.02
41,1976,164.6
41,1977,158.02
41,1978,171.18
41,1979,177.77
41,1980,177.77
41,1981,164.6
41,1982,171.18
41,1983,151.43
41,1984,159.66
41,1985,144.85
41,1986,144.85
41,1987,144.85
41,1988,171.18
41,1989,138.26
41,1990,167.89
41,1991,82.3
41,1992,65.84
41,1993,115.22
41,1994,131.68
41,1995,117.85
41,1996,115.22
41,1997,100.08
41,1998,120.29
41,1999,117.2
41,2000,117.72
41,2001,128.39
41,2002,138.26
41,2003,141.03
41,2004,118.91
41,2005,131.68
41,2006,113.9
41,2007,106.66
41,2008,118.51
41,2009,108.64
41,2010,92.18
41,2011,114.17
41,2012,106.13
41,2013,95.86
41,2014,94.07
41,2015,98.76
41,2016,107.17
41,2017,118.71
41,2018,118.91
41,2019,112.94
41,2020,111.36
41,2021,111.36
41,2022,111.6
41,2023,111.84
44,1997,282.4
44,1998,192.24
44,1999,270.94
44,2000,275.68
44,2001,202.81
44,2002,60.03
44,2003,80.24
44,2004,186.36
44,2005,222.7
44,2006,249.16
44,2007,268.91
44,2008,269.82
44,2009,72.26
44,2010,67.55
44,2011,89.77
44,2012,156.21
44,2013,111.17
44,2014,88.72
44,2015,94.95
44,2016,116.33
44,2017,111.48
44,2018,135.91
44,2019,135.64
44,2020,181.43
44,2021,84.17
44,2022,100.41
44,2023,172.85
50,1961,662.79
50,1962,690.7
50,1963,585.27
50,1964,485.66
50,1965,776.74
50,1966,556.2
50,1967,748.06
50,1968,374.03
50,1969,787.6
50,1970,669.38
50,1971,1181.4
50,1972,984.5
50,1973,708.91
50,1974,886.05
50,1975,590.7
50,1976,689.15
50,1977,551.16
50,1978,787.6
50,1979,708.91
50,1980,866.28
50,1981,708.91
50,1982,590.7
50,1983,503.88
50,1984,639.53
50,1985,872.09
50,1986,891.47
50,1987,620.16
50,1988,387.6
50,1989,193.8
50,1990,271.32
50,1991,193.8
50,1992,329.46
50,1993,290.7
50,1994,193.8
50,1995,271.32
50,1996,251.94
50,1997,174.42
50,1998,166.67
50,1999,213.18
50,2000,135.66
50,2001,127.91
50,2002,131.78
50,2003,147.29
50,2004,152.71
50,2005,140.7
50,2006,141.86
50,2007,122.09
50,2008,117.44
50,2009,125.19
50,2010,122.48
50,2011,118.6
50,2012,132.56
50,2013,131.4
50,2014,92.25
50,2015,103.1
50,2016,104.65
50,2017,84.5
50,2018,89.15
50,2019,81.4
50,2020,73.64
50,2021,89.15
50,2022,73.64
50,2023,81.4
5000,1961,102.45
5000,1962,131.2
5000,1963,112.44
5000,1964,117.58
5000,1965,118.17
5000,1966,98.11
5000,1967,96.15
5000,1968,91
5000,1969,90.18
5000,1970,95.66
5000,1971,94.6
5000,1972,94.25
5000,1973,89.76
5000,1974,90.18
5000,1975,89.8
5000,1976,87.38
5000,1977,83.81
5000,1978,90.84
5000,1979,94.8
5000,1980,95.08
5000,1981,86.2
5000,1982,91.06
5000,1983,88.36
5000,1984,90.99
5000,1985,85.17
5000,1986,85.96
5000,1987,89.62
5000,1988,98.53
5000,1989,89.32
5000,1990,91.98
5000,1991,71.09
5000,1992,58.67
5000,1993,74.8
5000,1994,76.92
5000,1995,76.64
5000,1996,78.12
5000,1997,72.56
5000,1998,80.82
5000,1999,75.55
5000,2000,80.14
5000,2001,88.03
5000,2002,91.83
5000,2003,96.36
5000,2004,91.6
5000,2005,94.44
5000,2006,86.91
5000,2007,84.98
5000,2008,89.34
5000,2009,92.21
5000,2010,94.89
5000,2011,97.27
5000,2012,98.42
5000,2013,95.12
5000,2014,94.37
5000,2015,98.39
5000,2016,107.24
5000,2017,120.11
5000,2018,117.62
5000,2019,113.19
5000,2020,120.4
5000,2021,126.92
5000,2022,129.48
5000,2023,128.49
5100,1961,35.26
5100,1962,53.11
5100,1963,50.35
5100,1964,60.91
5100,1965,60.2
5100,1966,61.73
5100,1967,48.42
5100,1968,61.6
5100,1969,61.87
5100,1970,63.59
5100,1971,68.15
5100,1972,80.99
5100,1973,67.48
5100,1974,74.11
5100,1975,65.76
5100,1976,66.63
5100,1977,60.99
5100,1978,61.08
5100,1979,70.87
5100,1980,72.12
5100,1981,64.36
5100,1982,71.65
5100,1983,86.59
5100,1984,71.92
5100,1985,69.86
5100,1986,66.68
5100,1987,67.78
5100,1988,71.79
5100,1989,76.47
5100,1990,73.87
5100,1991,91.16
5100,1992,69.27
5100,1993,68.18
5100,1994,64.57
5100,1995,74.1
5100,1996,86.84
5100,1997,82.18
5100,1998,87.08
5100,1999,63.99
5100,2000,74.15
5100,2001,86.32
5100,2002,88.56
5100,2003,87.39
5100,2004,96.83
5100,2005,82.48
5100,2006,97.49
5100,2007,102.77
5100,2008,99.54
5100,2009,99.73
5100,2010,102.7
5100,2011,103.06
5100,2012,116.71
5100,2013,122.4
5100,2014,105.1
5100,2015,97.71
5100,2016,97.18
5100,2017,112.52
5100,2018,123.89
5100,2019,115.64
5100,2020,118.57
5100,2021,127.21
5100,2022,120.97
5100,2023,124.31
5101,1961,23.9
5101,1962,24.48
5101,1963,25.65
5101,1964,27.98
5101,1965,27.98
5101,1966,32.06
5101,1967,32.65
5101,1968,33.81
5101,1969,34.39
5101,1970,34.98
5101,1971,36.14
5101,1972,37.31
5101,1973,38.48
5101,1974,34.37
5101,1975,32.89
5101,1976,27.96
5101,1977,39.61
5101,1978,32.84
5101,1979,47.5
5101,1980,56.95
5101,1981,54.72
5101,1982,54.79
5101,1983,70.06
5101,1984,45.31
5101,1985,31
5101,1986,27.2
5101,1987,34.47
5101,1988,29.16
5101,1989,30.07
5101,1990,32.58
5101,1991,43.46
5101,1992,38.06
5101,1993,36.5
5101,1994,30.56
5101,1995,44.07
5101,1996,42.56
5101,1997,42.31
5101,1998,39.86
5101,1999,33.67
5101,2000,45.6
5101,2001,53.11
5101,2002,53.03
5101,2003,50.36
5101,2004,64.56
5101,2005,60.42
5101,2006,70.08
5101,2007,80.75
5101,2008,81.69
5101,2009,71.33
5101,2010,81.65
5101,2011,83.37
5101,2012,110.12
5101,2013,115.79
5101,2014,98.04
5101,2015,99.56
5101,2016,102.4
5101,2017,107.51
5101,2018,121.52
5101,2019,117.42
5101,2020,124.87
5101,2021,127.31
5101,2022,129.76
5101,2023,134.82
5102,1988,25.95
5102,1989,25.95
5102,1999,63.44
5102,2000,69.46
5102,2001,70.87
5102,2002,72.29
5102,2003,73.73
5102,2004,75.2
5102,2005,76.69
5102,2006,78.21
5102,2007,79.76
5102,2008,81.35
5102,2009,82.97
5102,2010,80.44
5102,2011,90.53
5102,2012,103.79
5102,2013,98.6
5102,2014,97.11
5102,2015,100.03
5102,2016,102.86
5102,2017,100
5102,2018,100.4
5102,2019,102.6
5102,2020,101
5102,2021,101.33
5102,2022,101.65
5102,2023,101.33
5103,1961,58.03
5103,1962,110.47
5103,1963,99.83
5103,1964,126.87
5103,1965,124.76
5103,1966,121.2
5103,1967,80.06
5103,1968,117.29
5103,1969,116.94
5103,1970,120.95
5103,1971,132.3
5103,1972,168.51
5103,1973,125.59
5103,1974,153.7
5103,1975,131.6
5103,1976,144.05
5103,1977,103.82
5103,1978,117.6
5103,1979,117.71
5103,1980,102.6
5103,1981,83.74
5103,1982,105.48
5103,1983,119.84
5103,1984,125.25
5103,1985,147.63
5103,1986,145.67
5103,1987,134.44
5103,1988,157.1
5103,1989,169.3
5103,1990,156.48
5103,1991,186.66
5103,1992,131.74
5103,1993,131.6
5103,1994,132.6
5103,1995,134.22
5103,1996,175.47
5103,1997,161.99
5103,1998,181.59
5103,1999,124.61
5103,2000,131.24
5103,2001,152.75
5103,2002,159.57
5103,2003,161.36
5103,2004,161.31
5103,2005,126.51
5103,2006,152.25
5103,2007,146.8
5103,2008,135.16
5103,2009,156.44
5103,2010,144.71
5103,2011,142.41
5103,2012,129.99
5103,2013,135.72
5103,2014,119.25
5103,2015,94.01
5103,2016,86.75
5103,2017,122.59
5103,2018,128.73
5103,2019,112.16
5103,2020,106.09
5103,2021,127.14
5103,2022,103.5
5103,2023,103.42
5105,1961,21.52
5105,1962,21.52
5105,1963,21.52
5105,1964,21.52
5105,1965,21.52
5105,1966,22.96
5105,1967,23.67
5105,1968,24.39
5105,1969,25.11
5105,1970,25.11
5105,1971,28.7
5105,1972,28.7
5105,1973,35.87
5105,1974,35.87
5105,1975,35.87
5105,1976,39.46
5105,1977,39.46
5105,1978,43.04
5105,1979,43.04
5105,1980,43.04
5105,1981,43.04
5105,1982,46.63
5105,1983,46.63
5105,1984,43.04
5105,1985,48.78
5105,1986,49.5
5105,1987,50.22
5105,1988,51.65
5105,1989,53.81
5105,1990,55.96
5105,1991,57.39
5105,1992,57.39
5105,1993,54.52
5105,1994,57.39
5105,1995,61.6
5105,1996,63.11
5105,1997,62.75
5105,1998,63.68
5105,1999,61.52
5105,2000,64.57
5105,2001,71.74
5105,2002,86.09
5105,2003,96.85
5105,2004,103.31
5105,2005,99
5105,2006,107.61
5105,2007,103.31
5105,2008,111.91
5105,2009,120.52
5105,2010,129.13
5105,2011,111.19
5105,2012,89.68
5105,2013,93.26
5105,2014,99.14
5105,2015,102.55
5105,2016,98.32
5105,2017,95.15
5105,2018,98.67
5105,2019,101.28
5105,2020,95.65
5105,2021,93.79
5105,2022,92.69
5105,2023,94.04
52,1992,3920.97
52,1993,3647.42
52,1994,5015.2
52,1995,4194.53
52,1996,2553.19
52,1997,2735.56
52,1998,2462.01
52,1999,911.85
52,2000,683.89
52,2001,683.89
52,2002,729.48
52,2003,638.3
52,2004,547.11
52,2005,820.67
52,2006,729.48
52,2007,364.74
52,2008,91.19
52,2009,121.28
52,2010,102.13
52,2011,131.31
52,2012,134.04
52,2013,111.25
52,2014,95.74
52,2015,107.6
52,2016,96.66
52,2017,106.41
52,2018,122.83
52,2019,122.28
52,2020,252.4
52,2021,116.44
52,2022,106.78
52,2023,100.4
5200,1961,67.14
5200,1962,74.25
5200,1963,83.79
5200,1964,80.57
5200,1965,84.61
5200,1966,85.13
5200,1967,94.02
5200,1968,84.56
5200,1969,80.58
5200,1970,77.47
5200,1971,95.09
5200,1972,103.94
5200,1973,88.5
5200,1974,81.21
5200,1975,86.52
5200,1976,83.08
5200,1977,79.55
5200,1978,83.79
5200,1979,89.3
5200,1980,88.6
5200,1981,57.47
5200,1982,89.31
5200,1983,67.77
5200,1984,93.06
5200,1985,103.47
5200,1986,71.42
5200,1987,70.26
5200,1988,74.14
5200,1989,75.4
5200,1990,56.41
5200,1991,77.34
5200,1992,62.58
5200,1993,53.56
5200,1994,58.59
5200,1995,62.7
5200,1996,63.81
5200,1997,66.92
5200,1998,65.95
5200,1999,68.17
5200,2000,84.38
5200,2001,75.95
5200,2002,78.74
5200,2003,82.33
5200,2004,83.31
5200,2005,86.14
5200,2006,92.96
5200,2007,97.74
5200,2008,96.13
5200,2009,90.19
5200,2010,85.23
5200,2011,86.61
5200,2012,92.55
5200,2013,100.02
5200,2014,101.33
5200,2015,101.24
5200,2016,97.43
5200,2017,99.78
5200,2018,105.71
5200,2019,104.02
5200,2020,111.39
5200,2021,105.22
5200,2022,100.78
5200,2023,100.38
5204,1961,50.12
5204,1962,59.39
5204,1963,72.55
5204,1964,73.13
5204,1965,74.41
5204,1966,73.56
5204,1967,73
5204,1968,65.6
5204,1969,59.21
5204,1970,60.57
5204,1971,75.65
5204,1972,75.6
5204,1973,73.25
5204,1974,50.28
5204,1975,73.84
5204,1976,84.36
5204,1977,65.09
5204,1978,89.57
5204,1979,125.97
5204,1980,147.59
5204,1981,43.99
5204,1982,105.19
5204,1983,73.62
5204,1984,117.09
5204,1985,167.05
5204,1986,40.39
5204,1987,41.81
5204,1988,47.08
5204,1989,49.64
5204,1990,47.33
5204,1991,61.17
5204,1992,55.61
5204,1993,32.47
5204,1994,32.98
5204,1995,48.11
5204,1996,35.56
5204,1997,31.37
5204,1998,33.5
5204,1999,36.18
5204,2000,49.94
5204,2001,53.86
5204,2002,66.86
5204,2003,65.65
5204,2004,55.22
5204,2005,57.58
5204,2006,62.17
5204,2007,71.95
5204,2008,75.26
5204,2009,61.05
5204,2010,67.3
5204,2011,53.05
5204,2012,77.5
5204,2013,95.14
5204,2014,95.82
5204,2015,99.94
5204,2016,104.24
5204,2017,96.04
5204,2018,102.81
5204,2019,92.2
5204,2020,105.27
5204,2021,106.45
5204,2022,82.66
5204,2023,90.92
5206,1961,28.03
5206,1962,29.58
5206,1963,30.98
5206,1964,38.34
5206,1965,37.84
5206,1966,35.83
5206,1967,37.38
5206,1968,38.92
5206,1969,41.09
5206,1970,42.65
5206,1971,43.74
5206,1972,46.13
5206,1973,46.52
5206,1974,47.12
5206,1975,47.02
5206,1976,47.19
5206,1977,52.94
5206,1978,54.87
5206,1979,56.32
5206,1980,60.51
5206,1981,70.6
5206,1982,78.2
5206,1983,91.91
5206,1984,95.54
5206,1985,97.18
5206,1986,99.19
5206,1987,107.26
5206,1988,108.58
5206,1989,111.07
5206,1990,112.09
5206,1991,119.73
5206,1992,120.44
5206,1993,121.53
5206,1994,136.95
5206,1995,137.45
5206,1996,123.99
5206,1997,89.59
5206,1998,77.7
5206,1999,78.63
5206,2000,81.89
5206,2001,84.46
5206,2002,86.08
5206,2003,85.33
5206,2004,85.96
5206,2005,83.31
5206,2006,85.38
5206,2007,87.55
5206,2008,92.44
5206,2009,98.07
5206,2010,109.26
5206,2011,104.68
5206,2012,109.87
5206,2013,104.65
5206,2014,95.84
5206,2015,103.08
5206,2016,101.07
5206,2017,99.68
5206,2018,101.21
5206,2019,100.14
5206,2020,98.07
5206,2021,74.43
5206,2022,61.31
5206,2023,52.23
5207,1961,78.64
5207,1962,85.29
5207,1963,93.96
5207,1964,87.99
5207,1965,93.73
5207,1966,95.12
5207,1967,109.01
5207,1968,97.57
5207,1969,94.1
5207,1970,88.5
5207,1971,108.86
5207,1972,122.38
5207,1973,99.47
5207,1974,98.57
5207,1975,96.08
5207,1976,85.92
5207,1977,88.69
5207,1978,83.92
5207,1979,75.74
5207,1980,64.39
5207,1981,62.36
5207,1982,74.32
5207,1983,52
5207,1984,71.87
5207,1985,65.83
5207,1986,70.72
5207,1987,61.17
5207,1988,70.26
5207,1989,72.28
5207,1990,51.85
5207,1991,66.85
5207,1992,52
5207,1993,52.86
5207,1994,57.79
5207,1995,57.95
5207,1996,66.88
5207,1997,77.8
5207,1998,69.55
5207,1999,76.98
5207,2000,89
5207,2001,77.71
5207,2002,76.77
5207,2003,83.48
5207,2004,84.61
5207,2005,92.23
5207,2006,95.96
5207,2007,102.46
5207,2008,106
5207,2009,102.72
5207,2010,91.11
5207,2011,100.19
5207,2012,97.75
5207,2013,101.81
5207,2014,104.37
5207,2015,101.65
5207,2016,93.98
5207,2017,101.49
5207,2018,107.46
5207,2019,109.79
5207,2020,115.45
5207,2021,107.6
5207,2022,112.81
5207,2023,109.29
5300,1961,216.59
5300,1962,278.95
5300,1963,222.17
5300,1964,237.52
5300,1965,237.12
5300,1966,179.11
5300,1967,179.17
5300,1968,159.99
5300,1969,153.72
5300,1970,171.97
5300,1971,165.96
5300,1972,153.68
5300,1973,159.5
5300,1974,153.79
5300,1975,153.59
5300,1976,159.78
5300,1977,153.65
5300,1978,166.26
5300,1979,171.98
5300,1980,172.19
5300,1981,160.01
5300,1982,166.71
5300,1983,148.58
5300,1984,156.23
5300,1985,141.72
5300,1986,142.83
5300,1987,142.89
5300,1988,167.87
5300,1989,136.4
5300,1990,164.22
5300,1991,85.67
5300,1992,69.78
5300,1993,117.13
5300,1994,132.17
5300,1995,119.12
5300,1996,116.27
5300,1997,102.21
5300,1998,120.86
5300,1999,117.39
5300,2000,117.53
5300,2001,126.53
5300,2002,136.97
5300,2003,139.58
5300,2004,119.27
5300,2005,130.42
5300,2006,113.42
5300,2007,107.14
5300,2008,119.02
5300,2009,109.03
5300,2010,94.09
5300,2011,113.52
5300,2012,105.86
5300,2013,95.92
5300,2014,94.9
5300,2015,98.7
5300,2016,106.4
5300,2017,117.45
5300,2018,117.53
5300,2019,111.33
5300,2020,109.87
5300,2021,110.03
5300,2022,109.49
5300,2023,109.8
5301,1992,12.63
5301,1993,14.84
5301,1994,14.52
5301,1995,15.78
5301,1996,17.05
5301,1997,27.15
5301,1998,44.2
5301,1999,25.89
5301,2000,37.88
5301,2001,44.2
5301,2002,68.82
5301,2003,56.82
5301,2004,73.87
5301,2005,63.14
5301,2006,80.82
5301,2007,85.24
5301,2008,94.71
5301,2009,47.35
5301,2010,63.14
5301,2011,41.67
5301,2012,63.14
5301,2013,85.24
5301,2014,96.6
5301,2015,104.18
5301,2016,99.22
5301,2017,98.02
5301,2018,99.81
5301,2019,103.88
5301,2020,100.57
5301,2021,101.42
5301,2022,101.96
5301,2023,101.32
5302,1961,225.3
5302,1962,291.16
5302,1963,230.97
5302,1964,248.05
5302,1965,247.02
5302,1966,185.34
5302,1967,185.05
5302,1968,165.3
5302,1969,158.58
5302,1970,178.28
5302,1971,171.65
5302,1972,158.33
5302,1973,164.82
5302,1974,158.19
5302,1975,158.17
5302,1976,164.74
5302,1977,158.16
5302,1978,171.3
5302,1979,177.87
5302,1980,177.85
5302,1981,164.69
5302,1982,171.27
5302,1983,151.51
5302,1984,159.73
5302,1985,144.9
5302,1986,144.9
5302,1987,144.89
5302,1988,171.23
5302,1989,138.3
5302,1990,167.92
5302,1991,82.33
5302,1992,65.86
5302,1993,115.24
5302,1994,131.69
5302,1995,117.86
5302,1996,115.23
5302,1997,100.08
5302,1998,120.3
5302,1999,117.2
5302,2000,117.73
5302,2001,128.39
5302,2002,138.26
5302,2003,141.03
5302,2004,118.91
5302,2005,131.68
5302,2006,113.9
5302,2007,106.66
5302,2008,118.51
5302,2009,108.64
5302,2010,92.18
5302,2011,114.17
5302,2012,106.14
5302,2013,95.86
5302,2014,94.07
5302,2015,98.76
5302,2016,107.17
5302,2017,118.71
5302,2018,118.91
5302,2019,112.94
5302,2020,111.36
5302,2021,111.36
5302,2022,111.6
5302,2023,111.84
5303,1991,126.08
5303,1992,66.72
5303,1993,125.22
5303,1994,126.04
5303,1995,117.09
5303,1996,118.23
5303,1997,141.61
5303,1998,101.21
5303,1999,143.31
5303,2000,135.88
5303,2001,57.99
5303,2002,94.02
5303,2003,108.72
5303,2004,109.42
5303,2005,88.65
5303,2006,101.71
5303,2007,111.17
5303,2008,110.57
5303,2009,102.46
5303,2010,132.81
5303,2011,72.27
5303,2012,75.66
5303,2013,70.19
5303,2014,114.53
5303,2015,94.63
5303,2016,90.83
5303,2017,99.86
5303,2018,92
5303,2019,94.19
5303,2020,91.18
5303,2021,92.07
5303,2022,91.25
5303,2023,90.6
5305,1961,139.82
5305,1962,152.75
5305,1963,146.8
5305,1964,126.38
5305,1965,142.97
5305,1966,141.97
5305,1967,151.71
5305,1968,133.86
5305,1969,135.33
5305,1970,127.31
5305,1971,133.69
5305,1972,140.84
5305,1973,132.77
5305,1974,147.96
5305,1975,142.74
5305,1976,143.26
5305,1977,144.76
5305,1978,152.19
5305,1979,138.82
5305,1980,145.71
5305,1981,151.16
5305,1982,166.2
5305,1983,179.11
5305,1984,176.8
5305,1985,160.16
5305,1986,192.43
5305,1987,194.34
5305,1988,200.94
5305,1989,186.01
5305,1990,185.11
5305,1991,182.87
5305,1992,194.59
5305,1993,194.22
5305,1994,181.76
5305,1995,184.02
5305,1996,172.07
5305,1997,163.48
5305,1998,167.22
5305,1999,136.74
5305,2000,126.42
5305,2001,130.66
5305,2002,140.71
5305,2003,137.81
5305,2004,146.61
5305,2005,134.29
5305,2006,114.85
5305,2007,124.68
5305,2008,143.6
5305,2009,140.24
5305,2010,137.41
5305,2011,135.29
5305,2012,124.48
5305,2013,112.19
5305,2014,108.22
5305,2015,97.25
5305,2016,94.53
5305,2017,96.76
5305,2018,96.67
5305,2019,77.37
5305,2020,80.43
5305,2021,84.5
5305,2022,62.43
5305,2023,65.24
5400,1961,58.96
5400,1962,67.34
5400,1963,70.98
5400,1964,60.39
5400,1965,63.16
5400,1966,60.63
5400,1967,65.33
5400,1968,58.74
5400,1969,64.06
5400,1970,60.02
5400,1971,56.15
5400,1972,55.96
5400,1973,48.1
5400,1974,51.42
5400,1975,57.55
5400,1976,40.18
5400,1977,41.2
5400,1978,50.32
5400,1979,46.93
5400,1980,46.34
5400,1981,41.82
5400,1982,38.59
5400,1983,40.32
5400,1984,50.76
5400,1985,46.46
5400,1986,53.89
5400,1987,65.76
5400,1988,63.11
5400,1989,63.16
5400,1990,44.47
5400,1991,45.28
5400,1992,41.23
5400,1993,40.79
5400,1994,39.04
5400,1995,38.14
5400,1996,30.73
5400,1997,32.79
5400,1998,32.49
5400,1999,37.86
5400,2000,39.66
5400,2001,39.01
5400,2002,53.12
5400,2003,57.04
5400,2004,64.07
5400,2005,61.83
5400,2006,56.44
5400,2007,48.73
5400,2008,53.67
5400,2009,71.41
5400,2010,89.81
5400,2011,77.73
5400,2012,68.3
5400,2013,65.56
5400,2014,81.45
5400,2015,102.61
5400,2016,115.94
5400,2017,129.14
5400,2018,112.57
5400,2019,126.99
5400,2020,145.29
5400,2021,146.11
5400,2022,152.68
5400,2023,146.15
5401,1961,13.51
5401,1962,18.54
5401,1963,24.48
5401,1964,18.93
5401,1965,23.43
5401,1966,19.78
5401,1967,23.12
5401,1968,14.1
5401,1969,14.28
5401,1970,11.75
5401,1971,10.21
5401,1972,10.7
5401,1973,10.36
5401,1974,34.93
5401,1975,89.54
5401,1976,29.13
5401,1977,110.15
5401,1978,120.75
5401,1979,84.08
5401,1980,82.53
5401,1981,59.52
5401,1982,48.13
5401,1983,35.87
5401,1984,34.59
5401,1985,33.01
5401,1986,24.01
5401,1987,34.7
5401,1988,25.32
5401,1989,31.95
5401,1990,38.97
5401,1991,49.53
5401,1992,31.46
5401,1993,41.98
5401,1994,34.21
5401,1995,39.89
5401,1996,28.99
5401,1997,34.3
5401,1998,29.39
5401,1999,33.44
5401,2000,34.13
5401,2001,44.84
5401,2002,36.78
5401,2003,55.46
5401,2004,77.32
5401,2005,67.05
5401,2006,66.77
5401,2007,33.24
5401,2008,40.87
5401,2009,37.98
5401,2010,29.64
5401,2011,58.38
5401,2012,57.03
5401,2013,43.35
5401,2014,64.16
5401,2015,118.85
5401,2016,116.99
5401,2017,118.91
5401,2018,140.68
5401,2019,109.14
5401,2020,130.68
5401,2021,148.64
5401,2022,144.21
5401,2023,132.73
5402,1961,4.07
5402,1962,2.26
5402,1963,2.36
5402,1964,2.31
5402,1965,1.24
5402,1966,0.16
5402,1967,2.51
5402,1968,5.02
5402,1969,9.26
5402,1970,9.41
5402,1971,5.96
5402,1972,15.39
5402,1973,13.36
5402,1974,8.89
5402,1975,18.29
5402,1976,4.13
5402,1977,5.22
5402,1978,9.29
5402,1979,15.53
5402,1980,10.82
5402,1981,12.71
5402,1982,3.61
5402,1983,3.61
5402,1984,3.14
5402,1985,8.63
5402,1986,16
5402,1987,20.71
5402,1988,12.52
5402,1989,31.35
5402,1990,13.48
5402,1991,17.57
5402,1992,23.85
5402,1993,23.45
5402,1994,24.29
5402,1995,26.98
5402,1996,18.36
5402,1997,20.87
5402,1998,18.28
5402,1999,28.24
5402,2000,29.84
5402,2001,15.53
5402,2002,19.59
5402,2003,29.4
5402,2004,21.3
5402,2005,20.21
5402,2006,23.25
5402,2007,20.63
5402,2008,19.33
5402,2009,35.44
5402,2010,63.07
5402,2011,57.67
5402,2012,51.39
5402,2013,55.83
5402,2014,72.38
5402,2015,98.64
5402,2016,128.97
5402,2017,151.8
5402,2018,125.22
5402,2019,152
5402,2020,178.08
5402,2021,172.73
5402,2022,192.4
5402,2023,185.09
5403,1961,385.92
5403,1962,449.72
5403,1963,482.23
5403,1964,397.53
5403,1965,418.22
5403,1966,397.29
5403,1967,414.03
5403,1968,361.98
5403,1969,400.72
5403,1970,381.85
5403,1971,364.08
5403,1972,346.51
5403,1973,278.13
5403,1974,303.98
5403,1975,282.64
5403,1976,259.23
5403,1977,215.3
5403,1978,260.36
5403,1979,223.34
5403,1980,241.18
5403,1981,192.25
5403,1982,182.55
5403,1983,161.69
5403,1984,201.51
5403,1985,181.95
5403,1986,169.41
5403,1987,168.9
5403,1988,150.19
5403,1989,137.29
5403,1990,120.96
5403,1991,151.19
5403,1992,134.72
5403,1993,104.44
5403,1994,97.54
5403,1995,89.27
5403,1996,78.39
5403,1997,71.72
5403,1998,71.54
5403,1999,65.2
5403,2000,74.26
5403,2001,72.57
5403,2002,87.54
5403,2003,94.32
5403,2004,115.44
5403,2005,102.8
5403,2006,105.45
5403,2007,106.32
5403,2008,108.23
5403,2009,102.56
5403,2010,110.44
5403,2011,94.74
5403,2012,91.36
5403,2013,78.8
5403,2014,83.77
5403,2015,105.48
5403,2016,110.75
5403,2017,101.88
5403,2018,118.13
5403,2019,119.23
5403,2020,120.13
5403,2021,112.17
5403,2022,96.29
5403,2023,97.2
5404,1961,38.34
5404,1962,43.69
5404,1963,42.07
5404,1964,40.3
5404,1965,42.37
5404,1966,44.43
5404,1967,48.81
5404,1968,44.62
5404,1969,40.71
5404,1970,35
5404,1971,34.97
5404,1972,25.54
5404,1973,28.64
5404,1974,31.69
5404,1975,32.13
5404,1976,21.04
5404,1977,21.03
5404,1978,24.94
5404,1979,25.41
5404,1980,24.95
5404,1981,30.2
5404,1982,40.43
5404,1983,56.1
5404,1984,75.85
5404,1985,60.85
5404,1986,79.1
5404,1987,107.12
5404,1988,120.55
5404,1989,93.89
5404,1990,67.53
5404,1991,50.4
5404,1992,37.33
5404,1993,45.24
5404,1994,42.52
5404,1995,37.11
5404,1996,33.64
5404,1997,37.47
5404,1998,41.75
5404,1999,44.3
5404,2000,44.04
5404,2001,63.13
5404,2002,97.73
5404,2003,88.06
5404,2004,110.97
5404,2005,112.4
5404,2006,89.55
5404,2007,76.13
5404,2008,91.56
5404,2009,124.78
5404,2010,137.98
5404,2011,107.76
5404,2012,89.38
5404,2013,81.09
5404,2014,98.8
5404,2015,104.44
5404,2016,96.76
5404,2017,104.99
5404,2018,84.33
5404,2019,93.67
5404,2020,105.13
5404,2021,115.31
5404,2022,111.41
5404,2023,104.5
5500,1961,0.05
5500,1962,0.14
5500,1963,0.1
5500,1964,0.05
5500,1965,0.07
5500,1966,0.08
5500,1967,0.04
5500,1968,0.03
5500,1969,0.03
5500,1970,0.03
5500,1971,0.03
5500,1972,0.03
5500,1973,0.04
5500,1974,0.03
5500,1975,1.17
5500,1976,1.6
5500,1977,0.89
5500,1978,1.74
5500,1979,1.74
5500,1980,2.46
5500,1981,2.61
5500,1982,2.96
5500,1983,1.74
5500,1984,2.99
5500,1985,8.32
5500,1986,18.23
5500,1987,21.12
5500,1988,18.58
5500,1989,21.33
5500,1990,17.45
5500,1991,18.67
5500,1992,28.69
5500,1993,39.13
5500,1994,14.49
5500,1995,36.98
5500,1996,49.51
5500,1997,47.16
5500,1998,56.32
5500,1999,65.62
5500,2000,73.33
5500,2001,101.45
5500,2002,42.7
5500,2003,80.29
5500,2004,48.55
5500,2005,95.36
5500,2006,31.3
5500,2007,40
5500,2008,39.06
5500,2009,62.98
5500,2010,94.02
5500,2011,77.71
5500,2012,109.33
5500,2013,94.98
5500,2014,94.98
5500,2015,82.26
5500,2016,122.76
5500,2017,140.16
5500,2018,120.46
5500,2019,67.66
5500,2020,90.72
5500,2021,147.75
5500,2022,187.31
5500,2023,184.05
5501,1961,0.05
5501,1962,0.14
5501,1963,0.1
5501,1964,0.05
5501,1965,0.07
5501,1966,0.08
5501,1967,0.04
5501,1968,0.03
5501,1969,0.03
5501,1970,0.03
5501,1971,0.03
5501,1972,0.03
5501,1973,0.04
5501,1974,0.03
5501,1975,1.17
5501,1976,1.6
5501,1977,0.89
5501,1978,1.74
5501,1979,1.74
5501,1980,2.46
5501,1981,2.61
5501,1982,2.96
5501,1983,1.74
5501,1984,2.99
5501,1985,8.32
5501,1986,18.23
5501,1987,21.12
5501,1988,18.58
5501,1989,21.33
5501,1990,17.45
5501,1991,18.67
5501,1992,28.69
5501,1993,39.13
5501,1994,14.49
5501,1995,36.98
5501,1996,49.51
5501,1997,47.16
5501,1998,56.32
5501,1999,65.62
5501,2000,73.33
5501,2001,101.45
5501,2002,42.7
5501,2003,80.29
5501,2004,48.55
5501,2005,95.36
5501,2006,31.3
5501,2007,40
5501,2008,39.06
5501,2009,62.98
5501,2010,94.02
5501,2011,77.71
5501,2012,109.33
5501,2013,94.98
5501,2014,94.98
5501,2015,82.26
5501,2016,122.76
5501,2017,140.16
5501,2018,120.46
5501,2019,67.66
5501,2020,90.72
5501,2021,147.75
5501,2022,187.31
5501,2023,184.05
56,1961,28.19
56,1962,29.76
56,1963,31.17
56,1964,38.68
56,1965,38.21
56,1966,35.79
56,1967,37.35
56,1968,38.92
56,1969,40.41
56,1970,41.97
56,1971,43.54
56,1972,45.26
56,1973,46.51
56,1974,46.98
56,1975,46.98
56,1976,46.98
56,1977,52.47
56,1978,54.03
56,1979,55.6
56,1980,60.3
56,1981,70.48
56,1982,78.31
56,1983,91.99
56,1984,95.26
56,1985,96.76
56,1986,99.33
56,1987,107.58
56,1988,109.18
56,1989,111.75
56,1990,112.31
56,1991,120.08
56,1992,120.4
56,1993,121.85
56,1994,137.58
56,1995,138.13
56,1996,124.31
56,1997,89.63
56,1998,77.7
56,1999,78.39
56,2000,82.22
56,2001,84.9
56,2002,86.72
56,2003,85.88
56,2004,86.61
56,2005,83.81
56,2006,85.71
56,2007,88.1
56,2008,93.13
56,2009,98.51
56,2010,109.85
56,2011,104.93
56,2012,110.11
56,2013,104.82
56,2014,95.88
56,2015,103.25
56,2016,100.87
56,2017,99.58
56,2018,101.12
56,2019,100.23
56,2020,98.17
56,2021,73.87
56,2022,60.52
56,2023,51.56
5707,1961,97.75
5707,1962,111.6
5707,1963,117.11
5707,1964,99.83
5707,1965,103.99
5707,1966,100.06
5707,1967,107.65
5707,1968,97.46
5707,1969,106.53
5707,1970,99.97
5707,1971,93.68
5707,1972,82.41
5707,1973,68.98
5707,1974,75.08
5707,1975,71.03
5707,1976,60.96
5707,1977,52.55
5707,1978,63.33
5707,1979,56.48
5707,1980,59.64
5707,1981,53.04
5707,1982,56.52
5707,1983,60.71
5707,1984,78.96
5707,1985,67.37
5707,1986,74.71
5707,1987,89.38
5707,1988,93.62
5707,1989,77.2
5707,1990,59.85
5707,1991,56.59
5707,1992,47.03
5707,1993,50.2
5707,1994,46.8
5707,1995,42.09
5707,1996,36.09
5707,1997,36.9
5707,1998,41.44
5707,1999,40.56
5707,2000,39.47
5707,2001,49.68
5707,2002,71.32
5707,2003,67.8
5707,2004,85.25
5707,2005,84.54
5707,2006,72.44
5707,2007,64.15
5707,2008,72.67
5707,2009,92.35
5707,2010,101.66
5707,2011,87.78
5707,2012,79.69
5707,2013,72.88
5707,2014,84.05
5707,2015,108.87
5707,2016,107.08
5707,2017,112.52
5707,2018,133.72
5707,2019,138.97
5707,2020,168.01
5707,2021,151.59
5707,2022,171.02
5707,2023,153.72
58,1961,652.76
58,1962,726.64
58,1963,634.07
58,1964,789.05
58,1965,954.28
58,1966,835.07
58,1967,797.57
58,1968,807.58
58,1969,442.56
58,1970,605.9
58,1971,599.96
58,1972,382.66
58,1973,498.64
58,1974,470.38
58,1975,630.84
58,1976,521.04
58,1977,322.95
58,1978,138.59
58,1979,163.74
58,1980,184.32
58,1981,208.02
58,1982,211.05
58,1983,190.3
58,1984,202.13
58,1985,128.98
58,1986,153.81
58,1987,143.96
58,1988,162.2
58,1989,379.22
58,1990,140.04
58,1991,158.85
58,1992,145.53
58,1993,154.01
58,1994,228.65
58,1995,153.08
58,1996,380.48
58,1997,234.74
58,1998,346.16
58,1999,158.25
58,2000,217.95
58,2001,161.48
58,2002,194.66
58,2003,222.92
58,2004,173.75
58,2005,146.74
58,2006,153.48
58,2007,191.83
58,2008,135.56
58,2009,111.9
58,2010,100.52
58,2011,258.4
58,2012,90.33
58,2013,96.97
58,2014,159.73
58,2015,88.41
58,2016,51.86
58,2017,139.19
58,2018,68.22
58,2019,67.06
58,2020,42.76
58,2021,133.63
58,2022,86.49
58,2023,58.83
5801,1961,21.69
5801,1962,22.71
5801,1963,23.19
5801,1964,25.22
5801,1965,25.44
5801,1966,28.96
5801,1967,29.69
5801,1968,30.77
5801,1969,31.18
5801,1970,31.99
5801,1971,33.32
5801,1972,36.36
5801,1973,35.26
5801,1974,32.09
5801,1975,31.61
5801,1976,28.04
5801,1977,36.76
5801,1978,32.19
5801,1979,45.15
5801,1980,53.37
5801,1981,51.53
5801,1982,51.09
5801,1983,63.67
5801,1984,47.05
5801,1985,32.63
5801,1986,28.81
5801,1987,35.14
5801,1988,30.31
5801,1989,31.96
5801,1990,33.11
5801,1991,42.94
5801,1992,37.67
5801,1993,36.62
5801,1994,33.66
5801,1995,48.9
5801,1996,46.94
5801,1997,46.88
5801,1998,45.1
5801,1999,40.46
5801,2000,54.06
5801,2001,56.37
5801,2002,62.06
5801,2003,62.31
5801,2004,74.93
5801,2005,65.1
5801,2006,78.55
5801,2007,88.15
5801,2008,86.76
5801,2009,74.93
5801,2010,87.96
5801,2011,89.76
5801,2012,113.19
5801,2013,118.11
5801,2014,98.48
5801,2015,98.78
5801,2016,102.75
5801,2017,109.75
5801,2018,122.9
5801,2019,120.16
5801,2020,127.44
5801,2021,129.98
5801,2022,131.74
5801,2023,136.8
5802,1961,0.67
5802,1962,0.65
5802,1963,0.65
5802,1964,0.73
5802,1965,0.78
5802,1966,0.8
5802,1967,0.81
5802,1968,0.72
5802,1969,0.77
5802,1970,0.8
5802,1971,1
5802,1972,1.4
5802,1973,1.28
5802,1974,1.65
5802,1975,1.81
5802,1976,1.95
5802,1977,2.83
5802,1978,2.55
5802,1979,2.22
5802,1980,2.24
5802,1981,2.01
5802,1982,1.86
5802,1983,1.27
5802,1984,2.04
5802,1985,2.22
5802,1986,1.92
5802,1987,2.07
5802,1988,2.22
5802,1989,2.46
5802,1990,2.41
5802,1991,2.07
5802,1992,2.21
5802,1993,37.16
5802,1994,32.39
5802,1995,44.61
5802,1996,42.89
5802,1997,43.38
5802,1998,41.28
5802,1999,35.4
5802,2000,46.62
5802,2001,53.98
5802,2002,54.32
5802,2003,51.72
5802,2004,65.49
5802,2005,61.84
5802,2006,70.97
5802,2007,81.37
5802,2008,82.19
5802,2009,71.79
5802,2010,81.85
5802,2011,83.23
5802,2012,108.91
5802,2013,114.61
5802,2014,97.99
5802,2015,99.77
5802,2016,102.24
5802,2017,107.13
5802,2018,120.4
5802,2019,116.58
5802,2020,123.64
5802,2021,125.94
5802,2022,128.27
5802,2023,133.05
5803,1961,26.55
5803,1962,28.01
5803,1963,29.34
5803,1964,36.31
5803,1965,35.84
5803,1966,33.94
5803,1967,35.4
5803,1968,36.86
5803,1969,38.92
5803,1970,40.39
5803,1971,41.42
5803,1972,43.69
5803,1973,44.05
5803,1974,44.63
5803,1975,44.53
5803,1976,44.69
5803,1977,50.13
5803,1978,51.96
5803,1979,53.34
5803,1980,57.3
5803,1981,66.87
5803,1982,74.05
5803,1983,87.04
5803,1984,90.48
5803,1985,92.03
5803,1986,93.94
5803,1987,101.58
5803,1988,102.83
5803,1989,105.19
5803,1990,106.15
5803,1991,113.39
5803,1992,114.06
5803,1993,115.1
5803,1994,129.7
5803,1995,130.17
5803,1996,117.42
5803,1997,84.84
5803,1998,73.59
5803,1999,74.46
5803,2000,80.19
5803,2001,82.44
5803,2002,83.71
5803,2003,82.64
5803,2004,83.01
5803,2005,81.04
5803,2006,82.39
5803,2007,85.18
5803,2008,89.96
5803,2009,95.42
5803,2010,106.11
5803,2011,101.6
5803,2012,105.87
5803,2013,100.93
5803,2014,99.06
5803,2015,103.37
5803,2016,97.57
5803,2017,97.84
5803,2018,99.74
5803,2019,98.73
5803,2020,98.95
5803,2021,75.97
5803,2022,62.79
5803,2023,54.35
5815,1961,21.49
5815,1962,22.88
5815,1963,23.21
5815,1964,25.26
5815,1965,25.47
5815,1966,28.93
5815,1967,29.74
5815,1968,30.15
5815,1969,30.7
5815,1970,31.43
5815,1971,32.83
5815,1972,36.02
5815,1973,34.39
5815,1974,31.38
5815,1975,31.12
5815,1976,28.13
5815,1977,36.36
5815,1978,32.03
5815,1979,44.47
5815,1980,52.32
5815,1981,50.57
5815,1982,50.21
5815,1983,62.1
5815,1984,46.14
5815,1985,31.95
5815,1986,28.94
5815,1987,35.18
5815,1988,31.04
5815,1989,31.72
5815,1990,32.64
5815,1991,41.88
5815,1992,37.21
5815,1993,36.41
5815,1994,33.81
5815,1995,48.52
5815,1996,46.57
5815,1997,46.4
5815,1998,45.31
5815,1999,40.44
5815,2000,53.53
5815,2001,57.33
5815,2002,63.44
5815,2003,63.57
5815,2004,76.26
5815,2005,66.52
5815,2006,79.33
5815,2007,88.01
5815,2008,88.11
5815,2009,76.05
5815,2010,88.38
5815,2011,89.98
5815,2012,112.41
5815,2013,117.25
5815,2014,98.84
5815,2015,98.88
5815,2016,102.27
5815,2017,109.5
5815,2018,122.24
5815,2019,118.84
5815,2020,126.2
5815,2021,128.18
5815,2022,129.42
5815,2023,134.48
5817,1961,34.8
5817,1962,52.29
5817,1963,49.74
5817,1964,59.67
5817,1965,58.35
5817,1966,59.86
5817,1967,47.46
5817,1968,59.48
5817,1969,59.84
5817,1970,61.38
5817,1971,64.89
5817,1972,77.76
5817,1973,64.8
5817,1974,70.86
5817,1975,61.82
5817,1976,62.57
5817,1977,57.78
5817,1978,57.7
5817,1979,67.23
5817,1980,68.49
5817,1981,61.43
5817,1982,69.14
5817,1983,83.19
5817,1984,68.75
5817,1985,66.39
5817,1986,62.71
5817,1987,64.32
5817,1988,69.94
5817,1989,74.03
5817,1990,71.32
5817,1991,87.51
5817,1992,66.1
5817,1993,66.54
5817,1994,63.72
5817,1995,72.79
5817,1996,83.96
5817,1997,81.52
5817,1998,85.79
5817,1999,63.5
5817,2000,74.52
5817,2001,85.36
5817,2002,87.68
5817,2003,86.3
5817,2004,95.02
5817,2005,82.09
5817,2006,97.11
5817,2007,102.26
5817,2008,99.75
5817,2009,99.42
5817,2010,102.18
5817,2011,102.31
5817,2012,115.9
5817,2013,121.48
5817,2014,105.13
5817,2015,97.77
5817,2016,97.1
5817,2017,111.14
5817,2018,121.89
5817,2019,114.23
5817,2020,117.35
5817,2021,126.12
5817,2022,120.03
5817,2023,122.27
59,1961,129.53
59,1962,263.86
59,1963,211.72
59,1964,294.12
59,1965,276.54
59,1966,306.21
59,1967,152.78
59,1968,228.37
59,1969,240.43
59,1970,223.54
59,1971,206.66
59,1972,291.09
59,1973,219.52
59,1974,188.97
59,1975,188.16
59,1976,205.05
59,1977,216.89
59,1978,186.91
59,1979,190.42
59,1980,171.01
59,1981,167.14
59,1982,208.77
59,1983,237.21
59,1984,217.92
59,1985,242.84
59,1986,226.76
59,1987,259.73
59,1988,291.09
59,1989,369.89
59,1990,362.66
59,1991,374.72
59,1992,307.17
59,1993,352.2
59,1994,287.07
59,1995,315.45
59,1996,355.74
59,1997,382.96
59,1998,420.66
59,1999,246.93
59,2000,284.58
59,2001,353.39
59,2002,322.38
59,2003,270.86
59,2004,265.75
59,2005,226.48
59,2006,199.01
59,2007,242.66
59,2008,198.46
59,2009,239.32
59,2010,187.78
59,2011,140.42
59,2012,113.15
59,2013,126.76
59,2014,107.89
59,2015,96.37
59,2016,95.73
59,2017,137.07
59,2018,93.63
59,2019,80.69
59,2020,100.61
59,2021,106.31
59,2022,100.6
59,2023,80.67
68,1961,22.53
68,1962,21.01
68,1963,20.36
68,1964,15.56
68,1965,16.53
68,1966,15.31
68,1967,16.05
68,1968,15.99
68,1969,16.53
68,1970,15.84
68,1971,16.07
68,1972,8.71
68,1973,12.82
68,1974,18.69
68,1975,23.68
68,1976,17.36
68,1977,18.29
68,1978,24.51
68,1979,25.91
68,1980,26.88
68,1981,34.14
68,1982,44.83
68,1983,71.16
68,1984,95.42
68,1985,57.58
68,1986,57.58
68,1987,59.64
68,1988,65.4
68,1989,49.14
68,1990,36.22
68,1991,26.51
68,1992,20.78
68,1993,21.91
68,1994,17.02
68,1995,16.04
68,1996,16.18
68,1997,17.12
68,1998,24.36
68,1999,27.47
68,2000,41.39
68,2001,64.35
68,2002,127.69
68,2003,113.21
68,2004,149.94
68,2005,153.08
68,2006,119.48
68,2007,101.17
68,2008,129.43
68,2009,180.29
68,2010,199.17
68,2011,141.84
68,2012,112.51
68,2013,100.77
68,2014,114.57
68,2015,104.07
68,2016,81.36
68,2017,81.87
68,2018,58.62
68,2019,72.96
68,2020,60.71
68,2021,75.76
68,2022,64.92
68,2023,88.97
79,1961,64.81
79,1962,83.47
79,1963,79.59
79,1964,82.35
79,1965,91.19
79,1966,94.54
79,1967,105.71
79,1968,97.49
79,1969,91.55
79,1970,76.93
79,1971,75.58
79,1972,60.01
79,1973,63.87
79,1974,60.07
79,1975,51.95
79,1976,30.95
79,1977,29.17
79,1978,27.96
79,1979,25.17
79,1980,20.27
79,1981,21.71
79,1982,29.27
79,1983,24.6
79,1984,34.61
79,1985,57.64
79,1986,98.62
79,1987,160.2
79,1988,182.78
79,1989,147.68
79,1990,106.3
79,1991,69.43
79,1992,44.7
79,1993,66.65
79,1994,72.64
79,1995,69.04
79,1996,62.69
79,1997,73.37
79,1998,74.96
79,1999,76.85
79,2000,49.46
79,2001,64.73
79,2002,51.79
79,2003,48.74
79,2004,51.35
79,2005,47.74
79,2006,39.33
79,2007,34.56
79,2008,30.74
79,2009,38.03
79,2010,39.99
79,2011,49.19
79,2012,49.11
79,2013,47.82
79,2014,70.17
79,2015,106.7
79,2016,123.12
79,2017,151.24
79,2018,128.81
79,2019,127.77
79,2020,188.89
79,2021,188.97
79,2022,199.87
79,2023,140.43
84,1961,1303.12
84,1962,1203.17
84,1963,836.78
84,1964,829.34
84,1965,915.97
84,1966,963
84,1967,919.8
84,1968,631.19
84,1969,614.56
84,1970,681.43
84,1971,733.48
84,1972,635.9
84,1973,606.29
84,1974,608.45
84,1975,597.32
84,1976,542.98
84,1977,470.04
84,1978,505.24
84,1979,485.44
84,1980,476.73
84,1981,431.9
84,1982,448.57
84,1983,357.06
84,1984,374.48
84,1985,388.61
84,1986,325.56
84,1987,280.29
84,1988,277.12
84,1989,282.05
84,1990,206.78
84,1991,273.65
84,1992,261.37
84,1993,241.09
84,1994,234.49
84,1995,219.97
84,1996,246.37
84,1997,255.17
84,1998,250.77
84,1999,219.97
84,2000,219.97
84,2001,175.98
84,2002,175.98
84,2003,131.98
84,2004,137.79
84,2005,134.58
84,2006,134.62
84,2007,132.29
84,2008,109.99
84,2009,109.99
84,2010,180.38
84,2011,77.43
84,2012,114.39
84,2013,146.06
84,2014,108.67
84,2015,108.23
84,2016,83.11
84,2017,74.13
84,2018,633.96
84,2019,518.26
84,2020,191.82
84,2021,619.89
84,2022,559.61
84,2023,161.02
89,1961,30.81
89,1962,26.05
89,1963,31.01
89,1964,29.84
89,1965,30.56
89,1966,25.9
89,1967,23.25
89,1968,23.96
89,1969,24.71
89,1970,25.47
89,1971,26.26
89,1972,27.08
89,1973,27.91
89,1974,28.78
89,1975,29.66
89,1976,30.58
89,1977,31.53
89,1978,31.96
89,1979,32.5
89,1980,33.04
89,1981,34.06
89,1982,35.04
89,1983,36.55
89,1984,37.62
89,1985,36.99
89,1986,36.99
89,1987,40.74
89,1988,41.83
89,1989,42.97
89,1990,44.12
89,1991,45.04
89,1992,46.1
89,1993,45.65
89,1994,47.92
89,1995,48.09
89,1996,49.94
89,1997,49.94
89,1998,49.15
89,1999,49.67
89,2000,50.17
89,2001,50.68
89,2002,50.68
89,2003,51.79
89,2004,51.79
89,2005,53.64
89,2006,58.82
89,2007,71.03
89,2008,71.52
89,2009,71.77
89,2010,78.7
89,2011,85.55
89,2012,92.53
89,2013,94.84
89,2014,97.58
89,2015,99.93
89,2016,102.49
89,2017,100
89,2018,98.91
89,2019,98.53
89,2020,104.34
89,2021,105.3
89,2022,102.72
89,2023,104.12
9,1961,27.4
9,1962,30.45
9,1963,31.66
9,1964,39.58
9,1965,40.19
9,1966,42.02
9,1967,32.88
9,1968,31.66
9,1969,31.06
9,1970,19.49
9,1971,17.05
9,1972,15.83
9,1973,17.05
9,1974,16.44
9,1975,15.04
9,1976,20.09
9,1977,21.92
9,1978,18.27
9,1979,22.53
9,1980,20.09
9,1981,34.71
9,1982,58.46
9,1983,56.02
9,1984,43.48
9,1985,47.5
9,1986,52.98
9,1987,60.89
9,1988,60.89
9,1989,60.89
9,1990,60.89
9,1991,60.89
9,1992,63.94
9,1993,66.98
9,1994,66.98
9,1995,68.81
9,1996,69.42
9,1997,74.9
9,1998,74.9
9,1999,85.25
9,2000,85.25
9,2001,88.3
9,2002,88.3
9,2003,91.34
9,2004,91.34
9,2005,91.34
9,2006,92.56
9,2007,94.39
9,2008,94.39
9,2009,95.3
9,2010,96.12
9,2011,96.55
9,2012,97.43
9,2013,97.43
9,2014,97.8
9,2015,100.82
9,2016,101.38
9,2017,101.54
9,2018,102.03
9,2019,102.64
9,2020,104.77
9,2021,105.55
9,2022,106.44
9,2023,105.59
91,2000,49.66
91,2001,46.36
91,2002,41.27
91,2003,34.39
91,2004,30.26
91,2005,40.45
91,2006,28.89
91,2007,42.85
91,2008,45.66
91,2009,48.07
91,2010,49.89
91,2011,46.6
91,2012,34.39
91,2013,34.39
91,2014,156.54
91,2015,108.52
91,2016,34.94
91,2017,64.93
91,2018,73.41
91,2019,73.59
91,2020,114.72
91,2021,103.55
91,2022,89.13
91,2023,92.3
97,1990,512.48
97,1991,555.85
97,1992,480.95
97,1993,303.55
97,1994,319.32
97,1995,469.12
97,1996,198.29
97,1997,181.34
97,1998,158.48
97,1999,169.51
97,2000,17.35
97,2001,46.91
97,2002,57.56
97,2003,72.14
97,2004,106.44
97,2005,195.14
97,2006,325.62
97,2007,274.38
97,2008,178.19
97,2009,49.28
97,2010,77.27
97,2011,81.21
97,2012,63.07
97,2013,78.84
97,2014,102.5
97,2015,65.44
97,2016,132.06
97,2017,43.36
97,2018,713.53
97,2019,607.1
97,2020,500.66
97,2021,346.91
97,2022,110.38
97,2023,252.3
