geo,year,fat_liver_prepared_foie_gras_import_quantity_tcl
3,1961,
3,1962,
3,1963,
3,1964,
3,1965,
3,1966,
3,1967,
3,1968,
3,1969,
3,1970,
3,1971,
3,1972,
3,1973,
3,1974,
3,1975,
3,1976,
3,1977,
3,1978,
3,1979,
3,1980,
3,1981,
3,1982,
3,1983,
3,1984,
3,1985,
3,1986,
3,1987,
3,1988,
3,1989,
3,1990,
3,1991,
3,1992,
3,1993,
3,1994,
3,1995,
3,1996,1.0
3,1997,0.0
3,1998,0.0
3,1999,167.0
3,2000,0.0
3,2001,2.0
3,2002,29.0
3,2003,0.0
3,2004,0.0
3,2005,0.0
3,2006,0.0
3,2007,0.0
3,2008,0.0
3,2009,0.0
3,2010,0.0
3,2011,0.0
3,2012,0.0
3,2013,0.0
1,1992,
1,1993,
1,1994,
1,1995,
1,1996,
1,1997,
1,1998,
1,1999,
1,2000,
1,2001,
1,2002,
1,2003,
1,2004,
1,2005,
1,2006,
1,2007,
1,2008,0.0
1,2009,0.0
1,2010,0.0
1,2011,0.0
1,2012,0.0
1,2013,14.0
11,1961,0.0
11,1962,0.0
11,1963,0.0
11,1964,0.0
11,1965,0.0
11,1966,0.0
11,1967,0.0
11,1968,0.0
11,1969,0.0
11,1970,0.0
11,1971,0.0
11,1972,0.0
11,1973,0.0
11,1974,0.0
11,1975,0.0
11,1976,0.0
11,1977,0.0
11,1978,0.0
11,1979,0.0
11,1980,0.0
11,1981,0.0
11,1982,0.0
11,1983,0.0
11,1984,0.0
11,1985,0.0
11,1986,0.0
11,1987,0.0
11,1988,5.0
11,1989,4.0
11,1990,7.0
11,1991,2.0
11,1992,4.0
11,1993,12.0
11,1994,17.0
11,1995,57.0
11,1996,45.0
11,1997,36.0
11,1998,58.0
11,1999,42.0
11,2000,32.0
11,2001,24.0
11,2002,26.0
11,2003,25.0
11,2004,31.0
11,2005,40.0
11,2006,35.0
11,2007,69.0
11,2008,38.0
11,2009,36.0
11,2010,38.0
11,2011,16.0
11,2012,8.0
11,2013,6.0
13,1961,
13,1962,
13,1963,
13,1964,
13,1965,
13,1966,
13,1967,
13,1968,
13,1969,
13,1970,
13,1971,
13,1972,
13,1973,
13,1974,
13,1975,
13,1976,
13,1977,
13,1978,
13,1979,
13,1980,
13,1981,
13,1982,
13,1983,
13,1984,
13,1985,
13,1986,
13,1987,
13,1988,
13,1989,
13,1990,
13,1991,
13,1992,
13,1993,
13,1994,
13,1995,
13,1996,
13,1997,
13,1998,
13,1999,
13,2000,
13,2001,1.0
13,2002,0.0
13,2003,0.0
13,2004,15.0
13,2005,3.0
13,2006,0.0
13,2007,19.0
13,2008,3.0
13,2009,2.0
13,2010,27.0
13,2011,11.0
13,2012,19.0
13,2013,19.0
16,1961,
16,1962,
16,1963,
16,1964,
16,1965,
16,1966,
16,1967,
16,1968,
16,1969,
16,1970,
16,1971,
16,1972,
16,1973,
16,1974,
16,1975,
16,1976,
16,1977,
16,1978,
16,1979,
16,1980,
16,1981,
16,1982,
16,1983,
16,1984,
16,1985,
16,1986,
16,1987,
16,1988,
16,1989,
16,1990,
16,1991,
16,1992,
16,1993,
16,1994,
16,1995,
16,1996,
16,1997,
16,1998,
16,1999,
16,2000,
16,2001,
16,2002,
16,2003,
16,2004,
16,2005,1.0
16,2006,1.0
16,2007,0.0
16,2008,0.0
16,2009,0.0
16,2010,0.0
16,2011,0.0
16,2012,0.0
16,2013,0.0
14,1961,
14,1962,
14,1963,
14,1964,
14,1965,
14,1966,
14,1967,
14,1968,
14,1969,
14,1970,
14,1971,
14,1972,
14,1973,
14,1974,
14,1975,
14,1976,
14,1977,
14,1978,
14,1979,
14,1980,
14,1981,
14,1982,
14,1983,
14,1984,
14,1985,
14,1986,
14,1987,
14,1988,
14,1989,
14,1990,
14,1991,
14,1992,
14,1993,
14,1994,
14,1995,
14,1996,
14,1997,
14,1998,
14,1999,
14,2000,
14,2001,
14,2002,
14,2003,2.0
14,2004,0.0
14,2005,1.0
14,2006,0.0
14,2007,0.0
14,2008,0.0
14,2009,0.0
14,2010,0.0
14,2011,0.0
14,2012,0.0
14,2013,0.0
255,2000,345.0
255,2001,306.0
255,2002,457.0
255,2003,406.0
255,2004,345.0
255,2005,511.0
255,2006,462.0
255,2007,428.0
255,2008,395.0
255,2009,384.0
255,2010,354.0
255,2011,684.0
255,2012,469.0
255,2013,586.0
15,1961,12.0
15,1962,11.0
15,1963,46.0
15,1964,46.0
15,1965,78.0
15,1966,12.0
15,1967,13.0
15,1968,12.0
15,1969,22.0
15,1970,22.0
15,1971,62.0
15,1972,25.0
15,1973,33.0
15,1974,48.0
15,1975,32.0
15,1976,36.0
15,1977,111.0
15,1978,50.0
15,1979,86.0
15,1980,130.0
15,1981,77.0
15,1982,66.0
15,1983,71.0
15,1984,68.0
15,1985,78.0
15,1986,90.0
15,1987,108.0
15,1988,92.0
15,1989,176.0
15,1990,130.0
15,1991,140.0
15,1992,105.0
15,1993,160.0
15,1994,182.0
15,1995,201.0
15,1996,176.0
15,1997,164.0
15,1998,244.0
15,1999,358.0
53,1961,
53,1962,
53,1963,
53,1964,
53,1965,
53,1966,
53,1967,
53,1968,
53,1969,
53,1970,
53,1971,
53,1972,
53,1973,
53,1974,
53,1975,
53,1976,
53,1977,
53,1978,
53,1979,
53,1980,
53,1981,
53,1982,
53,1983,
53,1984,
53,1985,
53,1986,
53,1987,
53,1988,
53,1989,
53,1990,
53,1991,
53,1992,
53,1993,
53,1994,
53,1995,
53,1996,
53,1997,
53,1998,
53,1999,
53,2000,
53,2001,
53,2002,
53,2003,
53,2004,1.0
53,2005,1.0
53,2006,1.0
53,2007,1.0
53,2008,1.0
53,2009,2.0
53,2010,0.0
53,2011,0.0
53,2012,0.0
53,2013,0.0
80,1992,
80,1993,
80,1994,
80,1995,
80,1996,
80,1997,
80,1998,
80,1999,
80,2000,
80,2001,
80,2002,
80,2003,
80,2004,49.0
80,2005,0.0
80,2006,0.0
80,2007,0.0
80,2008,0.0
80,2009,0.0
80,2010,0.0
80,2011,0.0
80,2012,0.0
80,2013,0.0
20,1961,
20,1962,
20,1963,
20,1964,
20,1965,
20,1966,
20,1967,
20,1968,
20,1969,
20,1970,
20,1971,
20,1972,
20,1973,
20,1974,
20,1975,
20,1976,
20,1977,
20,1978,
20,1979,
20,1980,
20,1981,
20,1982,
20,1983,
20,1984,
20,1985,
20,1986,
20,1987,
20,1988,
20,1989,
20,1990,
20,1991,
20,1992,
20,1993,
20,1994,
20,1995,
20,1996,
20,1997,
20,1998,
20,1999,
20,2000,
20,2001,
20,2002,39.0
20,2003,
20,2004,
20,2005,
20,2006,
20,2007,0.0
20,2008,0.0
20,2009,0.0
20,2010,0.0
20,2011,0.0
20,2012,0.0
20,2013,0.0
21,1961,0.0
21,1962,0.0
21,1963,0.0
21,1964,0.0
21,1965,0.0
21,1966,0.0
21,1967,0.0
21,1968,0.0
21,1969,0.0
21,1970,0.0
21,1971,0.0
21,1972,0.0
21,1973,0.0
21,1974,0.0
21,1975,15.0
21,1976,31.0
21,1977,14.0
21,1978,17.0
21,1979,23.0
21,1980,21.0
21,1981,33.0
21,1982,10.0
21,1983,0.0
21,1984,1.0
21,1985,3.0
21,1986,2.0
21,1987,2.0
21,1988,1.0
21,1989,0.0
21,1990,0.0
21,1991,0.0
21,1992,0.0
21,1993,0.0
21,1994,0.0
21,1995,0.0
21,1996,0.0
21,1997,0.0
21,1998,0.0
21,1999,0.0
21,2000,0.0
21,2001,0.0
21,2002,0.0
21,2003,0.0
21,2004,0.0
21,2005,0.0
21,2006,0.0
21,2007,0.0
21,2008,0.0
21,2009,0.0
21,2010,0.0
21,2011,0.0
21,2012,0.0
21,2013,0.0
26,1961,
26,1962,
26,1963,
26,1964,
26,1965,
26,1966,
26,1967,
26,1968,
26,1969,
26,1970,
26,1971,
26,1972,
26,1973,
26,1974,
26,1975,
26,1976,
26,1977,
26,1978,
26,1979,
26,1980,
26,1981,
26,1982,
26,1983,
26,1984,
26,1985,
26,1986,
26,1987,
26,1988,
26,1989,
26,1990,
26,1991,
26,1992,
26,1993,
26,1994,
26,1995,
26,1996,
26,1997,
26,1998,
26,1999,
26,2000,
26,2001,
26,2002,24.0
26,2003,4.0
26,2004,23.0
26,2005,0.0
26,2006,0.0
26,2007,0.0
26,2008,0.0
26,2009,0.0
26,2010,0.0
26,2011,0.0
26,2012,0.0
26,2013,1.0
27,1961,
27,1962,
27,1963,
27,1964,
27,1965,
27,1966,
27,1967,
27,1968,
27,1969,
27,1970,
27,1971,
27,1972,
27,1973,
27,1974,
27,1975,
27,1976,
27,1977,
27,1978,
27,1979,
27,1980,
27,1981,
27,1982,
27,1983,
27,1984,
27,1985,
27,1986,
27,1987,
27,1988,
27,1989,
27,1990,
27,1991,
27,1992,
27,1993,
27,1994,
27,1995,
27,1996,
27,1997,
27,1998,
27,1999,
27,2000,
27,2001,
27,2002,
27,2003,
27,2004,
27,2005,
27,2006,1.0
27,2007,3.0
27,2008,3.0
27,2009,3.0
27,2010,8.0
27,2011,23.0
27,2012,20.0
27,2013,26.0
233,1961,0.0
233,1962,0.0
233,1963,0.0
233,1964,0.0
233,1965,0.0
233,1966,0.0
233,1967,0.0
233,1968,0.0
233,1969,0.0
233,1970,0.0
233,1971,0.0
233,1972,0.0
233,1973,0.0
233,1974,0.0
233,1975,0.0
233,1976,0.0
233,1977,0.0
233,1978,0.0
233,1979,0.0
233,1980,0.0
233,1981,0.0
233,1982,0.0
233,1983,0.0
233,1984,0.0
233,1985,0.0
233,1986,0.0
233,1987,2.0
233,1988,0.0
233,1989,0.0
233,1990,0.0
233,1991,0.0
233,1992,0.0
233,1993,0.0
233,1994,0.0
233,1995,0.0
233,1996,0.0
233,1997,0.0
233,1998,1.0
233,1999,0.0
233,2000,0.0
233,2001,0.0
233,2002,0.0
233,2003,0.0
233,2004,0.0
233,2005,0.0
233,2006,0.0
233,2007,0.0
233,2008,0.0
233,2009,0.0
233,2010,0.0
233,2011,0.0
233,2012,0.0
233,2013,0.0
115,1961,
115,1962,
115,1963,
115,1964,
115,1965,
115,1966,
115,1967,
115,1968,
115,1969,
115,1970,
115,1971,
115,1972,
115,1973,
115,1974,
115,1975,
115,1976,
115,1977,
115,1978,
115,1979,
115,1980,
115,1981,
115,1982,
115,1983,
115,1984,
115,1985,
115,1986,
115,1987,
115,1988,
115,1989,
115,1990,
115,1991,
115,1992,
115,1993,
115,1994,
115,1995,
115,1996,
115,1997,
115,1998,
115,1999,
115,2000,
115,2001,
115,2002,2.0
115,2003,0.0
115,2004,1.0
115,2005,0.0
115,2006,0.0
115,2007,0.0
115,2008,0.0
115,2009,0.0
115,2010,0.0
115,2011,0.0
115,2012,0.0
115,2013,0.0
32,1961,0.0
32,1962,0.0
32,1963,0.0
32,1964,0.0
32,1965,0.0
32,1966,0.0
32,1967,0.0
32,1968,0.0
32,1969,0.0
32,1970,0.0
32,1971,0.0
32,1972,0.0
32,1973,0.0
32,1974,0.0
32,1975,0.0
32,1976,0.0
32,1977,0.0
32,1978,0.0
32,1979,0.0
32,1980,0.0
32,1981,0.0
32,1982,0.0
32,1983,0.0
32,1984,17.0
32,1985,17.0
32,1986,22.0
32,1987,7.0
32,1988,5.0
32,1989,5.0
32,1990,2.0
32,1991,2.0
32,1992,0.0
32,1993,4.0
32,1994,1.0
32,1995,2.0
32,1996,2.0
32,1997,2.0
32,1998,3.0
32,1999,4.0
32,2000,2.0
32,2001,3.0
32,2002,2.0
32,2003,5.0
32,2004,1.0
32,2005,3.0
32,2006,2.0
32,2007,13.0
32,2008,1.0
32,2009,0.0
32,2010,4.0
32,2011,4.0
32,2012,5.0
32,2013,5.0
33,1961,
33,1962,
33,1963,
33,1964,
33,1965,
33,1966,
33,1967,
33,1968,
33,1969,
33,1970,
33,1971,
33,1972,
33,1973,
33,1974,
33,1975,
33,1976,
33,1977,
33,1978,
33,1979,
33,1980,
33,1981,
33,1982,
33,1983,
33,1984,
33,1985,
33,1986,
33,1987,
33,1988,
33,1989,
33,1990,
33,1991,
33,1992,
33,1993,
33,1994,6.0
33,1995,8.0
33,1996,1.0
33,1997,1.0
33,1998,2.0
33,1999,8.0
33,2000,6.0
33,2001,4.0
33,2002,5.0
33,2003,1.0
33,2004,2.0
33,2005,2.0
33,2006,0.0
33,2007,3.0
33,2008,0.0
33,2009,1.0
33,2010,1.0
33,2011,3.0
33,2012,2.0
33,2013,3.0
37,1961,
37,1962,
37,1963,
37,1964,
37,1965,
37,1966,
37,1967,
37,1968,
37,1969,
37,1970,
37,1971,
37,1972,
37,1973,
37,1974,
37,1975,
37,1976,
37,1977,
37,1978,
37,1979,
37,1980,
37,1981,
37,1982,
37,1983,
37,1984,
37,1985,
37,1986,
37,1987,
37,1988,
37,1989,
37,1990,
37,1991,
37,1992,
37,1993,
37,1994,
37,1995,
37,1996,
37,1997,
37,1998,
37,1999,
37,2000,1.0
37,2001,
37,2002,
37,2003,
37,2004,
37,2005,
37,2006,
37,2007,
37,2008,
37,2009,
37,2010,
37,2011,
37,2012,
37,2013,
40,1961,0.0
40,1962,0.0
40,1963,0.0
40,1964,0.0
40,1965,0.0
40,1966,0.0
40,1967,0.0
40,1968,0.0
40,1969,0.0
40,1970,0.0
40,1971,0.0
40,1972,0.0
40,1973,0.0
40,1974,0.0
40,1975,0.0
40,1976,0.0
40,1977,0.0
40,1978,0.0
40,1979,0.0
40,1980,0.0
40,1981,0.0
40,1982,0.0
40,1983,0.0
40,1984,0.0
40,1985,0.0
40,1986,0.0
40,1987,0.0
40,1988,0.0
40,1989,0.0
40,1990,0.0
40,1991,0.0
40,1992,3.0
40,1993,3.0
40,1994,0.0
40,1995,0.0
40,1996,0.0
40,1997,0.0
40,1998,0.0
40,1999,0.0
40,2000,0.0
40,2001,0.0
40,2002,0.0
40,2003,0.0
40,2004,0.0
40,2005,0.0
40,2006,0.0
40,2007,0.0
40,2008,0.0
40,2009,0.0
40,2010,0.0
40,2011,0.0
40,2012,0.0
40,2013,0.0
41,1961,0.0
41,1962,0.0
41,1963,0.0
41,1964,0.0
41,1965,0.0
41,1966,0.0
41,1967,0.0
41,1968,0.0
41,1969,0.0
41,1970,0.0
41,1971,0.0
41,1972,0.0
41,1973,0.0
41,1974,0.0
41,1975,0.0
41,1976,0.0
41,1977,0.0
41,1978,0.0
41,1979,0.0
41,1980,0.0
41,1981,0.0
41,1982,0.0
41,1983,0.0
41,1984,0.0
41,1985,0.0
41,1986,
41,1987,
41,1988,
41,1989,
41,1990,
41,1991,
41,1992,2.0
41,1993,9.0
41,1994,1.0
41,1995,2.0
41,1996,20.0
41,1997,2.0
41,1998,
41,1999,1.0
41,2000,1.0
41,2001,0.0
41,2002,0.0
41,2003,0.0
41,2004,2.0
41,2005,3.0
41,2006,3.0
41,2007,12.0
41,2008,17.0
41,2009,5.0
41,2010,0.0
41,2011,0.0
41,2012,2.0
41,2013,0.0
44,1961,0.0
44,1962,0.0
44,1963,0.0
44,1964,0.0
44,1965,0.0
44,1966,0.0
44,1967,0.0
44,1968,0.0
44,1969,0.0
44,1970,0.0
44,1971,0.0
44,1972,0.0
44,1973,0.0
44,1974,0.0
44,1975,0.0
44,1976,0.0
44,1977,0.0
44,1978,0.0
44,1979,0.0
44,1980,0.0
44,1981,0.0
44,1982,0.0
44,1983,0.0
44,1984,0.0
44,1985,0.0
44,1986,5.0
44,1987,3.0
44,1988,5.0
44,1989,2.0
44,1990,5.0
44,1991,0.0
44,1992,0.0
44,1993,0.0
44,1994,0.0
44,1995,0.0
44,1996,0.0
44,1997,0.0
44,1998,0.0
44,1999,0.0
44,2000,0.0
44,2001,0.0
44,2002,0.0
44,2003,0.0
44,2004,0.0
44,2005,0.0
44,2006,0.0
44,2007,0.0
44,2008,0.0
44,2009,0.0
44,2010,0.0
44,2011,0.0
44,2012,0.0
44,2013,0.0
46,1961,0.0
46,1962,0.0
46,1963,0.0
46,1964,0.0
46,1965,0.0
46,1966,0.0
46,1967,0.0
46,1968,0.0
46,1969,0.0
46,1970,0.0
46,1971,0.0
46,1972,0.0
46,1973,0.0
46,1974,0.0
46,1975,0.0
46,1976,0.0
46,1977,0.0
46,1978,0.0
46,1979,0.0
46,1980,0.0
46,1981,0.0
46,1982,0.0
46,1983,0.0
46,1984,0.0
46,1985,0.0
46,1986,18.0
46,1987,8.0
46,1988,9.0
46,1989,8.0
46,1990,10.0
46,1991,0.0
46,1992,5.0
46,1993,4.0
46,1994,1.0
46,1995,0.0
46,1996,0.0
46,1997,0.0
46,1998,0.0
46,1999,0.0
46,2000,0.0
46,2001,0.0
46,2002,1.0
46,2003,0.0
46,2004,2.0
46,2005,5.0
46,2006,2.0
46,2007,4.0
46,2008,4.0
46,2009,0.0
46,2010,0.0
46,2011,2.0
46,2012,3.0
46,2013,0.0
50,1961,0.0
50,1962,0.0
50,1963,0.0
50,1964,0.0
50,1965,0.0
50,1966,0.0
50,1967,0.0
50,1968,0.0
50,1969,0.0
50,1970,0.0
50,1971,0.0
50,1972,0.0
50,1973,0.0
50,1974,0.0
50,1975,0.0
50,1976,0.0
50,1977,0.0
50,1978,0.0
50,1979,0.0
50,1980,0.0
50,1981,0.0
50,1982,0.0
50,1983,0.0
50,1984,0.0
50,1985,0.0
50,1986,0.0
50,1987,0.0
50,1988,1.0
50,1989,47.0
50,1990,37.0
50,1991,33.0
50,1992,16.0
50,1993,24.0
50,1994,16.0
50,1995,26.0
50,1996,2.0
50,1997,2.0
50,1998,6.0
50,1999,15.0
50,2000,1.0
50,2001,4.0
50,2002,3.0
50,2003,5.0
50,2004,10.0
50,2005,8.0
50,2006,6.0
50,2007,14.0
50,2008,50.0
50,2009,22.0
50,2010,15.0
50,2011,14.0
50,2012,36.0
50,2013,1.0
167,1993,
167,1994,
167,1995,
167,1996,20.0
167,1997,10.0
167,1998,31.0
167,1999,14.0
167,2000,4.0
167,2001,10.0
167,2002,5.0
167,2003,10.0
167,2004,11.0
167,2005,11.0
167,2006,9.0
167,2007,12.0
167,2008,41.0
167,2009,5.0
167,2010,13.0
167,2011,6.0
167,2012,10.0
167,2013,13.0
54,1961,0.0
54,1962,0.0
54,1963,0.0
54,1964,0.0
54,1965,0.0
54,1966,0.0
54,1967,0.0
54,1968,0.0
54,1969,0.0
54,1970,0.0
54,1971,0.0
54,1972,0.0
54,1973,9.0
54,1974,4.0
54,1975,2.0
54,1976,2.0
54,1977,3.0
54,1978,2.0
54,1979,4.0
54,1980,2.0
54,1981,5.0
54,1982,4.0
54,1983,8.0
54,1984,12.0
54,1985,4.0
54,1986,4.0
54,1987,9.0
54,1988,20.0
54,1989,13.0
54,1990,16.0
54,1991,7.0
54,1992,8.0
54,1993,4.0
54,1994,10.0
54,1995,5.0
54,1996,7.0
54,1997,28.0
54,1998,19.0
54,1999,86.0
54,2000,18.0
54,2001,105.0
54,2002,357.0
54,2003,333.0
54,2004,470.0
54,2005,86.0
54,2006,59.0
54,2007,79.0
54,2008,106.0
54,2009,77.0
54,2010,76.0
54,2011,61.0
54,2012,270.0
54,2013,73.0
55,1961,
55,1962,
55,1963,
55,1964,
55,1965,
55,1966,
55,1967,
55,1968,
55,1969,
55,1970,
55,1971,
55,1972,
55,1973,
55,1974,
55,1975,
55,1976,
55,1977,
55,1978,
55,1979,
55,1980,
55,1981,
55,1982,
55,1983,
55,1984,
55,1985,
55,1986,
55,1987,
55,1988,
55,1989,
55,1990,
55,1991,
55,1992,
55,1993,
55,1994,
55,1995,0.0
55,1996,0.0
55,1997,2.0
55,1998,2.0
55,1999,2.0
55,2000,1.0
55,2001,0.0
55,2002,0.0
55,2003,0.0
55,2004,0.0
55,2005,0.0
55,2006,0.0
55,2007,0.0
55,2008,0.0
55,2009,0.0
55,2010,0.0
55,2011,0.0
55,2012,0.0
55,2013,0.0
59,1961,0.0
59,1962,0.0
59,1963,0.0
59,1964,0.0
59,1965,0.0
59,1966,0.0
59,1967,0.0
59,1968,0.0
59,1969,0.0
59,1970,0.0
59,1971,0.0
59,1972,0.0
59,1973,0.0
59,1974,0.0
59,1975,0.0
59,1976,0.0
59,1977,0.0
59,1978,0.0
59,1979,0.0
59,1980,0.0
59,1981,0.0
59,1982,0.0
59,1983,0.0
59,1984,44.0
59,1985,0.0
59,1986,0.0
59,1987,408.0
59,1988,0.0
59,1989,1.0
59,1990,0.0
59,1991,0.0
59,1992,0.0
59,1993,0.0
59,1994,0.0
59,1995,0.0
59,1996,0.0
59,1997,0.0
59,1998,0.0
59,1999,0.0
59,2000,50.0
59,2001,0.0
59,2002,0.0
59,2003,0.0
59,2004,0.0
59,2005,0.0
59,2006,0.0
59,2007,0.0
59,2008,0.0
59,2009,0.0
59,2010,0.0
59,2011,0.0
59,2012,0.0
59,2013,0.0
63,1992,
63,1993,
63,1994,
63,1995,
63,1996,1.0
63,1997,
63,1998,85.0
63,1999,61.0
63,2000,0.0
63,2001,0.0
63,2002,0.0
63,2003,0.0
63,2004,16.0
63,2005,3.0
63,2006,2.0
63,2007,16.0
63,2008,2.0
63,2009,17.0
63,2010,1.0
63,2011,5.0
63,2012,2.0
63,2013,3.0
66,1961,
66,1962,
66,1963,
66,1964,
66,1965,
66,1966,
66,1967,
66,1968,
66,1969,
66,1970,
66,1971,
66,1972,
66,1973,
66,1974,
66,1975,
66,1976,
66,1977,
66,1978,
66,1979,
66,1980,
66,1981,
66,1982,
66,1983,
66,1984,
66,1985,
66,1986,
66,1987,
66,1988,
66,1989,
66,1990,
66,1991,
66,1992,
66,1993,
66,1994,
66,1995,
66,1996,
66,1997,
66,1998,
66,1999,
66,2000,
66,2001,
66,2002,
66,2003,4.0
66,2004,0.0
66,2005,0.0
66,2006,0.0
66,2007,0.0
66,2008,0.0
66,2009,0.0
66,2010,0.0
66,2011,0.0
66,2012,0.0
66,2013,0.0
67,1961,
67,1962,
67,1963,
67,1964,
67,1965,
67,1966,
67,1967,
67,1968,
67,1969,
67,1970,
67,1971,
67,1972,
67,1973,
67,1974,
67,1975,
67,1976,
67,1977,
67,1978,
67,1979,
67,1980,
67,1981,
67,1982,
67,1983,
67,1984,
67,1985,
67,1986,
67,1987,
67,1988,
67,1989,
67,1990,
67,1991,
67,1992,
67,1993,
67,1994,
67,1995,7.0
67,1996,6.0
67,1997,15.0
67,1998,6.0
67,1999,11.0
67,2000,19.0
67,2001,17.0
67,2002,21.0
67,2003,12.0
67,2004,8.0
67,2005,9.0
67,2006,22.0
67,2007,24.0
67,2008,9.0
67,2009,13.0
67,2010,11.0
67,2011,7.0
67,2012,10.0
67,2013,5.0
68,1961,7.0
68,1962,2.0
68,1963,1.0
68,1964,0.0
68,1965,0.0
68,1966,25.0
68,1967,8.0
68,1968,0.0
68,1969,165.0
68,1970,346.0
68,1971,301.0
68,1972,225.0
68,1973,0.0
68,1974,0.0
68,1975,0.0
68,1976,0.0
68,1977,2.0
68,1978,7.0
68,1979,0.0
68,1980,3.0
68,1981,22.0
68,1982,3.0
68,1983,3.0
68,1984,3.0
68,1985,7.0
68,1986,16.0
68,1987,18.0
68,1988,100.0
68,1989,89.0
68,1990,93.0
68,1991,107.0
68,1992,122.0
68,1993,107.0
68,1994,160.0
68,1995,149.0
68,1996,91.0
68,1997,109.0
68,1998,60.0
68,1999,64.0
68,2000,37.0
68,2001,57.0
68,2002,48.0
68,2003,50.0
68,2004,18.0
68,2005,33.0
68,2006,58.0
68,2007,64.0
68,2008,30.0
68,2009,203.0
68,2010,184.0
68,2011,154.0
68,2012,107.0
68,2013,117.0
74,1961,0.0
74,1962,0.0
74,1963,0.0
74,1964,0.0
74,1965,0.0
74,1966,0.0
74,1967,0.0
74,1968,0.0
74,1969,0.0
74,1970,0.0
74,1971,0.0
74,1972,0.0
74,1973,0.0
74,1974,0.0
74,1975,0.0
74,1976,0.0
74,1977,0.0
74,1978,0.0
74,1979,0.0
74,1980,0.0
74,1981,0.0
74,1982,0.0
74,1983,0.0
74,1984,0.0
74,1985,0.0
74,1986,0.0
74,1987,0.0
74,1988,0.0
74,1989,0.0
74,1990,0.0
74,1991,7.0
74,1992,8.0
74,1993,4.0
74,1994,2.0
74,1995,0.0
74,1996,0.0
74,1997,22.0
74,1998,21.0
74,1999,16.0
74,2000,3.0
74,2001,5.0
74,2002,2.0
74,2003,2.0
74,2004,4.0
74,2005,20.0
74,2006,8.0
74,2007,5.0
74,2008,3.0
74,2009,6.0
74,2010,27.0
74,2011,8.0
74,2012,4.0
74,2013,5.0
75,1961,
75,1962,
75,1963,
75,1964,
75,1965,
75,1966,
75,1967,
75,1968,
75,1969,
75,1970,
75,1971,
75,1972,
75,1973,
75,1974,
75,1975,
75,1976,
75,1977,
75,1978,
75,1979,
75,1980,
75,1981,
75,1982,
75,1983,
75,1984,
75,1985,
75,1986,
75,1987,
75,1988,
75,1989,
75,1990,
75,1991,
75,1992,
75,1993,
75,1994,
75,1995,
75,1996,
75,1997,
75,1998,
75,1999,
75,2000,
75,2001,
75,2002,
75,2003,
75,2004,
75,2005,
75,2006,
75,2007,1.0
75,2008,1.0
75,2009,0.0
75,2010,0.0
75,2011,0.0
75,2012,0.0
75,2013,0.0
73,1992,
73,1993,
73,1994,
73,1995,
73,1996,
73,1997,
73,1998,
73,1999,
73,2000,
73,2001,
73,2002,
73,2003,
73,2004,4.0
73,2005,20.0
73,2006,0.0
73,2007,0.0
73,2008,0.0
73,2009,0.0
73,2010,0.0
73,2011,0.0
73,2012,0.0
73,2013,0.0
79,1961,0.0
79,1962,0.0
79,1963,0.0
79,1964,0.0
79,1965,0.0
79,1966,60.0
79,1967,30.0
79,1968,30.0
79,1969,25.0
79,1970,33.0
79,1971,43.0
79,1972,57.0
79,1973,44.0
79,1974,50.0
79,1975,37.0
79,1976,72.0
79,1977,64.0
79,1978,84.0
79,1979,89.0
79,1980,79.0
79,1981,72.0
79,1982,62.0
79,1983,98.0
79,1984,104.0
79,1985,115.0
79,1986,114.0
79,1987,95.0
79,1988,125.0
79,1989,97.0
79,1990,100.0
79,1991,138.0
79,1992,205.0
79,1993,169.0
79,1994,607.0
79,1995,613.0
79,1996,755.0
79,1997,1148.0
79,1998,3101.0
79,1999,1207.0
79,2000,553.0
79,2001,416.0
79,2002,425.0
79,2003,284.0
79,2004,190.0
79,2005,173.0
79,2006,127.0
79,2007,110.0
79,2008,149.0
79,2009,106.0
79,2010,274.0
79,2011,253.0
79,2012,175.0
79,2013,157.0
84,1961,0.0
84,1962,0.0
84,1963,0.0
84,1964,0.0
84,1965,0.0
84,1966,0.0
84,1967,0.0
84,1968,0.0
84,1969,3.0
84,1970,13.0
84,1971,35.0
84,1972,19.0
84,1973,24.0
84,1974,13.0
84,1975,3.0
84,1976,0.0
84,1977,1.0
84,1978,0.0
84,1979,0.0
84,1980,0.0
84,1981,1.0
84,1982,0.0
84,1983,1.0
84,1984,1.0
84,1985,0.0
84,1986,6.0
84,1987,1.0
84,1988,1.0
84,1989,1.0
84,1990,1.0
84,1991,7.0
84,1992,1.0
84,1993,58.0
84,1994,30.0
84,1995,1.0
84,1996,1.0
84,1997,35.0
84,1998,43.0
84,1999,21.0
84,2000,16.0
84,2001,6.0
84,2002,4.0
84,2003,9.0
84,2004,20.0
84,2005,2.0
84,2006,2.0
84,2007,2.0
84,2008,5.0
84,2009,1.0
84,2010,4.0
84,2011,4.0
84,2012,3.0
84,2013,2.0
86,1961,
86,1962,
86,1963,
86,1964,
86,1965,
86,1966,
86,1967,
86,1968,
86,1969,
86,1970,
86,1971,
86,1972,
86,1973,
86,1974,
86,1975,
86,1976,
86,1977,
86,1978,
86,1979,
86,1980,
86,1981,
86,1982,
86,1983,
86,1984,
86,1985,
86,1986,
86,1987,
86,1988,
86,1989,
86,1990,
86,1991,
86,1992,
86,1993,
86,1994,
86,1995,
86,1996,
86,1997,
86,1998,
86,1999,
86,2000,
86,2001,
86,2002,
86,2003,
86,2004,
86,2005,
86,2006,0.0
86,2007,0.0
86,2008,0.0
86,2009,0.0
86,2010,0.0
86,2011,0.0
86,2012,0.0
86,2013,0.0
97,1961,
97,1962,
97,1963,
97,1964,
97,1965,
97,1966,
97,1967,
97,1968,
97,1969,
97,1970,
97,1971,
97,1972,
97,1973,
97,1974,
97,1975,
97,1976,
97,1977,
97,1978,
97,1979,
97,1980,
97,1981,
97,1982,
97,1983,
97,1984,
97,1985,
97,1986,
97,1987,
97,1988,
97,1989,
97,1990,
97,1991,
97,1992,
97,1993,
97,1994,
97,1995,
97,1996,
97,1997,
97,1998,
97,1999,
97,2000,
97,2001,
97,2002,
97,2003,
97,2004,2.0
97,2005,69.0
97,2006,0.0
97,2007,323.0
97,2008,243.0
97,2009,21.0
97,2010,76.0
97,2011,203.0
97,2012,187.0
97,2013,196.0
99,1961,
99,1962,
99,1963,
99,1964,
99,1965,
99,1966,
99,1967,
99,1968,
99,1969,
99,1970,
99,1971,
99,1972,
99,1973,
99,1974,
99,1975,
99,1976,
99,1977,
99,1978,
99,1979,
99,1980,
99,1981,
99,1982,
99,1983,
99,1984,
99,1985,
99,1986,
99,1987,
99,1988,
99,1989,
99,1990,
99,1991,
99,1992,
99,1993,
99,1994,
99,1995,
99,1996,
99,1997,
99,1998,
99,1999,
99,2000,
99,2001,
99,2002,
99,2003,
99,2004,
99,2005,0.0
99,2006,0.0
99,2007,0.0
99,2008,0.0
99,2009,0.0
99,2010,1.0
99,2011,2.0
99,2012,0.0
99,2013,0.0
101,1961,0.0
101,1962,0.0
101,1963,0.0
101,1964,0.0
101,1965,0.0
101,1966,0.0
101,1967,0.0
101,1968,0.0
101,1969,0.0
101,1970,0.0
101,1971,0.0
101,1972,0.0
101,1973,0.0
101,1974,0.0
101,1975,0.0
101,1976,0.0
101,1977,0.0
101,1978,0.0
101,1979,0.0
101,1980,0.0
101,1981,0.0
101,1982,10.0
101,1983,3.0
101,1984,0.0
101,1985,0.0
101,1986,2.0
101,1987,0.0
101,1988,0.0
101,1989,0.0
101,1990,0.0
101,1991,0.0
101,1992,0.0
101,1993,0.0
101,1994,0.0
101,1995,0.0
101,1996,0.0
101,1997,0.0
101,1998,0.0
101,1999,0.0
101,2000,0.0
101,2001,0.0
101,2002,0.0
101,2003,0.0
101,2004,0.0
101,2005,0.0
101,2006,0.0
101,2007,0.0
101,2008,0.0
101,2009,0.0
101,2010,0.0
101,2011,0.0
101,2012,0.0
101,2013,0.0
104,1961,0.0
104,1962,0.0
104,1963,0.0
104,1964,0.0
104,1965,0.0
104,1966,1.0
104,1967,1.0
104,1968,1.0
104,1969,0.0
104,1970,0.0
104,1971,0.0
104,1972,0.0
104,1973,0.0
104,1974,1.0
104,1975,1.0
104,1976,1.0
104,1977,2.0
104,1978,7.0
104,1979,8.0
104,1980,14.0
104,1981,17.0
104,1982,7.0
104,1983,4.0
104,1984,5.0
104,1985,3.0
104,1986,3.0
104,1987,6.0
104,1988,2.0
104,1989,5.0
104,1990,6.0
104,1991,8.0
104,1992,9.0
104,1993,10.0
104,1994,0.0
104,1995,4.0
104,1996,0.0
104,1997,4.0
104,1998,7.0
104,1999,12.0
104,2000,6.0
104,2001,228.0
104,2002,820.0
104,2003,413.0
104,2004,40.0
104,2005,152.0
104,2006,115.0
104,2007,226.0
104,2008,255.0
104,2009,38.0
104,2010,20.0
104,2011,38.0
104,2012,21.0
104,2013,13.0
106,1961,0.0
106,1962,7.0
106,1963,13.0
106,1964,12.0
106,1965,13.0
106,1966,21.0
106,1967,16.0
106,1968,20.0
106,1969,47.0
106,1970,36.0
106,1971,29.0
106,1972,46.0
106,1973,20.0
106,1974,38.0
106,1975,22.0
106,1976,22.0
106,1977,22.0
106,1978,25.0
106,1979,8.0
106,1980,27.0
106,1981,32.0
106,1982,30.0
106,1983,47.0
106,1984,23.0
106,1985,20.0
106,1986,27.0
106,1987,25.0
106,1988,10.0
106,1989,13.0
106,1990,26.0
106,1991,18.0
106,1992,12.0
106,1993,21.0
106,1994,23.0
106,1995,20.0
106,1996,11.0
106,1997,21.0
106,1998,21.0
106,1999,31.0
106,2000,74.0
106,2001,57.0
106,2002,54.0
106,2003,46.0
106,2004,56.0
106,2005,50.0
106,2006,62.0
106,2007,65.0
106,2008,56.0
106,2009,64.0
106,2010,84.0
106,2011,71.0
106,2012,52.0
106,2013,52.0
108,1992,
108,1993,
108,1994,
108,1995,
108,1996,
108,1997,
108,1998,
108,1999,
108,2000,
108,2001,
108,2002,3.0
108,2003,19.0
108,2004,20.0
108,2005,218.0
108,2006,0.0
108,2007,241.0
108,2008,327.0
108,2009,299.0
108,2010,128.0
108,2011,204.0
108,2012,0.0
108,2013,0.0
114,1961,
114,1962,
114,1963,
114,1964,
114,1965,
114,1966,
114,1967,
114,1968,
114,1969,
114,1970,
114,1971,
114,1972,
114,1973,
114,1974,
114,1975,
114,1976,
114,1977,
114,1978,
114,1979,
114,1980,
114,1981,
114,1982,
114,1983,
114,1984,
114,1985,
114,1986,
114,1987,
114,1988,
114,1989,
114,1990,
114,1991,
114,1992,16.0
114,1993,0.0
114,1994,0.0
114,1995,0.0
114,1996,0.0
114,1997,0.0
114,1998,0.0
114,1999,0.0
114,2000,0.0
114,2001,0.0
114,2002,0.0
114,2003,0.0
114,2004,0.0
114,2005,0.0
114,2006,0.0
114,2007,0.0
114,2008,0.0
114,2009,0.0
114,2010,0.0
114,2011,0.0
114,2012,0.0
114,2013,0.0
118,1961,
118,1962,
118,1963,
118,1964,
118,1965,
118,1966,
118,1967,
118,1968,
118,1969,
118,1970,
118,1971,
118,1972,
118,1973,
118,1974,
118,1975,
118,1976,
118,1977,
118,1978,
118,1979,
118,1980,
118,1981,
118,1982,
118,1983,
118,1984,
118,1985,
118,1986,
118,1987,
118,1988,
118,1989,
118,1990,
118,1991,
118,1992,
118,1993,
118,1994,
118,1995,
118,1996,
118,1997,
118,1998,
118,1999,
118,2000,0.0
118,2001,
118,2002,
118,2003,
118,2004,
118,2005,
118,2006,
118,2007,
118,2008,
118,2009,
118,2010,
118,2011,
118,2012,
118,2013,4.0
113,1992,
113,1993,
113,1994,
113,1995,
113,1996,
113,1997,
113,1998,
113,1999,
113,2000,
113,2001,
113,2002,
113,2003,
113,2004,0.0
113,2005,0.0
113,2006,4.0
113,2007,1.0
113,2008,0.0
113,2009,0.0
113,2010,19.0
113,2011,15.0
113,2012,2.0
113,2013,2.0
119,1992,
119,1993,20.0
119,1994,
119,1995,2.0
119,1996,2.0
119,1997,22.0
119,1998,23.0
119,1999,0.0
119,2000,3.0
119,2001,7.0
119,2002,9.0
119,2003,3.0
119,2004,12.0
119,2005,1.0
119,2006,1.0
119,2007,3.0
119,2008,3.0
119,2009,4.0
119,2010,6.0
119,2011,16.0
119,2012,12.0
119,2013,13.0
121,1961,
121,1962,
121,1963,
121,1964,
121,1965,
121,1966,
121,1967,
121,1968,
121,1969,
121,1970,
121,1971,
121,1972,
121,1973,
121,1974,
121,1975,
121,1976,
121,1977,
121,1978,
121,1979,
121,1980,
121,1981,
121,1982,
121,1983,
121,1984,
121,1985,
121,1986,
121,1987,
121,1988,
121,1989,
121,1990,
121,1991,
121,1992,
121,1993,
121,1994,
121,1995,
121,1996,
121,1997,121.0
121,1998,124.0
121,1999,170.0
121,2000,147.0
121,2001,97.0
121,2002,155.0
121,2003,148.0
121,2004,0.0
121,2005,15.0
121,2006,0.0
121,2007,0.0
121,2008,0.0
121,2009,0.0
121,2010,0.0
121,2011,0.0
121,2012,0.0
121,2013,0.0
126,1992,
126,1993,
126,1994,
126,1995,
126,1996,
126,1997,
126,1998,
126,1999,
126,2000,
126,2001,
126,2002,
126,2003,
126,2004,5.0
126,2005,1.0
126,2006,5.0
126,2007,19.0
126,2008,21.0
126,2009,11.0
126,2010,23.0
126,2011,26.0
126,2012,28.0
126,2013,17.0
256,2000,38.0
256,2001,46.0
256,2002,55.0
256,2003,64.0
256,2004,52.0
256,2005,54.0
256,2006,55.0
256,2007,45.0
256,2008,59.0
256,2009,69.0
256,2010,53.0
256,2011,61.0
256,2012,57.0
256,2013,54.0
133,1961,0.0
133,1962,0.0
133,1963,0.0
133,1964,0.0
133,1965,0.0
133,1966,0.0
133,1967,0.0
133,1968,0.0
133,1969,0.0
133,1970,0.0
133,1971,0.0
133,1972,0.0
133,1973,0.0
133,1974,0.0
133,1975,0.0
133,1976,0.0
133,1977,0.0
133,1978,0.0
133,1979,0.0
133,1980,0.0
133,1981,0.0
133,1982,0.0
133,1983,0.0
133,1984,0.0
133,1985,1.0
133,1986,0.0
133,1987,0.0
133,1988,0.0
133,1989,0.0
133,1990,0.0
133,1991,0.0
133,1992,0.0
133,1993,0.0
133,1994,0.0
133,1995,0.0
133,1996,0.0
133,1997,0.0
133,1998,13.0
133,1999,0.0
133,2000,0.0
133,2001,20.0
133,2002,19.0
133,2003,19.0
133,2004,18.0
133,2005,18.0
133,2006,0.0
133,2007,0.0
133,2008,0.0
133,2009,0.0
133,2010,0.0
133,2011,0.0
133,2012,0.0
133,2013,0.0
134,1961,
134,1962,
134,1963,
134,1964,
134,1965,
134,1966,
134,1967,
134,1968,
134,1969,
134,1970,
134,1971,
134,1972,
134,1973,
134,1974,
134,1975,
134,1976,
134,1977,
134,1978,
134,1979,
134,1980,
134,1981,
134,1982,
134,1983,
134,1984,
134,1985,
134,1986,
134,1987,
134,1988,
134,1989,
134,1990,
134,1991,
134,1992,
134,1993,
134,1994,
134,1995,3.0
134,1996,2.0
134,1997,0.0
134,1998,8.0
134,1999,2.0
134,2000,0.0
134,2001,0.0
134,2002,1.0
134,2003,1.0
134,2004,1.0
134,2005,0.0
134,2006,0.0
134,2007,2.0
134,2008,0.0
134,2009,0.0
134,2010,0.0
134,2011,0.0
134,2012,0.0
134,2013,0.0
138,1961,250.0
138,1962,520.0
138,1963,400.0
138,1964,380.0
138,1965,378.0
138,1966,352.0
138,1967,650.0
138,1968,520.0
138,1969,405.0
138,1970,525.0
138,1971,427.0
138,1972,367.0
138,1973,422.0
138,1974,320.0
138,1975,0.0
138,1976,0.0
138,1977,0.0
138,1978,0.0
138,1979,0.0
138,1980,0.0
138,1981,0.0
138,1982,0.0
138,1983,0.0
138,1984,0.0
138,1985,0.0
138,1986,0.0
138,1987,0.0
138,1988,0.0
138,1989,0.0
138,1990,0.0
138,1991,0.0
138,1992,0.0
138,1993,0.0
138,1994,0.0
138,1995,0.0
138,1996,0.0
138,1997,0.0
138,1998,0.0
138,1999,0.0
138,2000,0.0
138,2001,0.0
138,2002,0.0
138,2003,0.0
138,2004,0.0
138,2005,0.0
138,2006,0.0
138,2007,0.0
138,2008,0.0
138,2009,0.0
138,2010,0.0
138,2011,0.0
138,2012,0.0
138,2013,0.0
143,1961,0.0
143,1962,0.0
143,1963,0.0
143,1964,0.0
143,1965,0.0
143,1966,0.0
143,1967,0.0
143,1968,0.0
143,1969,0.0
143,1970,0.0
143,1971,0.0
143,1972,0.0
143,1973,0.0
143,1974,0.0
143,1975,0.0
143,1976,0.0
143,1977,0.0
143,1978,0.0
143,1979,0.0
143,1980,0.0
143,1981,0.0
143,1982,0.0
143,1983,0.0
143,1984,0.0
143,1985,0.0
143,1986,0.0
143,1987,0.0
143,1988,0.0
143,1989,2.0
143,1990,2.0
143,1991,6.0
143,1992,0.0
143,1993,3.0
143,1994,0.0
143,1995,1.0
143,1996,0.0
143,1997,0.0
143,1998,3.0
143,1999,3.0
143,2000,1.0
143,2001,0.0
143,2002,1.0
143,2003,1.0
143,2004,0.0
143,2005,1.0
143,2006,4.0
143,2007,5.0
143,2008,7.0
143,2009,5.0
143,2010,5.0
143,2011,6.0
143,2012,5.0
143,2013,6.0
144,1961,
144,1962,
144,1963,
144,1964,
144,1965,
144,1966,
144,1967,
144,1968,
144,1969,
144,1970,
144,1971,
144,1972,
144,1973,
144,1974,
144,1975,
144,1976,
144,1977,
144,1978,
144,1979,
144,1980,
144,1981,
144,1982,
144,1983,
144,1984,
144,1985,
144,1986,
144,1987,
144,1988,
144,1989,
144,1990,
144,1991,
144,1992,
144,1993,
144,1994,
144,1995,
144,1996,
144,1997,
144,1998,
144,1999,
144,2000,
144,2001,
144,2002,
144,2003,
144,2004,
144,2005,
144,2006,
144,2007,
144,2008,
144,2009,
144,2010,
144,2011,
144,2012,
144,2013,
147,1961,
147,1962,
147,1963,
147,1964,
147,1965,
147,1966,
147,1967,
147,1968,
147,1969,
147,1970,
147,1971,
147,1972,
147,1973,
147,1974,
147,1975,
147,1976,
147,1977,
147,1978,
147,1979,
147,1980,
147,1981,
147,1982,
147,1983,
147,1984,
147,1985,
147,1986,
147,1987,
147,1988,
147,1989,
147,1990,
147,1991,
147,1992,
147,1993,
147,1994,
147,1995,
147,1996,
147,1997,
147,1998,
147,1999,
147,2000,
147,2001,
147,2002,
147,2003,
147,2004,
147,2005,
147,2006,
147,2007,
147,2008,
147,2009,
147,2010,
147,2011,
147,2012,1.0
147,2013,0.0
150,1961,0.0
150,1962,0.0
150,1963,0.0
150,1964,0.0
150,1965,0.0
150,1966,0.0
150,1967,0.0
150,1968,0.0
150,1969,0.0
150,1970,0.0
150,1971,0.0
150,1972,0.0
150,1973,0.0
150,1974,0.0
150,1975,0.0
150,1976,0.0
150,1977,0.0
150,1978,0.0
150,1979,0.0
150,1980,10.0
150,1981,20.0
150,1982,15.0
150,1983,19.0
150,1984,35.0
150,1985,31.0
150,1986,30.0
150,1987,43.0
150,1988,59.0
150,1989,38.0
150,1990,57.0
150,1991,71.0
150,1992,66.0
150,1993,30.0
150,1994,153.0
150,1995,45.0
150,1996,62.0
150,1997,52.0
150,1998,72.0
150,1999,85.0
150,2000,32.0
150,2001,67.0
150,2002,66.0
150,2003,69.0
150,2004,17.0
150,2005,17.0
150,2006,65.0
150,2007,40.0
150,2008,30.0
150,2009,34.0
150,2010,21.0
150,2011,29.0
150,2012,26.0
150,2013,28.0
156,1961,0.0
156,1962,0.0
156,1963,0.0
156,1964,0.0
156,1965,0.0
156,1966,0.0
156,1967,0.0
156,1968,0.0
156,1969,0.0
156,1970,0.0
156,1971,0.0
156,1972,0.0
156,1973,0.0
156,1974,0.0
156,1975,0.0
156,1976,0.0
156,1977,0.0
156,1978,0.0
156,1979,0.0
156,1980,0.0
156,1981,0.0
156,1982,0.0
156,1983,0.0
156,1984,9.0
156,1985,11.0
156,1986,11.0
156,1987,89.0
156,1988,81.0
156,1989,1.0
156,1990,1.0
156,1991,1.0
156,1992,1.0
156,1993,0.0
156,1994,1.0
156,1995,0.0
156,1996,1.0
156,1997,1.0
156,1998,1.0
156,1999,1.0
156,2000,1.0
156,2001,1.0
156,2002,2.0
156,2003,1.0
156,2004,0.0
156,2005,1.0
156,2006,1.0
156,2007,1.0
156,2008,1.0
156,2009,1.0
156,2010,1.0
156,2011,0.0
156,2012,5.0
156,2013,1.0
158,1961,
158,1962,
158,1963,
158,1964,
158,1965,
158,1966,
158,1967,
158,1968,
158,1969,
158,1970,
158,1971,
158,1972,
158,1973,
158,1974,
158,1975,
158,1976,
158,1977,
158,1978,
158,1979,
158,1980,
158,1981,
158,1982,
158,1983,
158,1984,
158,1985,
158,1986,
158,1987,
158,1988,
158,1989,
158,1990,
158,1991,
158,1992,
158,1993,
158,1994,0.0
158,1995,1.0
158,1996,0.0
158,1997,4.0
158,1998,2.0
158,1999,3.0
158,2000,2.0
158,2001,1.0
158,2002,0.0
158,2003,0.0
158,2004,0.0
158,2005,1.0
158,2006,1.0
158,2007,1.0
158,2008,2.0
158,2009,2.0
158,2010,1.0
158,2011,1.0
158,2012,1.0
158,2013,0.0
162,1961,
162,1962,
162,1963,
162,1964,
162,1965,
162,1966,
162,1967,
162,1968,
162,1969,
162,1970,
162,1971,
162,1972,
162,1973,
162,1974,
162,1975,
162,1976,
162,1977,
162,1978,
162,1979,
162,1980,
162,1981,
162,1982,
162,1983,
162,1984,
162,1985,
162,1986,
162,1987,
162,1988,
162,1989,
162,1990,
162,1991,
162,1992,
162,1993,6.0
162,1994,5.0
162,1995,7.0
162,1996,5.0
162,1997,5.0
162,1998,5.0
162,1999,3.0
162,2000,5.0
162,2001,7.0
162,2002,8.0
162,2003,8.0
162,2004,9.0
162,2005,9.0
162,2006,9.0
162,2007,10.0
162,2008,17.0
162,2009,9.0
162,2010,12.0
162,2011,11.0
162,2012,11.0
162,2013,14.0
221,1961,
221,1962,
221,1963,
221,1964,
221,1965,
221,1966,
221,1967,
221,1968,
221,1969,
221,1970,
221,1971,
221,1972,
221,1973,
221,1974,
221,1975,
221,1976,
221,1977,
221,1978,
221,1979,
221,1980,
221,1981,
221,1982,
221,1983,
221,1984,
221,1985,
221,1986,
221,1987,
221,1988,
221,1989,
221,1990,
221,1991,
221,1992,
221,1993,
221,1994,
221,1995,
221,1996,
221,1997,
221,1998,
221,1999,
221,2000,
221,2001,
221,2002,
221,2003,
221,2004,1.0
221,2005,0.0
221,2006,9.0
221,2007,0.0
221,2008,0.0
221,2009,0.0
221,2010,0.0
221,2011,0.0
221,2012,0.0
221,2013,0.0
165,1961,
165,1962,
165,1963,
165,1964,
165,1965,
165,1966,
165,1967,
165,1968,
165,1969,
165,1970,
165,1971,
165,1972,
165,1973,
165,1974,
165,1975,
165,1976,
165,1977,
165,1978,
165,1979,
165,1980,
165,1981,
165,1982,
165,1983,
165,1984,
165,1985,
165,1986,
165,1987,
165,1988,
165,1989,
165,1990,
165,1991,
165,1992,
165,1993,
165,1994,
165,1995,
165,1996,
165,1997,
165,1998,
165,1999,
165,2000,
165,2001,
165,2002,
165,2003,
165,2004,
165,2005,
165,2006,
165,2007,4.0
165,2008,85.0
165,2009,0.0
165,2010,0.0
165,2011,0.0
165,2012,0.0
165,2013,0.0
166,1961,0.0
166,1962,0.0
166,1963,0.0
166,1964,0.0
166,1965,0.0
166,1966,0.0
166,1967,0.0
166,1968,0.0
166,1969,0.0
166,1970,0.0
166,1971,0.0
166,1972,0.0
166,1973,0.0
166,1974,0.0
166,1975,0.0
166,1976,0.0
166,1977,0.0
166,1978,0.0
166,1979,0.0
166,1980,0.0
166,1981,0.0
166,1982,0.0
166,1983,0.0
166,1984,0.0
166,1985,0.0
166,1986,2.0
166,1987,5.0
166,1988,14.0
166,1989,7.0
166,1990,0.0
166,1991,1.0
166,1992,1.0
166,1993,1.0
166,1994,4.0
166,1995,0.0
166,1996,0.0
166,1997,0.0
166,1998,0.0
166,1999,0.0
166,2000,0.0
166,2001,0.0
166,2002,0.0
166,2003,0.0
166,2004,1.0
166,2005,0.0
166,2006,0.0
166,2007,0.0
166,2008,0.0
166,2009,0.0
166,2010,0.0
166,2011,0.0
166,2012,0.0
166,2013,0.0
169,1961,0.0
169,1962,0.0
169,1963,0.0
169,1964,0.0
169,1965,0.0
169,1966,0.0
169,1967,0.0
169,1968,0.0
169,1969,0.0
169,1970,0.0
169,1971,0.0
169,1972,0.0
169,1973,0.0
169,1974,0.0
169,1975,0.0
169,1976,0.0
169,1977,0.0
169,1978,0.0
169,1979,0.0
169,1980,0.0
169,1981,0.0
169,1982,0.0
169,1983,0.0
169,1984,0.0
169,1985,0.0
169,1986,0.0
169,1987,0.0
169,1988,1.0
169,1989,0.0
169,1990,0.0
169,1991,0.0
169,1992,0.0
169,1993,0.0
169,1994,0.0
169,1995,0.0
169,1996,0.0
169,1997,0.0
169,1998,0.0
169,1999,0.0
169,2000,0.0
169,2001,0.0
169,2002,0.0
169,2003,0.0
169,2004,0.0
169,2005,0.0
169,2006,0.0
169,2007,0.0
169,2008,0.0
169,2009,0.0
169,2010,0.0
169,2011,0.0
169,2012,0.0
169,2013,0.0
170,1961,
170,1962,
170,1963,
170,1964,
170,1965,
170,1966,
170,1967,
170,1968,
170,1969,
170,1970,
170,1971,
170,1972,
170,1973,
170,1974,
170,1975,
170,1976,
170,1977,
170,1978,
170,1979,
170,1980,
170,1981,
170,1982,
170,1983,
170,1984,
170,1985,
170,1986,
170,1987,
170,1988,
170,1989,
170,1990,
170,1991,
170,1992,
170,1993,
170,1994,
170,1995,
170,1996,
170,1997,
170,1998,
170,1999,
170,2000,
170,2001,0.0
170,2002,2.0
170,2003,0.0
170,2004,0.0
170,2005,0.0
170,2006,0.0
170,2007,0.0
170,2008,0.0
170,2009,0.0
170,2010,0.0
170,2011,0.0
170,2012,0.0
170,2013,0.0
171,1961,0.0
171,1962,0.0
171,1963,0.0
171,1964,0.0
171,1965,0.0
171,1966,0.0
171,1967,0.0
171,1968,0.0
171,1969,0.0
171,1970,0.0
171,1971,0.0
171,1972,0.0
171,1973,0.0
171,1974,0.0
171,1975,0.0
171,1976,0.0
171,1977,0.0
171,1978,0.0
171,1979,0.0
171,1980,0.0
171,1981,0.0
171,1982,0.0
171,1983,0.0
171,1984,0.0
171,1985,0.0
171,1986,0.0
171,1987,0.0
171,1988,0.0
171,1989,0.0
171,1990,0.0
171,1991,3.0
171,1992,2.0
171,1993,11.0
171,1994,7.0
171,1995,20.0
171,1996,18.0
171,1997,5.0
171,1998,4.0
171,1999,9.0
171,2000,2.0
171,2001,0.0
171,2002,5.0
171,2003,2.0
171,2004,21.0
171,2005,10.0
171,2006,34.0
171,2007,6.0
171,2008,22.0
171,2009,19.0
171,2010,21.0
171,2011,22.0
171,2012,15.0
171,2013,31.0
173,1961,
173,1962,
173,1963,
173,1964,
173,1965,
173,1966,
173,1967,
173,1968,
173,1969,
173,1970,
173,1971,
173,1972,
173,1973,
173,1974,
173,1975,
173,1976,
173,1977,
173,1978,
173,1979,
173,1980,
173,1981,
173,1982,
173,1983,
173,1984,
173,1985,
173,1986,
173,1987,
173,1988,
173,1989,
173,1990,
173,1991,
173,1992,
173,1993,
173,1994,
173,1995,
173,1996,
173,1997,
173,1998,
173,1999,
173,2000,
173,2001,
173,2002,
173,2003,
173,2004,2.0
173,2005,3.0
173,2006,1.0
173,2007,3.0
173,2008,4.0
173,2009,14.0
173,2010,11.0
173,2011,5.0
173,2012,2.0
173,2013,1.0
174,1961,0.0
174,1962,0.0
174,1963,0.0
174,1964,0.0
174,1965,0.0
174,1966,0.0
174,1967,0.0
174,1968,0.0
174,1969,0.0
174,1970,0.0
174,1971,0.0
174,1972,0.0
174,1973,0.0
174,1974,0.0
174,1975,0.0
174,1976,0.0
174,1977,0.0
174,1978,0.0
174,1979,0.0
174,1980,0.0
174,1981,0.0
174,1982,0.0
174,1983,0.0
174,1984,0.0
174,1985,2.0
174,1986,4.0
174,1987,1.0
174,1988,2.0
174,1989,8.0
174,1990,15.0
174,1991,11.0
174,1992,17.0
174,1993,32.0
174,1994,33.0
174,1995,48.0
174,1996,12.0
174,1997,114.0
174,1998,112.0
174,1999,122.0
174,2000,107.0
174,2001,116.0
174,2002,130.0
174,2003,132.0
174,2004,183.0
174,2005,164.0
174,2006,133.0
174,2007,201.0
174,2008,88.0
174,2009,63.0
174,2010,120.0
174,2011,77.0
174,2012,61.0
174,2013,51.0
179,1961,
179,1962,
179,1963,
179,1964,
179,1965,
179,1966,
179,1967,
179,1968,
179,1969,
179,1970,
179,1971,
179,1972,
179,1973,
179,1974,
179,1975,
179,1976,
179,1977,
179,1978,
179,1979,
179,1980,
179,1981,
179,1982,
179,1983,
179,1984,
179,1985,
179,1986,
179,1987,
179,1988,
179,1989,
179,1990,
179,1991,
179,1992,
179,1993,
179,1994,
179,1995,
179,1996,
179,1997,
179,1998,
179,1999,
179,2000,
179,2001,
179,2002,
179,2003,
179,2004,
179,2005,
179,2006,9.0
179,2007,2.0
179,2008,2.0
179,2009,2.0
179,2010,0.0
179,2011,2.0
179,2012,2.0
179,2013,3.0
146,1992,
146,1993,
146,1994,0.0
146,1995,0.0
146,1996,0.0
146,1997,0.0
146,1998,
146,1999,
146,2000,1.0
146,2001,2.0
146,2002,1.0
146,2003,0.0
146,2004,11.0
146,2005,8.0
146,2006,7.0
146,2007,0.0
146,2008,2.0
146,2009,0.0
146,2010,7.0
146,2011,0.0
146,2012,0.0
146,2013,23.0
183,1961,
183,1962,
183,1963,
183,1964,
183,1965,
183,1966,
183,1967,
183,1968,
183,1969,
183,1970,
183,1971,
183,1972,
183,1973,
183,1974,
183,1975,
183,1976,
183,1977,
183,1978,
183,1979,
183,1980,
183,1981,
183,1982,
183,1983,
183,1984,
183,1985,
183,1986,
183,1987,
183,1988,
183,1989,
183,1990,
183,1991,
183,1992,
183,1993,
183,1994,
183,1995,
183,1996,
183,1997,
183,1998,
183,1999,
183,2000,1480.0
183,2001,1212.0
183,2002,289.0
183,2003,466.0
183,2004,101.0
183,2005,45.0
183,2006,5.0
183,2007,5.0
183,2008,16.0
183,2009,8.0
183,2010,20.0
183,2011,16.0
183,2012,37.0
183,2013,29.0
185,1992,
185,1993,
185,1994,
185,1995,
185,1996,
185,1997,
185,1998,
185,1999,
185,2000,
185,2001,
185,2002,
185,2003,
185,2004,374.0
185,2005,116.0
185,2006,83.0
185,2007,119.0
185,2008,121.0
185,2009,70.0
185,2010,92.0
185,2011,80.0
185,2012,124.0
185,2013,156.0
188,1961,
188,1962,
188,1963,
188,1964,
188,1965,
188,1966,
188,1967,
188,1968,
188,1969,
188,1970,
188,1971,
188,1972,
188,1973,
188,1974,
188,1975,
188,1976,
188,1977,
188,1978,
188,1979,
188,1980,
188,1981,
188,1982,
188,1983,
188,1984,
188,1985,
188,1986,
188,1987,
188,1988,
188,1989,
188,1990,
188,1991,
188,1992,
188,1993,
188,1994,
188,1995,
188,1996,
188,1997,
188,1998,
188,1999,
188,2000,
188,2001,
188,2002,
188,2003,
188,2004,
188,2005,
188,2006,0.0
188,2007,0.0
188,2008,0.0
188,2009,0.0
188,2010,0.0
188,2011,0.0
188,2012,0.0
188,2013,0.0
189,1961,
189,1962,
189,1963,
189,1964,
189,1965,
189,1966,
189,1967,
189,1968,
189,1969,
189,1970,
189,1971,
189,1972,
189,1973,
189,1974,
189,1975,
189,1976,
189,1977,
189,1978,
189,1979,
189,1980,
189,1981,
189,1982,
189,1983,
189,1984,
189,1985,
189,1986,
189,1987,
189,1988,
189,1989,
189,1990,
189,1991,
189,1992,
189,1993,
189,1994,
189,1995,
189,1996,
189,1997,2.0
189,1998,1.0
189,1999,3.0
189,2000,5.0
189,2001,2.0
189,2002,2.0
189,2003,1.0
189,2004,2.0
189,2005,3.0
189,2006,1.0
189,2007,1.0
189,2008,1.0
189,2009,1.0
189,2010,1.0
189,2011,1.0
189,2012,1.0
189,2013,1.0
195,1961,0.0
195,1962,0.0
195,1963,0.0
195,1964,0.0
195,1965,0.0
195,1966,0.0
195,1967,0.0
195,1968,0.0
195,1969,0.0
195,1970,0.0
195,1971,0.0
195,1972,0.0
195,1973,0.0
195,1974,0.0
195,1975,0.0
195,1976,0.0
195,1977,0.0
195,1978,0.0
195,1979,0.0
195,1980,0.0
195,1981,0.0
195,1982,0.0
195,1983,0.0
195,1984,0.0
195,1985,0.0
195,1986,1.0
195,1987,3.0
195,1988,0.0
195,1989,1.0
195,1990,0.0
195,1991,0.0
195,1992,1.0
195,1993,1.0
195,1994,0.0
195,1995,1.0
195,1996,1.0
195,1997,0.0
195,1998,0.0
195,1999,0.0
195,2000,0.0
195,2001,0.0
195,2002,0.0
195,2003,0.0
195,2004,0.0
195,2005,0.0
195,2006,0.0
195,2007,0.0
195,2008,0.0
195,2009,0.0
195,2010,0.0
195,2011,0.0
195,2012,0.0
195,2013,0.0
272,2006,3.0
272,2007,0.0
272,2008,0.0
272,2009,0.0
272,2010,0.0
272,2011,0.0
272,2012,0.0
272,2013,0.0
199,1993,
199,1994,
199,1995,
199,1996,
199,1997,
199,1998,
199,1999,
199,2000,
199,2001,
199,2002,
199,2003,40.0
199,2004,2.0
199,2005,7.0
199,2006,26.0
199,2007,32.0
199,2008,17.0
199,2009,31.0
199,2010,24.0
199,2011,13.0
199,2012,12.0
199,2013,10.0
198,1992,
198,1993,
198,1994,
198,1995,
198,1996,
198,1997,
198,1998,
198,1999,
198,2000,
198,2001,
198,2002,
198,2003,
198,2004,9.0
198,2005,5.0
198,2006,3.0
198,2007,3.0
198,2008,2.0
198,2009,4.0
198,2010,6.0
198,2011,3.0
198,2012,3.0
198,2013,3.0
202,1961,
202,1962,
202,1963,
202,1964,
202,1965,
202,1966,
202,1967,
202,1968,
202,1969,
202,1970,
202,1971,
202,1972,
202,1973,
202,1974,
202,1975,
202,1976,
202,1977,
202,1978,
202,1979,
202,1980,
202,1981,
202,1982,
202,1983,
202,1984,
202,1985,
202,1986,
202,1987,
202,1988,
202,1989,
202,1990,
202,1991,
202,1992,
202,1993,
202,1994,
202,1995,1.0
202,1996,0.0
202,1997,1.0
202,1998,0.0
202,1999,0.0
202,2000,0.0
202,2001,3.0
202,2002,2.0
202,2003,15.0
202,2004,4.0
202,2005,6.0
202,2006,4.0
202,2007,6.0
202,2008,6.0
202,2009,4.0
202,2010,2.0
202,2011,1.0
202,2012,3.0
202,2013,3.0
203,1961,0.0
203,1962,0.0
203,1963,0.0
203,1964,0.0
203,1965,0.0
203,1966,0.0
203,1967,0.0
203,1968,0.0
203,1969,0.0
203,1970,0.0
203,1971,0.0
203,1972,0.0
203,1973,0.0
203,1974,0.0
203,1975,0.0
203,1976,0.0
203,1977,0.0
203,1978,0.0
203,1979,0.0
203,1980,0.0
203,1981,0.0
203,1982,0.0
203,1983,0.0
203,1984,1.0
203,1985,1.0
203,1986,32.0
203,1987,27.0
203,1988,64.0
203,1989,57.0
203,1990,74.0
203,1991,73.0
203,1992,104.0
203,1993,297.0
203,1994,452.0
203,1995,724.0
203,1996,593.0
203,1997,519.0
203,1998,688.0
203,1999,522.0
203,2000,707.0
203,2001,501.0
203,2002,1420.0
203,2003,564.0
203,2004,634.0
203,2005,748.0
203,2006,843.0
203,2007,1029.0
203,2008,830.0
203,2009,832.0
203,2010,920.0
203,2011,947.0
203,2012,1441.0
203,2013,1810.0
210,1961,0.0
210,1962,0.0
210,1963,0.0
210,1964,0.0
210,1965,0.0
210,1966,0.0
210,1967,0.0
210,1968,0.0
210,1969,0.0
210,1970,0.0
210,1971,0.0
210,1972,0.0
210,1973,0.0
210,1974,0.0
210,1975,0.0
210,1976,0.0
210,1977,0.0
210,1978,0.0
210,1979,0.0
210,1980,0.0
210,1981,0.0
210,1982,4.0
210,1983,4.0
210,1984,7.0
210,1985,4.0
210,1986,5.0
210,1987,6.0
210,1988,6.0
210,1989,6.0
210,1990,6.0
210,1991,6.0
210,1992,15.0
210,1993,3.0
210,1994,4.0
210,1995,24.0
210,1996,27.0
210,1997,8.0
210,1998,8.0
210,1999,16.0
210,2000,17.0
210,2001,19.0
210,2002,16.0
210,2003,30.0
210,2004,20.0
210,2005,28.0
210,2006,50.0
210,2007,17.0
210,2008,20.0
210,2009,16.0
210,2010,16.0
210,2011,9.0
210,2012,9.0
210,2013,12.0
211,1961,0.0
211,1962,0.0
211,1963,0.0
211,1964,0.0
211,1965,0.0
211,1966,0.0
211,1967,0.0
211,1968,0.0
211,1969,0.0
211,1970,0.0
211,1971,0.0
211,1972,0.0
211,1973,0.0
211,1974,0.0
211,1975,0.0
211,1976,0.0
211,1977,0.0
211,1978,0.0
211,1979,0.0
211,1980,0.0
211,1981,0.0
211,1982,0.0
211,1983,0.0
211,1984,0.0
211,1985,0.0
211,1986,0.0
211,1987,0.0
211,1988,54.0
211,1989,55.0
211,1990,51.0
211,1991,31.0
211,1992,22.0
211,1993,20.0
211,1994,19.0
211,1995,21.0
211,1996,146.0
211,1997,154.0
211,1998,166.0
211,1999,194.0
211,2000,179.0
211,2001,177.0
211,2002,181.0
211,2003,189.0
211,2004,188.0
211,2005,179.0
211,2006,186.0
211,2007,189.0
211,2008,161.0
211,2009,184.0
211,2010,182.0
211,2011,186.0
211,2012,208.0
211,2013,199.0
212,1961,
212,1962,
212,1963,
212,1964,
212,1965,
212,1966,
212,1967,
212,1968,
212,1969,
212,1970,
212,1971,
212,1972,
212,1973,
212,1974,
212,1975,
212,1976,
212,1977,
212,1978,
212,1979,
212,1980,
212,1981,
212,1982,
212,1983,
212,1984,
212,1985,
212,1986,
212,1987,
212,1988,
212,1989,2.0
212,1990,
212,1991,
212,1992,
212,1993,
212,1994,0.0
212,1995,0.0
212,1996,0.0
212,1997,0.0
212,1998,0.0
212,1999,0.0
212,2000,0.0
212,2001,0.0
212,2002,0.0
212,2003,0.0
212,2004,0.0
212,2005,0.0
212,2006,0.0
212,2007,0.0
212,2008,0.0
212,2009,0.0
212,2010,0.0
212,2011,0.0
212,2012,0.0
212,2013,0.0
216,1961,
216,1962,
216,1963,
216,1964,
216,1965,
216,1966,
216,1967,
216,1968,
216,1969,
216,1970,
216,1971,
216,1972,
216,1973,
216,1974,
216,1975,
216,1976,
216,1977,
216,1978,
216,1979,
216,1980,
216,1981,
216,1982,
216,1983,
216,1984,
216,1985,
216,1986,
216,1987,
216,1988,
216,1989,
216,1990,
216,1991,
216,1992,
216,1993,
216,1994,
216,1995,
216,1996,
216,1997,
216,1998,
216,1999,
216,2000,
216,2001,
216,2002,
216,2003,
216,2004,
216,2005,
216,2006,
216,2007,8.0
216,2008,12.0
216,2009,14.0
216,2010,12.0
216,2011,0.0
216,2012,0.0
216,2013,0.0
154,1992,
154,1993,
154,1994,
154,1995,
154,1996,
154,1997,
154,1998,
154,1999,
154,2000,
154,2001,
154,2002,
154,2003,
154,2004,
154,2005,
154,2006,
154,2007,
154,2008,
154,2009,
154,2010,
154,2011,
154,2012,0.0
154,2013,0.0
217,1961,0.0
217,1962,0.0
217,1963,0.0
217,1964,0.0
217,1965,0.0
217,1966,0.0
217,1967,0.0
217,1968,0.0
217,1969,0.0
217,1970,0.0
217,1971,0.0
217,1972,0.0
217,1973,0.0
217,1974,0.0
217,1975,0.0
217,1976,0.0
217,1977,0.0
217,1978,0.0
217,1979,0.0
217,1980,0.0
217,1981,0.0
217,1982,0.0
217,1983,0.0
217,1984,0.0
217,1985,0.0
217,1986,0.0
217,1987,0.0
217,1988,1.0
217,1989,0.0
217,1990,9.0
217,1991,77.0
217,1992,0.0
217,1993,0.0
217,1994,0.0
217,1995,0.0
217,1996,0.0
217,1997,0.0
217,1998,0.0
217,1999,0.0
217,2000,0.0
217,2001,0.0
217,2002,0.0
217,2003,0.0
217,2004,0.0
217,2005,0.0
217,2006,0.0
217,2007,0.0
217,2008,0.0
217,2009,0.0
217,2010,0.0
217,2011,0.0
217,2012,0.0
217,2013,0.0
219,1961,
219,1962,
219,1963,
219,1964,
219,1965,
219,1966,
219,1967,
219,1968,
219,1969,
219,1970,
219,1971,
219,1972,
219,1973,
219,1974,
219,1975,
219,1976,
219,1977,
219,1978,
219,1979,
219,1980,
219,1981,
219,1982,
219,1983,
219,1984,
219,1985,
219,1986,
219,1987,
219,1988,
219,1989,
219,1990,
219,1991,
219,1992,
219,1993,
219,1994,
219,1995,
219,1996,
219,1997,
219,1998,
219,1999,
219,2000,
219,2001,
219,2002,
219,2003,
219,2004,
219,2005,
219,2006,
219,2007,
219,2008,
219,2009,
219,2010,
219,2011,
219,2012,0.0
219,2013,0.0
222,1961,
222,1962,
222,1963,
222,1964,
222,1965,
222,1966,
222,1967,
222,1968,
222,1969,
222,1970,
222,1971,
222,1972,
222,1973,
222,1974,
222,1975,
222,1976,
222,1977,
222,1978,
222,1979,
222,1980,
222,1981,
222,1982,
222,1983,
222,1984,
222,1985,
222,1986,
222,1987,
222,1988,
222,1989,
222,1990,
222,1991,
222,1992,
222,1993,1.0
222,1994,1.0
222,1995,1.0
222,1996,0.0
222,1997,0.0
222,1998,1.0
222,1999,1.0
222,2000,1.0
222,2001,1.0
222,2002,0.0
222,2003,0.0
222,2004,1.0
222,2005,3.0
222,2006,0.0
222,2007,3.0
222,2008,0.0
222,2009,0.0
222,2010,0.0
222,2011,0.0
222,2012,0.0
222,2013,1.0
223,1961,
223,1962,
223,1963,
223,1964,
223,1965,
223,1966,
223,1967,
223,1968,
223,1969,
223,1970,
223,1971,
223,1972,
223,1973,
223,1974,
223,1975,
223,1976,
223,1977,
223,1978,
223,1979,
223,1980,
223,1981,
223,1982,
223,1983,
223,1984,
223,1985,
223,1986,
223,1987,
223,1988,
223,1989,
223,1990,
223,1991,
223,1992,
223,1993,0.0
223,1994,0.0
223,1995,1.0
223,1996,1.0
223,1997,3.0
223,1998,1.0
223,1999,0.0
223,2000,0.0
223,2001,0.0
223,2002,0.0
223,2003,0.0
223,2004,0.0
223,2005,0.0
223,2006,0.0
223,2007,0.0
223,2008,0.0
223,2009,0.0
223,2010,0.0
223,2011,0.0
223,2012,0.0
223,2013,0.0
225,1961,
225,1962,
225,1963,
225,1964,
225,1965,
225,1966,
225,1967,
225,1968,
225,1969,
225,1970,
225,1971,
225,1972,
225,1973,
225,1974,
225,1975,
225,1976,
225,1977,
225,1978,
225,1979,
225,1980,
225,1981,
225,1982,
225,1983,
225,1984,
225,1985,
225,1986,
225,1987,
225,1988,
225,1989,
225,1990,
225,1991,
225,1992,
225,1993,
225,1994,
225,1995,
225,1996,
225,1997,
225,1998,
225,1999,
225,2000,
225,2001,
225,2002,30.0
225,2003,25.0
225,2004,12.0
225,2005,0.0
225,2006,10.0
225,2007,4.0
225,2008,0.0
225,2009,0.0
225,2010,0.0
225,2011,0.0
225,2012,0.0
225,2013,0.0
229,1961,0.0
229,1962,0.0
229,1963,0.0
229,1964,0.0
229,1965,0.0
229,1966,0.0
229,1967,0.0
229,1968,0.0
229,1969,0.0
229,1970,0.0
229,1971,0.0
229,1972,0.0
229,1973,380.0
229,1974,140.0
229,1975,34.0
229,1976,83.0
229,1977,68.0
229,1978,55.0
229,1979,59.0
229,1980,71.0
229,1981,92.0
229,1982,69.0
229,1983,67.0
229,1984,84.0
229,1985,83.0
229,1986,120.0
229,1987,126.0
229,1988,107.0
229,1989,89.0
229,1990,103.0
229,1991,89.0
229,1992,141.0
229,1993,97.0
229,1994,80.0
229,1995,45.0
229,1996,112.0
229,1997,254.0
229,1998,373.0
229,1999,633.0
229,2000,1239.0
229,2001,1972.0
229,2002,1797.0
229,2003,2443.0
229,2004,4646.0
229,2005,3874.0
229,2006,4131.0
229,2007,4091.0
229,2008,385.0
229,2009,927.0
229,2010,502.0
229,2011,532.0
229,2012,269.0
229,2013,224.0
215,1961,
215,1962,
215,1963,
215,1964,
215,1965,
215,1966,
215,1967,
215,1968,
215,1969,
215,1970,
215,1971,
215,1972,
215,1973,
215,1974,
215,1975,
215,1976,
215,1977,
215,1978,
215,1979,
215,1980,
215,1981,
215,1982,
215,1983,
215,1984,
215,1985,
215,1986,
215,1987,
215,1988,
215,1989,
215,1990,
215,1991,
215,1992,
215,1993,
215,1994,
215,1995,1.0
215,1996,
215,1997,
215,1998,0.0
215,1999,0.0
215,2000,0.0
215,2001,90.0
215,2002,0.0
215,2003,0.0
215,2004,0.0
215,2005,0.0
215,2006,0.0
215,2007,0.0
215,2008,0.0
215,2009,0.0
215,2010,0.0
215,2011,0.0
215,2012,0.0
215,2013,0.0
231,1961,112.0
231,1962,93.0
231,1963,41.0
231,1964,24.0
231,1965,24.0
231,1966,36.0
231,1967,48.0
231,1968,48.0
231,1969,45.0
231,1970,39.0
231,1971,42.0
231,1972,27.0
231,1973,40.0
231,1974,86.0
231,1975,41.0
231,1976,55.0
231,1977,64.0
231,1978,72.0
231,1979,41.0
231,1980,34.0
231,1981,43.0
231,1982,61.0
231,1983,72.0
231,1984,106.0
231,1985,86.0
231,1986,89.0
231,1987,54.0
231,1988,71.0
231,1989,76.0
231,1990,46.0
231,1991,49.0
231,1992,36.0
231,1993,38.0
231,1994,32.0
231,1995,33.0
231,1996,29.0
231,1997,22.0
231,1998,34.0
231,1999,43.0
231,2000,42.0
231,2001,25.0
231,2002,21.0
231,2003,16.0
231,2004,12.0
231,2005,26.0
231,2006,6.0
231,2007,10.0
231,2008,6.0
231,2009,1.0
231,2010,1.0
231,2011,1.0
231,2012,0.0
231,2013,0.0
228,1961,900.0
228,1962,0.0
228,1963,0.0
228,1964,0.0
228,1965,0.0
228,1966,0.0
228,1967,0.0
228,1968,0.0
228,1969,300.0
228,1970,0.0
228,1971,0.0
228,1972,0.0
228,1973,0.0
228,1974,0.0
228,1975,0.0
228,1976,0.0
228,1977,2771.0
228,1978,0.0
228,1979,0.0
228,1980,0.0
228,1981,0.0
228,1982,0.0
228,1983,0.0
228,1984,0.0
228,1985,0.0
228,1986,0.0
228,1987,0.0
228,1988,0.0
228,1989,0.0
228,1990,0.0
228,1991,0.0
351,1961,0.0
351,1962,0.0
351,1963,0.0
351,1964,0.0
351,1965,0.0
351,1966,0.0
351,1967,0.0
351,1968,0.0
351,1969,0.0
351,1970,0.0
351,1971,0.0
351,1972,0.0
351,1973,0.0
351,1974,0.0
351,1975,0.0
351,1976,0.0
351,1977,0.0
351,1978,0.0
351,1979,0.0
351,1980,0.0
351,1981,0.0
351,1982,0.0
351,1983,0.0
351,1984,0.0
351,1985,0.0
351,1986,
351,1987,
351,1988,
351,1989,
351,1990,
351,1991,
351,1992,2.0
351,1993,9.0
351,1994,1.0
351,1995,2.0
351,1996,20.0
351,1997,2.0
351,1998,
351,1999,1.0
351,2000,1.0
351,2001,0.0
351,2002,0.0
351,2003,0.0
351,2004,2.0
351,2005,3.0
351,2006,3.0
351,2007,12.0
351,2008,17.0
351,2009,5.0
351,2010,0.0
351,2011,0.0
351,2012,2.0
351,2013,0.0
5000,1961,1281.0
5000,1962,633.0
5000,1963,501.0
5000,1964,462.0
5000,1965,493.0
5000,1966,507.0
5000,1967,766.0
5000,1968,631.0
5000,1969,1012.0
5000,1970,1014.0
5000,1971,939.0
5000,1972,766.0
5000,1973,972.0
5000,1974,700.0
5000,1975,187.0
5000,1976,302.0
5000,1977,3122.0
5000,1978,319.0
5000,1979,318.0
5000,1980,391.0
5000,1981,414.0
5000,1982,341.0
5000,1983,397.0
5000,1984,520.0
5000,1985,466.0
5000,1986,603.0
5000,1987,1046.0
5000,1988,836.0
5000,1989,803.0
5000,1990,797.0
5000,1991,887.0
5000,1992,922.0
5000,1993,1149.0
5000,1994,1847.0
5000,1995,2074.0
5000,1996,2150.0
5000,1997,2888.0
5000,1998,5349.0
5000,1999,3930.0
5000,2000,5180.0
5000,2001,5611.0
5000,2002,6539.0
5000,2003,5867.0
5000,2004,7679.0
5000,2005,6767.0
5000,2006,6666.0
5000,2007,7594.0
5000,2008,3659.0
5000,2009,3630.0
5000,2010,3424.0
5000,2011,3833.0
5000,2012,3740.0
5000,2013,3993.0
5100,1961,0.0
5100,1962,0.0
5100,1963,0.0
5100,1964,0.0
5100,1965,0.0
5100,1966,0.0
5100,1967,0.0
5100,1968,0.0
5100,1969,0.0
5100,1970,0.0
5100,1971,0.0
5100,1972,0.0
5100,1973,0.0
5100,1974,0.0
5100,1975,0.0
5100,1976,0.0
5100,1977,0.0
5100,1978,0.0
5100,1979,0.0
5100,1980,0.0
5100,1981,0.0
5100,1982,0.0
5100,1983,0.0
5100,1984,61.0
5100,1985,18.0
5100,1986,41.0
5100,1987,428.0
5100,1988,15.0
5100,1989,17.0
5100,1990,23.0
5100,1991,92.0
5100,1992,30.0
5100,1993,17.0
5100,1994,5.0
5100,1995,8.0
5100,1996,3.0
5100,1997,29.0
5100,1998,44.0
5100,1999,27.0
5100,2000,60.0
5100,2001,123.0
5100,2002,66.0
5100,2003,42.0
5100,2004,31.0
5100,2005,58.0
5100,2006,22.0
5100,2007,39.0
5100,2008,25.0
5100,2009,19.0
5100,2010,39.0
5100,2011,22.0
5100,2012,22.0
5100,2013,20.0
5101,1961,
5101,1962,
5101,1963,
5101,1964,
5101,1965,
5101,1966,
5101,1967,
5101,1968,
5101,1969,
5101,1970,
5101,1971,
5101,1972,
5101,1973,
5101,1974,
5101,1975,
5101,1976,
5101,1977,
5101,1978,
5101,1979,
5101,1980,
5101,1981,
5101,1982,
5101,1983,
5101,1984,
5101,1985,
5101,1986,
5101,1987,
5101,1988,
5101,1989,
5101,1990,
5101,1991,
5101,1992,16.0
5101,1993,0.0
5101,1994,0.0
5101,1995,1.0
5101,1996,0.0
5101,1997,0.0
5101,1998,0.0
5101,1999,0.0
5101,2000,0.0
5101,2001,90.0
5101,2002,0.0
5101,2003,0.0
5101,2004,0.0
5101,2005,0.0
5101,2006,0.0
5101,2007,0.0
5101,2008,0.0
5101,2009,0.0
5101,2010,0.0
5101,2011,0.0
5101,2012,0.0
5101,2013,0.0
5102,1961,0.0
5102,1962,0.0
5102,1963,0.0
5102,1964,0.0
5102,1965,0.0
5102,1966,0.0
5102,1967,0.0
5102,1968,0.0
5102,1969,0.0
5102,1970,0.0
5102,1971,0.0
5102,1972,0.0
5102,1973,0.0
5102,1974,0.0
5102,1975,0.0
5102,1976,0.0
5102,1977,0.0
5102,1978,0.0
5102,1979,0.0
5102,1980,0.0
5102,1981,0.0
5102,1982,0.0
5102,1983,0.0
5102,1984,17.0
5102,1985,17.0
5102,1986,40.0
5102,1987,15.0
5102,1988,14.0
5102,1989,13.0
5102,1990,12.0
5102,1991,9.0
5102,1992,13.0
5102,1993,12.0
5102,1994,4.0
5102,1995,2.0
5102,1996,2.0
5102,1997,24.0
5102,1998,24.0
5102,1999,20.0
5102,2000,6.0
5102,2001,8.0
5102,2002,5.0
5102,2003,7.0
5102,2004,7.0
5102,2005,28.0
5102,2006,12.0
5102,2007,22.0
5102,2008,8.0
5102,2009,6.0
5102,2010,31.0
5102,2011,14.0
5102,2012,12.0
5102,2013,10.0
5103,1961,0.0
5103,1962,0.0
5103,1963,0.0
5103,1964,0.0
5103,1965,0.0
5103,1966,0.0
5103,1967,0.0
5103,1968,0.0
5103,1969,0.0
5103,1970,0.0
5103,1971,0.0
5103,1972,0.0
5103,1973,0.0
5103,1974,0.0
5103,1975,0.0
5103,1976,0.0
5103,1977,0.0
5103,1978,0.0
5103,1979,0.0
5103,1980,0.0
5103,1981,0.0
5103,1982,0.0
5103,1983,0.0
5103,1984,44.0
5103,1985,0.0
5103,1986,0.0
5103,1987,408.0
5103,1988,0.0
5103,1989,3.0
5103,1990,2.0
5103,1991,6.0
5103,1992,0.0
5103,1993,4.0
5103,1994,1.0
5103,1995,2.0
5103,1996,0.0
5103,1997,0.0
5103,1998,4.0
5103,1999,4.0
5103,2000,52.0
5103,2001,1.0
5103,2002,1.0
5103,2003,1.0
5103,2004,1.0
5103,2005,4.0
5103,2006,4.0
5103,2007,8.0
5103,2008,7.0
5103,2009,5.0
5103,2010,5.0
5103,2011,6.0
5103,2012,5.0
5103,2013,7.0
5104,1961,
5104,1962,
5104,1963,
5104,1964,
5104,1965,
5104,1966,
5104,1967,
5104,1968,
5104,1969,
5104,1970,
5104,1971,
5104,1972,
5104,1973,
5104,1974,
5104,1975,
5104,1976,
5104,1977,
5104,1978,
5104,1979,
5104,1980,
5104,1981,
5104,1982,
5104,1983,
5104,1984,
5104,1985,
5104,1986,
5104,1987,
5104,1988,
5104,1989,
5104,1990,
5104,1991,
5104,1992,
5104,1993,
5104,1994,
5104,1995,1.0
5104,1996,0.0
5104,1997,1.0
5104,1998,0.0
5104,1999,0.0
5104,2000,0.0
5104,2001,3.0
5104,2002,41.0
5104,2003,15.0
5104,2004,4.0
5104,2005,6.0
5104,2006,4.0
5104,2007,6.0
5104,2008,6.0
5104,2009,4.0
5104,2010,2.0
5104,2011,1.0
5104,2012,4.0
5104,2013,3.0
5105,1961,0.0
5105,1962,0.0
5105,1963,0.0
5105,1964,0.0
5105,1965,0.0
5105,1966,0.0
5105,1967,0.0
5105,1968,0.0
5105,1969,0.0
5105,1970,0.0
5105,1971,0.0
5105,1972,0.0
5105,1973,0.0
5105,1974,0.0
5105,1975,0.0
5105,1976,0.0
5105,1977,0.0
5105,1978,0.0
5105,1979,0.0
5105,1980,0.0
5105,1981,0.0
5105,1982,0.0
5105,1983,0.0
5105,1984,0.0
5105,1985,1.0
5105,1986,1.0
5105,1987,5.0
5105,1988,1.0
5105,1989,1.0
5105,1990,9.0
5105,1991,77.0
5105,1992,1.0
5105,1993,1.0
5105,1994,0.0
5105,1995,2.0
5105,1996,1.0
5105,1997,4.0
5105,1998,16.0
5105,1999,3.0
5105,2000,2.0
5105,2001,21.0
5105,2002,19.0
5105,2003,19.0
5105,2004,19.0
5105,2005,20.0
5105,2006,2.0
5105,2007,3.0
5105,2008,4.0
5105,2009,4.0
5105,2010,1.0
5105,2011,1.0
5105,2012,1.0
5105,2013,0.0
5200,1961,362.0
5200,1962,613.0
5200,1963,441.0
5200,1964,404.0
5200,1965,402.0
5200,1966,388.0
5200,1967,698.0
5200,1968,568.0
5200,1969,450.0
5200,1970,564.0
5200,1971,469.0
5200,1972,394.0
5200,1973,462.0
5200,1974,406.0
5200,1975,56.0
5200,1976,86.0
5200,1977,78.0
5200,1978,89.0
5200,1979,64.0
5200,1980,55.0
5200,1981,76.0
5200,1982,71.0
5200,1983,72.0
5200,1984,107.0
5200,1985,89.0
5200,1986,98.0
5200,1987,64.0
5200,1988,92.0
5200,1989,85.0
5200,1990,51.0
5200,1991,50.0
5200,1992,40.0
5200,1993,42.0
5200,1994,42.0
5200,1995,41.0
5200,1996,30.0
5200,1997,27.0
5200,1998,39.0
5200,1999,56.0
5200,2000,54.0
5200,2001,31.0
5200,2002,30.0
5200,2003,20.0
5200,2004,17.0
5200,2005,32.0
5200,2006,7.0
5200,2007,14.0
5200,2008,7.0
5200,2009,3.0
5200,2010,3.0
5200,2011,5.0
5200,2012,3.0
5200,2013,4.0
5203,1961,112.0
5203,1962,93.0
5203,1963,41.0
5203,1964,24.0
5203,1965,24.0
5203,1966,36.0
5203,1967,48.0
5203,1968,48.0
5203,1969,45.0
5203,1970,39.0
5203,1971,42.0
5203,1972,27.0
5203,1973,40.0
5203,1974,86.0
5203,1975,41.0
5203,1976,55.0
5203,1977,64.0
5203,1978,72.0
5203,1979,41.0
5203,1980,34.0
5203,1981,43.0
5203,1982,61.0
5203,1983,72.0
5203,1984,106.0
5203,1985,86.0
5203,1986,89.0
5203,1987,54.0
5203,1988,71.0
5203,1989,76.0
5203,1990,46.0
5203,1991,49.0
5203,1992,36.0
5203,1993,38.0
5203,1994,38.0
5203,1995,41.0
5203,1996,30.0
5203,1997,23.0
5203,1998,36.0
5203,1999,51.0
5203,2000,48.0
5203,2001,29.0
5203,2002,26.0
5203,2003,17.0
5203,2004,14.0
5203,2005,28.0
5203,2006,6.0
5203,2007,13.0
5203,2008,6.0
5203,2009,2.0
5203,2010,2.0
5203,2011,4.0
5203,2012,2.0
5203,2013,3.0
5204,1961,250.0
5204,1962,520.0
5204,1963,400.0
5204,1964,380.0
5204,1965,378.0
5204,1966,352.0
5204,1967,650.0
5204,1968,520.0
5204,1969,405.0
5204,1970,525.0
5204,1971,427.0
5204,1972,367.0
5204,1973,422.0
5204,1974,320.0
5204,1975,0.0
5204,1976,0.0
5204,1977,0.0
5204,1978,0.0
5204,1979,0.0
5204,1980,0.0
5204,1981,0.0
5204,1982,0.0
5204,1983,0.0
5204,1984,0.0
5204,1985,0.0
5204,1986,2.0
5204,1987,5.0
5204,1988,14.0
5204,1989,7.0
5204,1990,0.0
5204,1991,1.0
5204,1992,1.0
5204,1993,1.0
5204,1994,4.0
5204,1995,0.0
5204,1996,0.0
5204,1997,0.0
5204,1998,0.0
5204,1999,0.0
5204,2000,0.0
5204,2001,0.0
5204,2002,0.0
5204,2003,0.0
5204,2004,1.0
5204,2005,0.0
5204,2006,0.0
5204,2007,0.0
5204,2008,0.0
5204,2009,0.0
5204,2010,0.0
5204,2011,0.0
5204,2012,0.0
5204,2013,0.0
5206,1961,
5206,1962,
5206,1963,
5206,1964,
5206,1965,
5206,1966,
5206,1967,
5206,1968,
5206,1969,
5206,1970,
5206,1971,
5206,1972,
5206,1973,
5206,1974,
5206,1975,
5206,1976,
5206,1977,
5206,1978,
5206,1979,
5206,1980,
5206,1981,
5206,1982,
5206,1983,
5206,1984,
5206,1985,
5206,1986,
5206,1987,
5206,1988,
5206,1989,
5206,1990,
5206,1991,
5206,1992,
5206,1993,
5206,1994,
5206,1995,0.0
5206,1996,0.0
5206,1997,4.0
5206,1998,3.0
5206,1999,5.0
5206,2000,6.0
5206,2001,2.0
5206,2002,2.0
5206,2003,3.0
5206,2004,2.0
5206,2005,4.0
5206,2006,1.0
5206,2007,1.0
5206,2008,1.0
5206,2009,1.0
5206,2010,1.0
5206,2011,1.0
5206,2012,1.0
5206,2013,1.0
5207,1961,0.0
5207,1962,0.0
5207,1963,0.0
5207,1964,0.0
5207,1965,0.0
5207,1966,0.0
5207,1967,0.0
5207,1968,0.0
5207,1969,0.0
5207,1970,0.0
5207,1971,0.0
5207,1972,0.0
5207,1973,0.0
5207,1974,0.0
5207,1975,15.0
5207,1976,31.0
5207,1977,14.0
5207,1978,17.0
5207,1979,23.0
5207,1980,21.0
5207,1981,33.0
5207,1982,10.0
5207,1983,0.0
5207,1984,1.0
5207,1985,3.0
5207,1986,7.0
5207,1987,5.0
5207,1988,7.0
5207,1989,2.0
5207,1990,5.0
5207,1991,0.0
5207,1992,3.0
5207,1993,3.0
5207,1994,0.0
5207,1995,0.0
5207,1996,0.0
5207,1997,0.0
5207,1998,0.0
5207,1999,0.0
5207,2000,0.0
5207,2001,0.0
5207,2002,2.0
5207,2003,0.0
5207,2004,0.0
5207,2005,0.0
5207,2006,0.0
5207,2007,0.0
5207,2008,0.0
5207,2009,0.0
5207,2010,0.0
5207,2011,0.0
5207,2012,0.0
5207,2013,0.0
5300,1961,0.0
5300,1962,0.0
5300,1963,0.0
5300,1964,0.0
5300,1965,0.0
5300,1966,0.0
5300,1967,0.0
5300,1968,0.0
5300,1969,0.0
5300,1970,0.0
5300,1971,0.0
5300,1972,0.0
5300,1973,0.0
5300,1974,0.0
5300,1975,0.0
5300,1976,0.0
5300,1977,0.0
5300,1978,0.0
5300,1979,0.0
5300,1980,0.0
5300,1981,0.0
5300,1982,10.0
5300,1983,3.0
5300,1984,0.0
5300,1985,0.0
5300,1986,2.0
5300,1987,0.0
5300,1988,1.0
5300,1989,49.0
5300,1990,37.0
5300,1991,36.0
5300,1992,20.0
5300,1993,44.0
5300,1994,24.0
5300,1995,49.0
5300,1996,41.0
5300,1997,133.0
5300,1998,135.0
5300,1999,195.0
5300,2000,151.0
5300,2001,102.0
5300,2002,222.0
5300,2003,203.0
5300,2004,109.0
5300,2005,278.0
5300,2006,76.0
5300,2007,311.0
5300,2008,518.0
5300,2009,363.0
5300,2010,222.0
5300,2011,268.0
5300,2012,76.0
5300,2013,75.0
5301,1992,
5301,1993,
5301,1994,
5301,1995,
5301,1996,
5301,1997,
5301,1998,
5301,1999,
5301,2000,
5301,2001,
5301,2002,3.0
5301,2003,19.0
5301,2004,20.0
5301,2005,218.0
5301,2006,4.0
5301,2007,242.0
5301,2008,327.0
5301,2009,299.0
5301,2010,147.0
5301,2011,219.0
5301,2012,2.0
5301,2013,2.0
5302,1961,0.0
5302,1962,0.0
5302,1963,0.0
5302,1964,0.0
5302,1965,0.0
5302,1966,0.0
5302,1967,0.0
5302,1968,0.0
5302,1969,0.0
5302,1970,0.0
5302,1971,0.0
5302,1972,0.0
5302,1973,0.0
5302,1974,0.0
5302,1975,0.0
5302,1976,0.0
5302,1977,0.0
5302,1978,0.0
5302,1979,0.0
5302,1980,0.0
5302,1981,0.0
5302,1982,0.0
5302,1983,0.0
5302,1984,0.0
5302,1985,0.0
5302,1986,
5302,1987,
5302,1988,
5302,1989,
5302,1990,
5302,1991,
5302,1992,2.0
5302,1993,9.0
5302,1994,1.0
5302,1995,2.0
5302,1996,20.0
5302,1997,2.0
5302,1998,
5302,1999,1.0
5302,2000,1.0
5302,2001,0.0
5302,2002,0.0
5302,2003,0.0
5302,2004,2.0
5302,2005,3.0
5302,2006,3.0
5302,2007,12.0
5302,2008,17.0
5302,2009,5.0
5302,2010,0.0
5302,2011,0.0
5302,2012,2.0
5302,2013,0.0
5303,1961,
5303,1962,
5303,1963,
5303,1964,
5303,1965,
5303,1966,
5303,1967,
5303,1968,
5303,1969,
5303,1970,
5303,1971,
5303,1972,
5303,1973,
5303,1974,
5303,1975,
5303,1976,
5303,1977,
5303,1978,
5303,1979,
5303,1980,
5303,1981,
5303,1982,
5303,1983,
5303,1984,
5303,1985,
5303,1986,
5303,1987,
5303,1988,
5303,1989,
5303,1990,
5303,1991,
5303,1992,
5303,1993,
5303,1994,
5303,1995,
5303,1996,
5303,1997,
5303,1998,
5303,1999,
5303,2000,
5303,2001,
5303,2002,
5303,2003,
5303,2004,
5303,2005,1.0
5303,2006,1.0
5303,2007,4.0
5303,2008,85.0
5303,2009,0.0
5303,2010,0.0
5303,2011,0.0
5303,2012,0.0
5303,2013,0.0
5304,1961,0.0
5304,1962,0.0
5304,1963,0.0
5304,1964,0.0
5304,1965,0.0
5304,1966,0.0
5304,1967,0.0
5304,1968,0.0
5304,1969,0.0
5304,1970,0.0
5304,1971,0.0
5304,1972,0.0
5304,1973,0.0
5304,1974,0.0
5304,1975,0.0
5304,1976,0.0
5304,1977,0.0
5304,1978,0.0
5304,1979,0.0
5304,1980,0.0
5304,1981,0.0
5304,1982,10.0
5304,1983,3.0
5304,1984,0.0
5304,1985,0.0
5304,1986,2.0
5304,1987,0.0
5304,1988,0.0
5304,1989,0.0
5304,1990,0.0
5304,1991,3.0
5304,1992,2.0
5304,1993,11.0
5304,1994,7.0
5304,1995,20.0
5304,1996,18.0
5304,1997,5.0
5304,1998,4.0
5304,1999,9.0
5304,2000,2.0
5304,2001,0.0
5304,2002,31.0
5304,2003,6.0
5304,2004,45.0
5304,2005,10.0
5304,2006,34.0
5304,2007,14.0
5304,2008,34.0
5304,2009,33.0
5304,2010,33.0
5304,2011,22.0
5304,2012,15.0
5304,2013,32.0
5305,1961,0.0
5305,1962,0.0
5305,1963,0.0
5305,1964,0.0
5305,1965,0.0
5305,1966,0.0
5305,1967,0.0
5305,1968,0.0
5305,1969,0.0
5305,1970,0.0
5305,1971,0.0
5305,1972,0.0
5305,1973,0.0
5305,1974,0.0
5305,1975,0.0
5305,1976,0.0
5305,1977,0.0
5305,1978,0.0
5305,1979,0.0
5305,1980,0.0
5305,1981,0.0
5305,1982,0.0
5305,1983,0.0
5305,1984,0.0
5305,1985,0.0
5305,1986,0.0
5305,1987,0.0
5305,1988,1.0
5305,1989,49.0
5305,1990,37.0
5305,1991,33.0
5305,1992,16.0
5305,1993,24.0
5305,1994,16.0
5305,1995,27.0
5305,1996,3.0
5305,1997,126.0
5305,1998,131.0
5305,1999,185.0
5305,2000,148.0
5305,2001,102.0
5305,2002,188.0
5305,2003,178.0
5305,2004,42.0
5305,2005,46.0
5305,2006,34.0
5305,2007,39.0
5305,2008,55.0
5305,2009,26.0
5305,2010,42.0
5305,2011,27.0
5305,2012,57.0
5305,2013,41.0
5400,1961,919.0
5400,1962,20.0
5400,1963,60.0
5400,1964,58.0
5400,1965,91.0
5400,1966,119.0
5400,1967,68.0
5400,1968,63.0
5400,1969,562.0
5400,1970,450.0
5400,1971,470.0
5400,1972,372.0
5400,1973,510.0
5400,1974,294.0
5400,1975,131.0
5400,1976,216.0
5400,1977,3044.0
5400,1978,230.0
5400,1979,254.0
5400,1980,336.0
5400,1981,338.0
5400,1982,260.0
5400,1983,322.0
5400,1984,343.0
5400,1985,348.0
5400,1986,451.0
5400,1987,465.0
5400,1988,647.0
5400,1989,651.0
5400,1990,685.0
5400,1991,708.0
5400,1992,831.0
5400,1993,1046.0
5400,1994,1775.0
5400,1995,1976.0
5400,1996,2075.0
5400,1997,2698.0
5400,1998,5130.0
5400,1999,3651.0
5400,2000,4913.0
5400,2001,5354.0
5400,2002,6219.0
5400,2003,5597.0
5400,2004,7522.0
5400,2005,6398.0
5400,2006,6560.0
5400,2007,7229.0
5400,2008,3108.0
5400,2009,3244.0
5400,2010,3159.0
5400,2011,3538.0
5400,2012,3634.0
5400,2013,3893.0
5401,1961,900.0
5401,1962,0.0
5401,1963,0.0
5401,1964,0.0
5401,1965,0.0
5401,1966,0.0
5401,1967,0.0
5401,1968,0.0
5401,1969,300.0
5401,1970,0.0
5401,1971,0.0
5401,1972,0.0
5401,1973,0.0
5401,1974,0.0
5401,1975,0.0
5401,1976,0.0
5401,1977,2771.0
5401,1978,0.0
5401,1979,0.0
5401,1980,0.0
5401,1981,0.0
5401,1982,0.0
5401,1983,0.0
5401,1984,0.0
5401,1985,0.0
5401,1986,0.0
5401,1987,0.0
5401,1988,0.0
5401,1989,0.0
5401,1990,0.0
5401,1991,0.0
5401,1992,
5401,1993,
5401,1994,0.0
5401,1995,0.0
5401,1996,20.0
5401,1997,10.0
5401,1998,31.0
5401,1999,14.0
5401,2000,1485.0
5401,2001,1224.0
5401,2002,295.0
5401,2003,516.0
5401,2004,503.0
5401,2005,259.0
5401,2006,132.0
5401,2007,497.0
5401,2008,447.0
5401,2009,152.0
5401,2010,251.0
5401,2011,346.0
5401,2012,392.0
5401,2013,454.0
5402,1961,0.0
5402,1962,0.0
5402,1963,0.0
5402,1964,0.0
5402,1965,0.0
5402,1966,1.0
5402,1967,1.0
5402,1968,1.0
5402,1969,0.0
5402,1970,0.0
5402,1971,0.0
5402,1972,0.0
5402,1973,389.0
5402,1974,145.0
5402,1975,37.0
5402,1976,86.0
5402,1977,73.0
5402,1978,64.0
5402,1979,71.0
5402,1980,87.0
5402,1981,114.0
5402,1982,84.0
5402,1983,83.0
5402,1984,108.0
5402,1985,94.0
5402,1986,132.0
5402,1987,147.0
5402,1988,135.0
5402,1989,113.0
5402,1990,131.0
5402,1991,110.0
5402,1992,173.0
5402,1993,140.0
5402,1994,99.0
5402,1995,94.0
5402,1996,160.0
5402,1997,336.0
5402,1998,526.0
5402,1999,822.0
5402,2000,1307.0
5402,2001,2355.0
5402,2002,3028.0
5402,2003,3242.0
5402,2004,5226.0
5402,2005,4163.0
5402,2006,4394.0
5402,2007,4485.0
5402,2008,818.0
5402,2009,1112.0
5402,2010,668.0
5402,2011,707.0
5402,2012,632.0
5402,2013,374.0
5403,1961,0.0
5403,1962,7.0
5403,1963,13.0
5403,1964,12.0
5403,1965,13.0
5403,1966,21.0
5403,1967,16.0
5403,1968,20.0
5403,1969,50.0
5403,1970,49.0
5403,1971,64.0
5403,1972,65.0
5403,1973,44.0
5403,1974,51.0
5403,1975,25.0
5403,1976,22.0
5403,1977,23.0
5403,1978,25.0
5403,1979,8.0
5403,1980,27.0
5403,1981,33.0
5403,1982,30.0
5403,1983,48.0
5403,1984,25.0
5403,1985,23.0
5403,1986,69.0
5403,1987,54.0
5403,1988,77.0
5403,1989,79.0
5403,1990,116.0
5403,1991,109.0
5403,1992,134.0
5403,1993,408.0
5403,1994,538.0
5403,1995,796.0
5403,1996,620.0
5403,1997,689.0
5403,1998,872.0
5403,1999,865.0
5403,2000,904.0
5403,2001,682.0
5403,2002,1638.0
5403,2003,752.0
5403,2004,952.0
5403,2005,969.0
5403,2006,1046.0
5403,2007,1302.0
5403,2008,981.0
5403,2009,964.0
5403,2010,1134.0
5403,2011,1102.0
5403,2012,1560.0
5403,2013,1918.0
5404,1961,19.0
5404,1962,13.0
5404,1963,47.0
5404,1964,46.0
5404,1965,78.0
5404,1966,97.0
5404,1967,51.0
5404,1968,42.0
5404,1969,212.0
5404,1970,401.0
5404,1971,406.0
5404,1972,307.0
5404,1973,77.0
5404,1974,98.0
5404,1975,69.0
5404,1976,108.0
5404,1977,177.0
5404,1978,141.0
5404,1979,175.0
5404,1980,222.0
5404,1981,191.0
5404,1982,146.0
5404,1983,191.0
5404,1984,210.0
5404,1985,231.0
5404,1986,250.0
5404,1987,264.0
5404,1988,435.0
5404,1989,459.0
5404,1990,438.0
5404,1991,489.0
5404,1992,524.0
5404,1993,498.0
5404,1994,1138.0
5404,1995,1086.0
5404,1996,1275.0
5404,1997,1663.0
5404,1998,3701.0
5404,1999,1950.0
5404,2000,1216.0
5404,2001,1093.0
5404,2002,1258.0
5404,2003,1087.0
5404,2004,841.0
5404,2005,1007.0
5404,2006,988.0
5404,2007,945.0
5404,2008,862.0
5404,2009,1016.0
5404,2010,1106.0
5404,2011,1383.0
5404,2012,1050.0
5404,2013,1147.0
5500,1961,0.0
5500,1962,0.0
5500,1963,0.0
5500,1964,0.0
5500,1965,0.0
5500,1966,0.0
5500,1967,0.0
5500,1968,0.0
5500,1969,0.0
5500,1970,0.0
5500,1971,0.0
5500,1972,0.0
5500,1973,0.0
5500,1974,0.0
5500,1975,0.0
5500,1976,0.0
5500,1977,0.0
5500,1978,0.0
5500,1979,0.0
5500,1980,0.0
5500,1981,0.0
5500,1982,0.0
5500,1983,0.0
5500,1984,9.0
5500,1985,11.0
5500,1986,11.0
5500,1987,89.0
5500,1988,81.0
5500,1989,1.0
5500,1990,1.0
5500,1991,1.0
5500,1992,1.0
5500,1993,0.0
5500,1994,1.0
5500,1995,0.0
5500,1996,1.0
5500,1997,1.0
5500,1998,1.0
5500,1999,1.0
5500,2000,1.0
5500,2001,1.0
5500,2002,2.0
5500,2003,5.0
5500,2004,0.0
5500,2005,1.0
5500,2006,1.0
5500,2007,1.0
5500,2008,1.0
5500,2009,1.0
5500,2010,1.0
5500,2011,0.0
5500,2012,5.0
5500,2013,1.0
5501,1961,0.0
5501,1962,0.0
5501,1963,0.0
5501,1964,0.0
5501,1965,0.0
5501,1966,0.0
5501,1967,0.0
5501,1968,0.0
5501,1969,0.0
5501,1970,0.0
5501,1971,0.0
5501,1972,0.0
5501,1973,0.0
5501,1974,0.0
5501,1975,0.0
5501,1976,0.0
5501,1977,0.0
5501,1978,0.0
5501,1979,0.0
5501,1980,0.0
5501,1981,0.0
5501,1982,0.0
5501,1983,0.0
5501,1984,9.0
5501,1985,11.0
5501,1986,11.0
5501,1987,89.0
5501,1988,81.0
5501,1989,1.0
5501,1990,1.0
5501,1991,1.0
5501,1992,1.0
5501,1993,0.0
5501,1994,1.0
5501,1995,0.0
5501,1996,1.0
5501,1997,1.0
5501,1998,1.0
5501,1999,1.0
5501,2000,1.0
5501,2001,1.0
5501,2002,2.0
5501,2003,1.0
5501,2004,0.0
5501,2005,1.0
5501,2006,1.0
5501,2007,1.0
5501,2008,1.0
5501,2009,1.0
5501,2010,1.0
5501,2011,0.0
5501,2012,5.0
5501,2013,1.0
5502,1961,
5502,1962,
5502,1963,
5502,1964,
5502,1965,
5502,1966,
5502,1967,
5502,1968,
5502,1969,
5502,1970,
5502,1971,
5502,1972,
5502,1973,
5502,1974,
5502,1975,
5502,1976,
5502,1977,
5502,1978,
5502,1979,
5502,1980,
5502,1981,
5502,1982,
5502,1983,
5502,1984,
5502,1985,
5502,1986,
5502,1987,
5502,1988,
5502,1989,
5502,1990,
5502,1991,
5502,1992,
5502,1993,
5502,1994,
5502,1995,
5502,1996,
5502,1997,
5502,1998,
5502,1999,
5502,2000,
5502,2001,
5502,2002,
5502,2003,4.0
5502,2004,0.0
5502,2005,0.0
5502,2006,0.0
5502,2007,0.0
5502,2008,0.0
5502,2009,0.0
5502,2010,0.0
5502,2011,0.0
5502,2012,0.0
5502,2013,0.0
5504,1961,
5504,1962,
5504,1963,
5504,1964,
5504,1965,
5504,1966,
5504,1967,
5504,1968,
5504,1969,
5504,1970,
5504,1971,
5504,1972,
5504,1973,
5504,1974,
5504,1975,
5504,1976,
5504,1977,
5504,1978,
5504,1979,
5504,1980,
5504,1981,
5504,1982,
5504,1983,
5504,1984,
5504,1985,
5504,1986,
5504,1987,
5504,1988,
5504,1989,
5504,1990,
5504,1991,
5504,1992,
5504,1993,
5504,1994,
5504,1995,
5504,1996,
5504,1997,
5504,1998,
5504,1999,
5504,2000,
5504,2001,
5504,2002,
5504,2003,
5504,2004,
5504,2005,
5504,2006,
5504,2007,
5504,2008,
5504,2009,
5504,2010,
5504,2011,
5504,2012,0.0
5504,2013,0.0
261,1986,67.0
261,1987,9.0
261,1988,19.0
261,1989,7.0
261,1990,7.0
261,1991,6.0
261,1992,16.0
261,1993,37.0
261,1994,24.0
261,1995,12.0
261,1996,4.0
261,1997,17.0
261,1998,13.0
261,1999,18.0
261,2000,32.0
261,2001,56.0
261,2002,23.0
261,2003,55.0
261,2004,86.0
261,2005,35.0
261,2006,16.0
261,2007,350.0
261,2008,119.0
261,2009,61.0
261,2010,110.0
261,2011,472.0
261,2012,168.0
261,2013,266.0
266,1986,69.0
266,1987,9.0
266,1988,20.0
266,1989,8.0
266,1990,10.0
266,1991,7.0
266,1992,24.0
266,1993,32.0
266,1994,24.0
266,1995,12.0
266,1996,4.0
266,1997,16.0
266,1998,15.0
266,1999,22.0
266,2000,34.0
266,2001,54.0
266,2002,24.0
266,2003,38.0
266,2004,18.0
266,2005,36.0
266,2006,26.0
266,2007,351.0
266,2008,120.0
266,2009,61.0
266,2010,105.0
266,2011,443.0
266,2012,165.0
266,2013,241.0
268,1986,68.0
268,1987,6.0
268,1988,16.0
268,1989,20.0
268,1990,5.0
268,1991,283.0
268,1992,206.0
268,1993,24.0
268,1994,16.0
268,1995,4.0
268,1996,0.0
268,1997,4.0
268,1998,4.0
268,1999,3.0
268,2000,5.0
268,2001,37.0
268,2002,4.0
268,2003,27.0
268,2004,2.0
268,2005,5.0
268,2006,2.0
268,2007,255.0
268,2008,4.0
268,2009,33.0
268,2010,64.0
268,2011,374.0
268,2012,155.0
268,2013,210.0
269,1986,68.0
269,1987,6.0
269,1988,16.0
269,1989,20.0
269,1990,5.0
269,1991,283.0
269,1992,197.0
269,1993,2.0
269,1994,15.0
269,1995,4.0
269,1996,0.0
269,1997,4.0
269,1998,4.0
269,1999,3.0
269,2000,23.0
269,2001,6.0
269,2002,0.0
269,2003,2.0
269,2004,2.0
269,2005,5.0
269,2006,0.0
269,2007,1.0
269,2008,1.0
269,2009,1.0
269,2010,1.0
269,2011,4.0
269,2012,2.0
269,2013,3.0
5706,1961,19.0
5706,1962,20.0
5706,1963,60.0
5706,1964,58.0
5706,1965,91.0
5706,1966,119.0
5706,1967,68.0
5706,1968,63.0
5706,1969,262.0
5706,1970,450.0
5706,1971,470.0
5706,1972,372.0
5706,1973,510.0
5706,1974,294.0
5706,1975,131.0
5706,1976,216.0
5706,1977,273.0
5706,1978,230.0
5706,1979,254.0
5706,1980,336.0
5706,1981,338.0
5706,1982,260.0
5706,1983,322.0
5706,1984,343.0
5706,1985,348.0
5706,1986,451.0
5706,1987,465.0
5706,1988,594.0
5706,1989,643.0
5706,1990,671.0
5706,1991,710.0
5706,1992,825.0
5706,1993,1044.0
5706,1994,1767.0
5706,1995,1974.0
5706,1996,1925.0
5706,1997,2541.0
5706,1998,4965.0
5706,1999,3302.0
5706,2000,4728.0
5706,2001,5170.0
5706,2002,6003.0
5706,2003,5405.0
5706,2004,6901.0
5706,2005,6094.0
5706,2006,6278.0
5706,2007,6925.0
5706,2008,2857.0
5706,2009,3003.0
5706,2010,2880.0
5706,2011,3273.0
5706,2012,3327.0
5706,2013,3502.0
57060,1986,68.0
57060,1987,6.0
57060,1988,16.0
57060,1989,20.0
57060,1990,5.0
57060,1991,283.0
57060,1992,183.0
57060,1993,2.0
57060,1994,15.0
57060,1995,3.0
57060,1996,0.0
57060,1997,4.0
57060,1998,4.0
57060,1999,3.0
57060,2000,5.0
57060,2001,6.0
57060,2002,0.0
57060,2003,2.0
57060,2004,2.0
57060,2005,3.0
57060,2006,0.0
57060,2007,1.0
57060,2008,1.0
57060,2009,1.0
57060,2010,1.0
57060,2011,4.0
57060,2012,2.0
57060,2013,3.0
5801,1961,0.0
5801,1962,0.0
5801,1963,0.0
5801,1964,0.0
5801,1965,0.0
5801,1966,0.0
5801,1967,0.0
5801,1968,0.0
5801,1969,0.0
5801,1970,0.0
5801,1971,0.0
5801,1972,0.0
5801,1973,0.0
5801,1974,0.0
5801,1975,0.0
5801,1976,0.0
5801,1977,0.0
5801,1978,0.0
5801,1979,0.0
5801,1980,0.0
5801,1981,0.0
5801,1982,0.0
5801,1983,0.0
5801,1984,0.0
5801,1985,1.0
5801,1986,1.0
5801,1987,5.0
5801,1988,1.0
5801,1989,1.0
5801,1990,9.0
5801,1991,77.0
5801,1992,1.0
5801,1993,1.0
5801,1994,0.0
5801,1995,3.0
5801,1996,1.0
5801,1997,4.0
5801,1998,16.0
5801,1999,3.0
5801,2000,3.0
5801,2001,111.0
5801,2002,21.0
5801,2003,19.0
5801,2004,20.0
5801,2005,21.0
5801,2006,3.0
5801,2007,3.0
5801,2008,4.0
5801,2009,4.0
5801,2010,1.0
5801,2011,1.0
5801,2012,1.0
5801,2013,0.0
5802,1961,0.0
5802,1962,0.0
5802,1963,0.0
5802,1964,0.0
5802,1965,0.0
5802,1966,0.0
5802,1967,0.0
5802,1968,0.0
5802,1969,0.0
5802,1970,0.0
5802,1971,0.0
5802,1972,0.0
5802,1973,0.0
5802,1974,0.0
5802,1975,0.0
5802,1976,0.0
5802,1977,0.0
5802,1978,0.0
5802,1979,0.0
5802,1980,0.0
5802,1981,0.0
5802,1982,0.0
5802,1983,0.0
5802,1984,0.0
5802,1985,1.0
5802,1986,0.0
5802,1987,2.0
5802,1988,1.0
5802,1989,0.0
5802,1990,0.0
5802,1991,0.0
5802,1992,0.0
5802,1993,0.0
5802,1994,0.0
5802,1995,1.0
5802,1996,0.0
5802,1997,4.0
5802,1998,16.0
5802,1999,3.0
5802,2000,4.0
5802,2001,23.0
5802,2002,62.0
5802,2003,38.0
5802,2004,49.0
5802,2005,245.0
5802,2006,12.0
5802,2007,243.0
5802,2008,331.0
5802,2009,301.0
5802,2010,155.0
5802,2011,220.0
5802,2012,3.0
5802,2013,39.0
5803,1961,
5803,1962,
5803,1963,
5803,1964,
5803,1965,
5803,1966,
5803,1967,
5803,1968,
5803,1969,
5803,1970,
5803,1971,
5803,1972,
5803,1973,
5803,1974,
5803,1975,
5803,1976,
5803,1977,
5803,1978,
5803,1979,
5803,1980,
5803,1981,
5803,1982,
5803,1983,
5803,1984,
5803,1985,
5803,1986,
5803,1987,
5803,1988,
5803,1989,
5803,1990,
5803,1991,
5803,1992,
5803,1993,
5803,1994,
5803,1995,0.0
5803,1996,0.0
5803,1997,4.0
5803,1998,3.0
5803,1999,5.0
5803,2000,6.0
5803,2001,3.0
5803,2002,2.0
5803,2003,7.0
5803,2004,17.0
5803,2005,7.0
5803,2006,1.0
5803,2007,20.0
5803,2008,4.0
5803,2009,3.0
5803,2010,28.0
5803,2011,12.0
5803,2012,20.0
5803,2013,20.0
5815,1961,0.0
5815,1962,0.0
5815,1963,0.0
5815,1964,0.0
5815,1965,0.0
5815,1966,0.0
5815,1967,0.0
5815,1968,0.0
5815,1969,0.0
5815,1970,0.0
5815,1971,0.0
5815,1972,0.0
5815,1973,0.0
5815,1974,0.0
5815,1975,0.0
5815,1976,0.0
5815,1977,0.0
5815,1978,0.0
5815,1979,0.0
5815,1980,0.0
5815,1981,0.0
5815,1982,0.0
5815,1983,0.0
5815,1984,17.0
5815,1985,18.0
5815,1986,23.0
5815,1987,12.0
5815,1988,6.0
5815,1989,8.0
5815,1990,11.0
5815,1991,79.0
5815,1992,17.0
5815,1993,5.0
5815,1994,1.0
5815,1995,5.0
5815,1996,3.0
5815,1997,6.0
5815,1998,19.0
5815,1999,7.0
5815,2000,5.0
5815,2001,114.0
5815,2002,21.0
5815,2003,24.0
5815,2004,20.0
5815,2005,24.0
5815,2006,9.0
5815,2007,21.0
5815,2008,90.0
5815,2009,4.0
5815,2010,24.0
5815,2011,20.0
5815,2012,8.0
5815,2013,7.0
5817,1961,0.0
5817,1962,0.0
5817,1963,0.0
5817,1964,0.0
5817,1965,0.0
5817,1966,0.0
5817,1967,0.0
5817,1968,0.0
5817,1969,0.0
5817,1970,0.0
5817,1971,0.0
5817,1972,0.0
5817,1973,0.0
5817,1974,0.0
5817,1975,0.0
5817,1976,0.0
5817,1977,0.0
5817,1978,0.0
5817,1979,0.0
5817,1980,0.0
5817,1981,0.0
5817,1982,0.0
5817,1983,0.0
5817,1984,44.0
5817,1985,1.0
5817,1986,1.0
5817,1987,413.0
5817,1988,1.0
5817,1989,4.0
5817,1990,11.0
5817,1991,90.0
5817,1992,25.0
5817,1993,9.0
5817,1994,3.0
5817,1995,5.0
5817,1996,1.0
5817,1997,30.0
5817,1998,44.0
5817,1999,28.0
5817,2000,64.0
5817,2001,119.0
5817,2002,67.0
5817,2003,25.0
5817,2004,27.0
5817,2005,49.0
5817,2006,16.0
5817,2007,21.0
5817,2008,100.0
5817,2009,16.0
5817,2010,34.0
5817,2011,16.0
5817,2012,12.0
5817,2013,13.0
