geo,year,pigmeat_food_supply_quantity_tonnes_cle
3,1961,3580.0
3,1962,3640.0
3,1963,3200.0
3,1964,3200.0
3,1965,3640.0
3,1966,4300.0
3,1967,4880.0
3,1968,5570.0
3,1969,6100.0
3,1970,6280.0
3,1971,6440.0
3,1972,6560.0
3,1973,6160.0
3,1974,6400.0
3,1975,6400.0
3,1976,6600.0
3,1977,6800.0
3,1978,6800.0
3,1979,7000.0
3,1980,7000.0
3,1981,8800.0
3,1982,8800.0
3,1983,9200.0
3,1984,9600.0
3,1985,10400.0
3,1986,11200.0
3,1987,11200.0
3,1988,12000.0
3,1989,12000.0
3,1990,13300.0
3,1991,9111.0
3,1992,11949.0
3,1993,16784.0
3,1994,17834.0
3,1995,17090.0
3,1996,10673.0
3,1997,9122.0
3,1998,16653.0
3,1999,20101.0
3,2000,13714.0
3,2001,21630.0
3,2002,23252.0
3,2003,26102.0
3,2004,28212.0
3,2005,29325.0
3,2006,38098.0
3,2007,38630.0
3,2008,34261.0
3,2009,35944.0
3,2010,35031.0
3,2011,34775.0
3,2012,34911.0
3,2013,34507.0
4,1961,16309.0
4,1962,7050.0
4,1963,1765.0
4,1964,1557.0
4,1965,1804.0
4,1966,1661.0
4,1967,370.0
4,1968,412.0
4,1969,369.0
4,1970,313.0
4,1971,217.0
4,1972,88.0
4,1973,64.0
4,1974,26.0
4,1975,64.0
4,1976,74.0
4,1977,99.0
4,1978,84.0
4,1979,87.0
4,1980,93.0
4,1981,121.0
4,1982,111.0
4,1983,89.0
4,1984,397.0
4,1985,96.0
4,1986,102.0
4,1987,100.0
4,1988,104.0
4,1989,108.0
4,1990,112.0
4,1991,137.0
4,1992,123.0
4,1993,130.0
4,1994,138.0
4,1995,157.0
4,1996,192.0
4,1997,146.0
4,1998,168.0
4,1999,142.0
4,2000,156.0
4,2001,197.0
4,2002,200.0
4,2003,223.0
4,2004,300.0
4,2005,220.0
4,2006,198.0
4,2007,239.0
4,2008,247.0
4,2009,204.0
4,2010,201.0
4,2011,140.0
4,2012,156.0
4,2013,142.0
7,1961,8004.0
7,1962,7983.0
7,1963,8058.0
7,1964,8078.0
7,1965,9078.0
7,1966,8973.0
7,1967,8933.0
7,1968,9084.0
7,1969,9167.0
7,1970,9106.0
7,1971,9666.0
7,1972,9808.0
7,1973,10411.0
7,1974,11109.0
7,1975,11750.0
7,1976,12625.0
7,1977,15000.0
7,1978,15625.0
7,1979,17788.0
7,1980,21763.0
7,1981,20763.0
7,1982,21113.0
7,1983,22450.0
7,1984,28688.0
7,1985,29950.0
7,1986,27256.0
7,1987,27875.0
7,1988,28675.0
7,1989,31284.0
7,1990,31093.0
7,1991,30228.0
7,1992,31363.0
7,1993,30369.0
7,1994,31188.0
7,1995,33288.0
7,1996,38088.0
7,1997,38475.0
7,1998,41907.0
7,1999,38044.0
7,2000,40763.0
7,2001,47050.0
7,2002,53680.0
7,2003,57233.0
7,2004,61788.0
7,2005,69578.0
7,2006,83315.0
7,2007,101458.0
7,2008,117981.0
7,2009,128395.0
7,2010,131774.0
7,2011,159813.0
7,2012,175154.0
7,2013,190791.0
8,1961,272.0
8,1962,348.0
8,1963,354.0
8,1964,404.0
8,1965,359.0
8,1966,502.0
8,1967,371.0
8,1968,431.0
8,1969,483.0
8,1970,600.0
8,1971,566.0
8,1972,492.0
8,1973,423.0
8,1974,362.0
8,1975,355.0
8,1976,333.0
8,1977,347.0
8,1978,380.0
8,1979,519.0
8,1980,980.0
8,1981,585.0
8,1982,562.0
8,1983,537.0
8,1984,641.0
8,1985,649.0
8,1986,618.0
8,1987,620.0
8,1988,608.0
8,1989,436.0
8,1990,436.0
8,1991,360.0
8,1992,378.0
8,1993,375.0
8,1994,319.0
8,1995,298.0
8,1996,353.0
8,1997,418.0
8,1998,505.0
8,1999,449.0
8,2000,572.0
8,2001,542.0
8,2002,675.0
8,2003,628.0
8,2004,614.0
8,2005,931.0
8,2006,775.0
8,2007,786.0
8,2008,936.0
8,2009,714.0
8,2010,784.0
8,2011,968.0
8,2012,1014.0
8,2013,1030.0
9,1961,182190.0
9,1962,155714.0
9,1963,148144.0
9,1964,149201.0
9,1965,210756.0
9,1966,221290.0
9,1967,210756.0
9,1968,181560.0
9,1969,203609.0
9,1970,208167.0
9,1971,246826.0
9,1972,215368.0
9,1973,247549.0
9,1974,238820.0
9,1975,251747.0
9,1976,242099.0
9,1977,235776.0
9,1978,212596.0
9,1979,258217.0
9,1980,266593.0
9,1981,254440.0
9,1982,229910.0
9,1983,207045.0
9,1984,209841.0
9,1985,192732.0
9,1986,206126.0
9,1987,205003.0
9,1988,190333.0
9,1989,167971.0
9,1990,138494.0
9,1991,149830.0
9,1992,183669.0
9,1993,258913.0
9,1994,270379.0
9,1995,241813.0
9,1996,231349.0
9,1997,218612.0
9,1998,259639.0
9,1999,290506.0
9,2000,294113.0
9,2001,271760.0
9,2002,180031.0
9,2003,194558.0
9,2004,196032.0
9,2005,210325.0
9,2006,256806.0
9,2007,276523.0
9,2008,307453.0
9,2009,327215.0
9,2010,333117.0
9,2011,367277.0
9,2012,366678.0
9,2013,435424.0
1,1992,16800.0
1,1993,4500.0
1,1994,6100.0
1,1995,4959.0
1,1996,2583.0
1,1997,2382.0
1,1998,3095.0
1,1999,2933.0
1,2000,8349.0
1,2001,8799.0
1,2002,9609.0
1,2003,9475.0
1,2004,10264.0
1,2005,14481.0
1,2006,19393.0
1,2007,20691.0
1,2008,25336.0
1,2009,15154.0
1,2010,17988.0
1,2011,19402.0
1,2012,26532.0
1,2013,28799.0
10,1961,108565.0
10,1962,121055.0
10,1963,117762.0
10,1964,115481.0
10,1965,122797.0
10,1966,134251.0
10,1967,139474.0
10,1968,146895.0
10,1969,159687.0
10,1970,168504.0
10,1971,178217.0
10,1972,188675.0
10,1973,214641.0
10,1974,201391.0
10,1975,173602.0
10,1976,166150.0
10,1977,179559.0
10,1978,194947.0
10,1979,191972.0
10,1980,214921.0
10,1981,228475.0
10,1982,225820.0
10,1983,235838.0
10,1984,250541.0
10,1985,255390.0
10,1986,267756.0
10,1987,277476.0
10,1988,287925.0
10,1989,299978.0
10,1990,310139.0
10,1991,310282.0
10,1992,335735.0
10,1993,325952.0
10,1994,341653.0
10,1995,350359.0
10,1996,337070.0
10,1997,349219.0
10,1998,365290.0
10,1999,357749.0
10,2000,363272.0
10,2001,344748.0
10,2002,390164.0
10,2003,414362.0
10,2004,409602.0
10,2005,446996.0
10,2006,450304.0
10,2007,482907.0
10,2008,482691.0
10,2009,475449.0
10,2010,500467.0
10,2011,525147.0
10,2012,556682.0
10,2013,563544.0
11,1961,290685.0
11,1962,300047.0
11,1963,299279.0
11,1964,314232.0
11,1965,319653.0
11,1966,306065.0
11,1967,313367.0
11,1968,317951.0
11,1969,326217.0
11,1970,330924.0
11,1971,347934.0
11,1972,361453.0
11,1973,364856.0
11,1974,363137.0
11,1975,372326.0
11,1976,395656.0
11,1977,407598.0
11,1978,413716.0
11,1979,431009.0
11,1980,425374.0
11,1981,467887.0
11,1982,459260.0
11,1983,457020.0
11,1984,465731.0
11,1985,461048.0
11,1986,460859.0
11,1987,470638.0
11,1988,518578.0
11,1989,512646.0
11,1990,511281.0
11,1991,514655.0
11,1992,526852.0
11,1993,517393.0
11,1994,566428.0
11,1995,455292.0
11,1996,475602.0
11,1997,464375.0
11,1998,461132.0
11,1999,459017.0
11,2000,483625.0
11,2001,451319.0
11,2002,452843.0
11,2003,444549.0
11,2004,465825.0
11,2005,458549.0
11,2006,445569.0
11,2007,466226.0
11,2008,435992.0
11,2009,461464.0
11,2010,454324.0
11,2011,444565.0
11,2012,407973.0
11,2013,446509.0
52,1992,5300.0
52,1993,2600.0
52,1994,3328.0
52,1995,3189.0
52,1996,4361.0
52,1997,4974.0
52,1998,8691.0
52,1999,7120.0
52,2000,5472.0
52,2001,4665.0
52,2002,4703.0
52,2003,5117.0
52,2004,5858.0
52,2005,5981.0
52,2006,7333.0
52,2007,6965.0
52,2008,6450.0
52,2009,6465.0
52,2010,3878.0
52,2011,3243.0
52,2012,2571.0
52,2013,2364.0
12,1961,2298.0
12,1962,2392.0
12,1963,2450.0
12,1964,2569.0
12,1965,2645.0
12,1966,3163.0
12,1967,3014.0
12,1968,3163.0
12,1969,3378.0
12,1970,3653.0
12,1971,4029.0
12,1972,4445.0
12,1973,4227.0
12,1974,4185.0
12,1975,4302.0
12,1976,4392.0
12,1977,3955.0
12,1978,3620.0
12,1979,4228.0
12,1980,4981.0
12,1981,4931.0
12,1982,4815.0
12,1983,5234.0
12,1984,5386.0
12,1985,5631.0
12,1986,5888.0
12,1987,6556.0
12,1988,6400.0
12,1989,6171.0
12,1990,5790.0
12,1991,5895.0
12,1992,6010.0
12,1993,6051.0
12,1994,5827.0
12,1995,5628.0
12,1996,5250.0
12,1997,6489.0
12,1998,6849.0
12,1999,8391.0
12,2000,8458.0
12,2001,7836.0
12,2002,8925.0
12,2003,8179.0
12,2004,7325.0
12,2005,8271.0
12,2006,8206.0
12,2007,8168.0
12,2008,8843.0
12,2009,10201.0
12,2010,9949.0
12,2011,10627.0
12,2012,12550.0
12,2013,12344.0
16,1961,0.0
16,1962,0.0
16,1963,0.0
16,1964,0.0
16,1965,0.0
16,1966,0.0
16,1967,0.0
16,1968,0.0
16,1969,0.0
16,1970,0.0
16,1971,0.0
16,1972,0.0
16,1973,0.0
16,1974,0.0
16,1975,0.0
16,1976,0.0
16,1977,0.0
16,1978,0.0
16,1979,0.0
16,1980,0.0
16,1981,0.0
16,1982,0.0
16,1983,0.0
16,1984,0.0
16,1985,0.0
16,1986,0.0
16,1987,0.0
16,1988,0.0
16,1989,0.0
16,1990,0.0
16,1991,2.0
16,1992,3.0
16,1993,0.0
16,1994,0.0
16,1995,2.0
16,1996,0.0
16,1997,0.0
16,1998,5.0
16,1999,0.0
16,2000,0.0
16,2001,180.0
16,2002,0.0
16,2003,0.0
16,2004,155.0
16,2005,0.0
16,2006,0.0
16,2007,9.0
16,2008,0.0
16,2009,0.0
16,2010,0.0
16,2011,0.0
16,2012,0.0
16,2013,0.0
14,1961,5067.0
14,1962,5225.0
14,1963,5574.0
14,1964,5702.0
14,1965,6025.0
14,1966,5575.0
14,1967,5831.0
14,1968,6234.0
14,1969,6454.0
14,1970,7310.0
14,1971,7964.0
14,1972,8146.0
14,1973,7439.0
14,1974,8136.0
14,1975,7256.0
14,1976,7618.0
14,1977,7609.0
14,1978,7686.0
14,1979,6658.0
14,1980,7359.0
14,1981,7890.0
14,1982,7270.0
14,1983,6383.0
14,1984,5673.0
14,1985,5973.0
14,1986,5064.0
14,1987,5197.0
14,1988,4783.0
14,1989,5340.0
14,1990,4868.0
14,1991,5246.0
14,1992,4649.0
14,1993,4516.0
14,1994,4701.0
14,1995,3930.0
14,1996,3492.0
14,1997,3329.0
14,1998,3234.0
14,1999,2722.0
14,2000,1844.0
14,2001,1355.0
14,2002,1368.0
14,2003,1435.0
14,2004,1575.0
14,2005,1705.0
14,2006,1992.0
14,2007,1914.0
14,2008,2245.0
14,2009,2271.0
14,2010,2186.0
14,2011,2177.0
14,2012,2179.0
14,2013,2365.0
57,1992,308658.0
57,1993,268458.0
57,1994,251798.0
57,1995,261229.0
57,1996,268500.0
57,1997,283738.0
57,1998,305115.0
57,1999,300159.0
57,2000,283778.0
57,2001,274675.0
57,2002,280873.0
57,2003,316149.0
57,2004,278803.0
57,2005,251948.0
57,2006,280302.0
57,2007,313211.0
57,2008,332547.0
57,2009,346404.0
57,2010,379322.0
57,2011,389389.0
57,2012,380351.0
57,2013,377731.0
255,2000,396508.0
255,2001,402640.0
255,2002,370557.0
255,2003,369051.0
255,2004,353027.0
255,2005,363543.0
255,2006,339251.0
255,2007,362883.0
255,2008,354717.0
255,2009,363620.0
255,2010,394449.0
255,2011,386325.0
255,2012,446774.0
255,2013,429167.0
15,1961,239918.0
15,1962,255064.0
15,1963,243525.0
15,1964,247033.0
15,1965,279510.0
15,1966,293014.0
15,1967,307773.0
15,1968,322022.0
15,1969,321391.0
15,1970,342658.0
15,1971,348688.0
15,1972,362516.0
15,1973,380574.0
15,1974,381892.0
15,1975,369763.0
15,1976,373029.0
15,1977,384565.0
15,1978,410350.0
15,1979,422224.0
15,1980,430441.0
15,1981,420951.0
15,1982,444524.0
15,1983,456379.0
15,1984,468479.0
15,1985,492431.0
15,1986,471313.0
15,1987,481979.0
15,1988,494344.0
15,1989,486797.0
15,1990,478313.0
15,1991,508449.0
15,1992,537460.0
15,1993,554938.0
15,1994,436110.0
15,1995,411780.0
15,1996,404463.0
15,1997,360527.0
15,1998,350382.0
15,1999,410549.0
23,1961,890.0
23,1962,883.0
23,1963,1173.0
23,1964,1199.0
23,1965,1166.0
23,1966,1111.0
23,1967,1190.0
23,1968,1383.0
23,1969,1346.0
23,1970,1541.0
23,1971,1584.0
23,1972,1485.0
23,1973,1401.0
23,1974,1553.0
23,1975,1834.0
23,1976,1728.0
23,1977,1770.0
23,1978,1704.0
23,1979,1813.0
23,1980,1772.0
23,1981,1983.0
23,1982,1889.0
23,1983,1937.0
23,1984,2096.0
23,1985,2137.0
23,1986,2203.0
23,1987,2046.0
23,1988,2167.0
23,1989,1501.0
23,1990,2031.0
23,1991,1347.0
23,1992,1968.0
23,1993,1874.0
23,1994,2254.0
23,1995,2222.0
23,1996,1933.0
23,1997,2097.0
23,1998,1948.0
23,1999,1910.0
23,2000,2326.0
23,2001,2540.0
23,2002,2606.0
23,2003,2388.0
23,2004,2478.0
23,2005,3186.0
23,2006,3185.0
23,2007,3734.0
23,2008,4136.0
23,2009,3659.0
23,2010,4955.0
23,2011,5024.0
23,2012,6186.0
23,2013,5579.0
53,1961,2708.0
53,1962,3106.0
53,1963,3422.0
53,1964,3741.0
53,1965,3965.0
53,1966,3372.0
53,1967,3901.0
53,1968,3454.0
53,1969,3677.0
53,1970,4003.0
53,1971,4069.0
53,1972,3944.0
53,1973,3964.0
53,1974,3962.0
53,1975,3956.0
53,1976,4311.0
53,1977,4494.0
53,1978,4756.0
53,1979,4906.0
53,1980,5074.0
53,1981,5336.0
53,1982,5583.0
53,1983,5830.0
53,1984,5852.0
53,1985,6496.0
53,1986,6608.0
53,1987,6916.0
53,1988,5180.0
53,1989,5124.0
53,1990,5188.0
53,1991,5790.0
53,1992,5981.0
53,1993,6160.0
53,1994,7065.0
53,1995,6930.0
53,1996,7640.0
53,1997,6035.0
53,1998,3412.0
53,1999,2552.0
53,2000,3850.0
53,2001,3690.0
53,2002,3933.0
53,2003,4200.0
53,2004,4337.0
53,2005,4737.0
53,2006,4518.0
53,2007,5078.0
53,2008,5581.0
53,2009,6516.0
53,2010,6576.0
53,2011,8881.0
53,2012,10175.0
53,2013,8216.0
17,1961,676.0
17,1962,735.0
17,1963,772.0
17,1964,752.0
17,1965,772.0
17,1966,902.0
17,1967,1160.0
17,1968,1214.0
17,1969,1225.0
17,1970,1318.0
17,1971,1190.0
17,1972,1287.0
17,1973,1406.0
17,1974,1331.0
17,1975,1341.0
17,1976,1398.0
17,1977,1249.0
17,1978,1390.0
17,1979,1265.0
17,1980,1569.0
17,1981,1473.0
17,1982,1453.0
17,1983,1585.0
17,1984,1392.0
17,1985,1337.0
17,1986,1102.0
17,1987,1470.0
17,1988,1285.0
17,1989,1308.0
17,1990,1517.0
17,1991,1170.0
17,1992,1090.0
17,1993,857.0
17,1994,861.0
17,1995,1012.0
17,1996,1067.0
17,1997,1265.0
17,1998,1384.0
17,1999,1095.0
17,2000,942.0
17,2001,1070.0
17,2002,1084.0
17,2003,1229.0
17,2004,1078.0
17,2005,1075.0
17,2006,1126.0
17,2007,1225.0
17,2008,1001.0
17,2009,1023.0
17,2010,1464.0
17,2011,1378.0
17,2012,1609.0
17,2013,1835.0
19,1961,18578.0
19,1962,18936.0
19,1963,19286.0
19,1964,19618.0
19,1965,21140.0
19,1966,21379.0
19,1967,21623.0
19,1968,23306.0
19,1969,25115.0
19,1970,27524.0
19,1971,28922.0
19,1972,30225.0
19,1973,31704.0
19,1974,33296.0
19,1975,35243.0
19,1976,36956.0
19,1977,39343.0
19,1978,41123.0
19,1979,42979.0
19,1980,47709.0
19,1981,49238.0
19,1982,51155.0
19,1983,62382.0
19,1984,53127.0
19,1985,55137.0
19,1986,53687.0
19,1987,57439.0
19,1988,60618.0
19,1989,54473.0
19,1990,65370.0
19,1991,66713.0
19,1992,67430.0
19,1993,58284.0
19,1994,60793.0
19,1995,62317.0
19,1996,66376.0
19,1997,68828.0
19,1998,72608.0
19,1999,74302.0
19,2000,76706.0
19,2001,97349.0
19,2002,100725.0
19,2003,104221.0
19,2004,107889.0
19,2005,108261.0
19,2006,110314.0
19,2007,112259.0
19,2008,114727.0
19,2009,80722.0
19,2010,84306.0
19,2011,87744.0
19,2012,93076.0
19,2013,94835.0
80,1992,16014.0
80,1993,13433.0
80,1994,16611.0
80,1995,19673.0
80,1996,28857.0
80,1997,25499.0
80,1998,28542.0
80,1999,24015.0
80,2000,22710.0
80,2001,27396.0
80,2002,24531.0
80,2003,16100.0
80,2004,19503.0
80,2005,22363.0
80,2006,20496.0
80,2007,19889.0
80,2008,19684.0
80,2009,25953.0
80,2010,30179.0
80,2011,34559.0
80,2012,36863.0
80,2013,35925.0
20,1961,142.0
20,1962,180.0
20,1963,205.0
20,1964,215.0
20,1965,245.0
20,1966,260.0
20,1967,280.0
20,1968,290.0
20,1969,375.0
20,1970,300.0
20,1971,550.0
20,1972,535.0
20,1973,560.0
20,1974,625.0
20,1975,584.0
20,1976,533.0
20,1977,486.0
20,1978,391.0
20,1979,320.0
20,1980,344.0
20,1981,275.0
20,1982,264.0
20,1983,263.0
20,1984,494.0
20,1985,468.0
20,1986,488.0
20,1987,506.0
20,1988,648.0
20,1989,1232.0
20,1990,1265.0
20,1991,1248.0
20,1992,1333.0
20,1993,1056.0
20,1994,1521.0
20,1995,1439.0
20,1996,1859.0
20,1997,2136.0
20,1998,2385.0
20,1999,2400.0
20,2000,3578.0
20,2001,1290.0
20,2002,1201.0
20,2003,955.0
20,2004,799.0
20,2005,701.0
20,2006,813.0
20,2007,892.0
20,2008,1452.0
20,2009,1417.0
20,2010,1084.0
20,2011,1222.0
20,2012,1405.0
20,2013,1501.0
21,1961,525508.0
21,1962,579349.0
21,1963,567549.0
21,1964,569831.0
21,1965,588156.0
21,1966,655817.0
21,1967,659965.0
21,1968,709681.0
21,1969,711210.0
21,1970,756888.0
21,1971,791841.0
21,1972,763033.0
21,1973,688569.0
21,1974,712508.0
21,1975,745283.0
21,1976,763000.0
21,1977,811487.0
21,1978,834497.0
21,1979,888058.0
21,1980,967662.0
21,1981,966856.0
21,1982,855522.0
21,1983,870937.0
21,1984,739995.0
21,1985,774641.0
21,1986,853575.0
21,1987,1025530.0
21,1988,1079797.0
21,1989,1059389.0
21,1990,1039243.0
21,1991,1183162.0
21,1992,1216669.0
21,1993,1452391.0
21,1994,1659666.0
21,1995,1757000.0
21,1996,1808944.0
21,1997,1962487.0
21,1998,2279605.0
21,1999,2270879.0
21,2000,2416803.0
21,2001,2297264.0
21,2002,2219414.0
21,2003,2422281.0
21,2004,2396548.0
21,2005,1901555.0
21,2006,2080589.0
21,2007,2092939.0
21,2008,2210994.0
21,2009,2260022.0
21,2010,2407661.0
21,2011,2475449.0
21,2012,2512759.0
21,2013,2525057.0
26,1961,409.0
26,1962,430.0
26,1963,486.0
26,1964,472.0
26,1965,561.0
26,1966,553.0
26,1967,436.0
26,1968,471.0
26,1969,461.0
26,1970,482.0
26,1971,503.0
26,1972,477.0
26,1973,405.0
26,1974,511.0
26,1975,568.0
26,1976,608.0
26,1977,543.0
26,1978,678.0
26,1979,657.0
26,1980,854.0
26,1981,868.0
26,1982,1024.0
26,1983,1139.0
26,1984,1377.0
26,1985,1333.0
26,1986,1068.0
26,1987,1140.0
26,1988,1860.0
26,1989,1703.0
26,1990,1155.0
26,1991,1316.0
26,1992,1559.0
26,1993,2351.0
26,1994,3361.0
26,1995,3334.0
26,1996,3661.0
26,1997,3200.0
26,1998,2621.0
26,1999,1582.0
26,2000,1502.0
26,2001,1944.0
26,2002,1577.0
26,2003,1714.0
26,2004,2164.0
26,2005,2488.0
26,2006,1950.0
26,2007,2201.0
26,2008,2693.0
26,2009,2607.0
26,2010,2680.0
26,2011,2693.0
26,2012,2859.0
26,2013,3490.0
27,1961,114900.0
27,1962,117199.0
27,1963,103624.0
27,1964,113945.0
27,1965,143760.0
27,1966,132346.0
27,1967,150416.0
27,1968,142961.0
27,1969,125048.0
27,1970,120964.0
27,1971,135144.0
27,1972,173964.0
27,1973,167745.0
27,1974,158178.0
27,1975,245453.0
27,1976,236202.0
27,1977,224206.0
27,1978,235094.0
27,1979,264776.0
27,1980,259693.0
27,1981,285105.0
27,1982,282863.0
27,1983,293459.0
27,1984,270568.0
27,1985,279724.0
27,1986,296540.0
27,1987,303500.0
27,1988,330220.0
27,1989,343977.0
27,1990,197473.0
27,1991,205180.0
27,1992,201503.0
27,1993,252750.0
27,1994,241586.0
27,1995,258910.0
27,1996,239683.0
27,1997,222992.0
27,1998,267446.0
27,1999,197630.0
27,2000,194733.0
27,2001,162848.0
27,2002,157944.0
27,2003,166270.0
27,2004,173018.0
27,2005,137077.0
27,2006,99454.0
27,2007,149396.0
27,2008,165744.0
27,2009,188441.0
27,2010,194423.0
27,2011,205784.0
27,2012,188209.0
27,2013,189659.0
233,1961,1107.0
233,1962,1017.0
233,1963,1054.0
233,1964,1302.0
233,1965,1413.0
233,1966,1657.0
233,1967,1531.0
233,1968,1534.0
233,1969,1625.0
233,1970,1776.0
233,1971,2014.0
233,1972,1773.0
233,1973,1421.0
233,1974,1410.0
233,1975,1735.0
233,1976,1775.0
233,1977,1861.0
233,1978,1917.0
233,1979,1974.0
233,1980,2057.0
233,1981,2951.0
233,1982,3547.0
233,1983,4127.0
233,1984,4693.0
233,1985,4965.0
233,1986,5174.0
233,1987,5337.0
233,1988,5650.0
233,1989,5875.0
233,1990,7694.0
233,1991,8466.0
233,1992,9315.0
233,1993,10246.0
233,1994,11310.0
233,1995,12425.0
233,1996,13792.0
233,1997,15092.0
233,1998,16584.0
233,1999,18252.0
233,2000,20052.0
233,2001,22440.0
233,2002,24694.0
233,2003,27180.0
233,2004,29925.0
233,2005,32912.0
233,2006,36241.0
233,2007,34110.0
233,2008,30042.0
233,2009,30614.0
233,2010,31270.0
233,2011,31864.0
233,2012,32014.0
233,2013,32731.0
35,1961,332.0
35,1962,352.0
35,1963,392.0
35,1964,472.0
35,1965,566.0
35,1966,716.0
35,1967,690.0
35,1968,712.0
35,1969,773.0
35,1970,779.0
35,1971,832.0
35,1972,893.0
35,1973,1023.0
35,1974,808.0
35,1975,756.0
35,1976,656.0
35,1977,766.0
35,1978,835.0
35,1979,932.0
35,1980,1118.0
35,1981,1174.0
35,1982,1900.0
35,1983,1526.0
35,1984,1433.0
35,1985,2418.0
35,1986,2557.0
35,1987,3040.0
35,1988,3248.0
35,1989,3495.0
35,1990,3834.0
35,1991,4071.0
35,1992,7555.0
35,1993,7382.0
35,1994,5244.0
35,1995,6472.0
35,1996,6187.0
35,1997,5700.0
35,1998,7403.0
35,1999,7817.0
35,2000,7943.0
35,2001,7551.0
35,2002,7542.0
35,2003,7406.0
35,2004,7351.0
35,2005,7390.0
35,2006,7529.0
35,2007,6979.0
35,2008,6880.0
35,2009,6251.0
35,2010,5907.0
35,2011,6255.0
35,2012,6051.0
35,2013,6009.0
115,1961,9531.0
115,1962,11601.0
115,1963,15010.0
115,1964,19854.0
115,1965,23309.0
115,1966,26267.0
115,1967,29447.0
115,1968,31810.0
115,1969,35710.0
115,1970,39005.0
115,1971,39104.0
115,1972,39052.0
115,1973,38852.0
115,1974,30802.0
115,1975,24000.0
115,1976,16000.0
115,1977,12000.0
115,1978,8000.0
115,1979,5300.0
115,1980,5250.0
115,1981,9000.0
115,1982,28900.0
115,1983,32950.0
115,1984,40350.0
115,1985,48100.0
115,1986,46450.0
115,1987,50050.0
115,1988,60000.0
115,1989,69500.0
115,1990,60600.0
115,1991,62000.0
115,1992,81700.0
115,1993,84900.0
115,1994,81000.0
115,1995,81500.0
115,1996,86021.0
115,1997,97006.0
115,1998,100002.0
115,1999,102510.0
115,2000,105014.0
115,2001,105757.0
115,2002,107424.0
115,2003,117027.0
115,2004,119686.0
115,2005,121114.0
115,2006,121598.0
115,2007,124038.0
115,2008,122527.0
115,2009,123043.0
115,2010,112025.0
115,2011,117077.0
115,2012,98613.0
115,2013,98684.0
32,1961,3131.0
32,1962,3109.0
32,1963,3217.0
32,1964,3244.0
32,1965,3244.0
32,1966,3470.0
32,1967,3077.0
32,1968,4272.0
32,1969,4670.0
32,1970,5251.0
32,1971,5821.0
32,1972,6443.0
32,1973,6377.0
32,1974,6605.0
32,1975,6611.0
32,1976,9762.0
32,1977,10970.0
32,1978,12227.0
32,1979,13485.0
32,1980,14645.0
32,1981,13462.0
32,1982,11134.0
32,1983,9919.0
32,1984,10744.0
32,1985,15133.0
32,1986,20221.0
32,1987,18403.0
32,1988,16407.0
32,1989,17331.0
32,1990,17379.0
32,1991,15351.0
32,1992,14460.0
32,1993,13852.0
32,1994,13302.0
32,1995,13288.0
32,1996,12678.0
32,1997,12923.0
32,1998,15367.0
32,1999,13604.0
32,2000,17947.0
32,2001,16911.0
32,2002,17820.0
32,2003,18151.0
32,2004,30691.0
32,2005,31547.0
32,2006,31943.0
32,2007,33219.0
32,2008,34682.0
32,2009,33186.0
32,2010,40021.0
32,2011,41539.0
32,2012,31156.0
32,2013,32800.0
33,1961,480521.0
33,1962,485348.0
33,1963,499152.0
33,1964,531013.0
33,1965,494499.0
33,1966,502985.0
33,1967,587517.0
33,1968,586681.0
33,1969,572385.0
33,1970,665626.0
33,1971,711576.0
33,1972,693976.0
33,1973,660694.0
33,1974,699222.0
33,1975,607800.0
33,1976,638797.0
33,1977,644432.0
33,1978,677227.0
33,1979,770384.0
33,1980,847737.0
33,1981,825425.0
33,1982,777004.0
33,1983,802949.0
33,1984,796909.0
33,1985,821614.0
33,1986,804236.0
33,1987,808914.0
33,1988,831246.0
33,1989,798978.0
33,1990,763470.0
33,1991,767628.0
33,1992,847900.0
33,1993,835120.0
33,1994,869487.0
33,1995,855497.0
33,1996,803747.0
33,1997,801695.0
33,1998,906217.0
33,1999,967726.0
33,2000,932939.0
33,2001,955392.0
33,2002,947518.0
33,2003,862097.0
33,2004,921159.0
33,2005,814017.0
33,2006,825240.0
33,2007,901882.0
33,2008,880349.0
33,2009,871413.0
33,2010,834502.0
33,2011,842366.0
33,2012,845938.0
33,2013,802413.0
37,1961,488.0
37,1962,583.0
37,1963,640.0
37,1964,803.0
37,1965,945.0
37,1966,1287.0
37,1967,1363.0
37,1968,1424.0
37,1969,1448.0
37,1970,1528.0
37,1971,1588.0
37,1972,1639.0
37,1973,1698.0
37,1974,1739.0
37,1975,3039.0
37,1976,3928.0
37,1977,3923.0
37,1978,4523.0
37,1979,4547.0
37,1980,4544.0
37,1981,5732.0
37,1982,5732.0
37,1983,5965.0
37,1984,6134.0
37,1985,6231.0
37,1986,6568.0
37,1987,6924.0
37,1988,7156.0
37,1989,7382.0
37,1990,8070.0
37,1991,8070.0
37,1992,8230.0
37,1993,8787.0
37,1994,9379.0
37,1995,10028.0
37,1996,11343.0
37,1997,11815.0
37,1998,11911.0
37,1999,12014.0
37,2000,12015.0
37,2001,12519.0
37,2002,12511.0
37,2003,12928.0
37,2004,13515.0
37,2005,13540.0
37,2006,13558.0
37,2007,13208.0
37,2008,16959.0
37,2009,17659.0
37,2010,18538.0
37,2011,17745.0
37,2012,16459.0
37,2013,17090.0
39,1961,115.0
39,1962,124.0
39,1963,126.0
39,1964,126.0
39,1965,117.0
39,1966,104.0
39,1967,107.0
39,1968,118.0
39,1969,134.0
39,1970,139.0
39,1971,129.0
39,1972,124.0
39,1973,97.0
39,1974,142.0
39,1975,121.0
39,1976,112.0
39,1977,131.0
39,1978,141.0
39,1979,150.0
39,1980,159.0
39,1981,169.0
39,1982,178.0
39,1983,191.0
39,1984,241.0
39,1985,202.0
39,1986,254.0
39,1987,256.0
39,1988,276.0
39,1989,290.0
39,1990,287.0
39,1991,303.0
39,1992,303.0
39,1993,309.0
39,1994,391.0
39,1995,439.0
39,1996,370.0
39,1997,447.0
39,1998,475.0
39,1999,487.0
39,2000,455.0
39,2001,451.0
39,2002,528.0
39,2003,519.0
39,2004,521.0
39,2005,522.0
39,2006,540.0
39,2007,528.0
39,2008,580.0
39,2009,663.0
39,2010,691.0
39,2011,662.0
39,2012,668.0
39,2013,677.0
40,1961,29279.0
40,1962,25381.0
40,1963,25457.0
40,1964,27038.0
40,1965,32772.0
40,1966,36208.0
40,1967,36698.0
40,1968,41661.0
40,1969,42275.0
40,1970,44511.0
40,1971,45406.0
40,1972,57607.0
40,1973,50718.0
40,1974,54724.0
40,1975,29985.0
40,1976,24894.0
40,1977,29008.0
40,1978,33988.0
40,1979,42773.0
40,1980,50634.0
40,1981,57944.0
40,1982,59491.0
40,1983,59721.0
40,1984,60283.0
40,1985,66251.0
40,1986,75437.0
40,1987,88315.0
40,1988,100207.0
40,1989,113356.0
40,1990,121649.0
40,1991,121140.0
40,1992,131396.0
40,1993,144045.0
40,1994,156609.0
40,1995,171023.0
40,1996,182724.0
40,1997,196934.0
40,1998,219246.0
40,1999,237021.0
40,2000,243867.0
40,2001,263875.0
40,2002,260373.0
40,2003,291231.0
40,2004,274109.0
40,2005,290350.0
40,2006,343382.0
40,2007,344782.0
40,2008,380092.0
40,2009,360821.0
40,2010,377731.0
40,2011,401420.0
40,2012,427958.0
40,2013,434857.0
96,1961,59730.0
96,1962,83658.0
96,1963,97915.0
96,1964,108030.0
96,1965,115016.0
96,1966,129881.0
96,1967,119994.0
96,1968,133574.0
96,1969,130285.0
96,1970,133248.0
96,1971,158603.0
96,1972,174081.0
96,1973,170771.0
96,1974,162911.0
96,1975,161189.0
96,1976,173099.0
96,1977,183069.0
96,1978,181008.0
96,1979,192662.0
96,1980,214470.0
96,1981,230675.0
96,1982,246945.0
96,1983,252457.0
96,1984,251744.0
96,1985,259807.0
96,1986,269999.0
96,1987,267247.0
96,1988,306003.0
96,1989,295956.0
96,1990,300282.0
96,1991,282560.0
96,1992,267657.0
96,1993,249562.0
96,1994,305463.0
96,1995,301808.0
96,1996,290678.0
96,1997,313042.0
96,1998,343644.0
96,1999,346158.0
96,2000,363657.0
96,2001,376452.0
96,2002,367600.0
96,2003,388615.0
96,2004,425795.0
96,2005,406008.0
96,2006,433538.0
96,2007,425402.0
96,2008,425545.0
96,2009,423560.0
96,2010,413443.0
96,2011,428643.0
96,2012,460021.0
96,2013,483496.0
128,1961,1901.0
128,1962,2352.0
128,1963,2809.0
128,1964,3166.0
128,1965,3560.0
128,1966,4195.0
128,1967,3309.0
128,1968,3497.0
128,1969,3467.0
128,1970,3909.0
128,1971,4554.0
128,1972,5183.0
128,1973,5322.0
128,1974,4666.0
128,1975,5183.0
128,1976,4903.0
128,1977,5159.0
128,1978,5924.0
128,1979,7129.0
128,1980,8232.0
128,1981,9855.0
128,1982,11675.0
128,1983,13241.0
128,1984,12945.0
128,1985,11584.0
128,1986,11812.0
128,1987,10958.0
128,1988,11634.0
128,1989,12855.0
128,1990,14203.0
128,1991,13952.0
128,1992,15188.0
128,1993,16462.0
128,1994,17934.0
128,1995,18455.0
128,1996,18056.0
128,1997,19585.0
128,1998,19536.0
128,1999,18508.0
128,2000,19684.0
128,2001,20132.0
128,2002,20624.0
128,2003,23006.0
128,2004,25641.0
128,2005,26589.0
128,2006,23793.0
128,2007,26335.0
128,2008,31008.0
128,2009,31025.0
128,2010,30565.0
128,2011,28500.0
128,2012,40363.0
128,2013,40457.0
41,1961,1348491.0
41,1962,1766795.0
41,1963,3268846.0
41,1964,4401049.0
41,1965,5061405.0
41,1966,5502895.0
41,1967,5868951.0
41,1968,5775185.0
41,1969,5596415.0
41,1970,5519965.0
41,1971,6391894.0
41,1972,7108100.0
41,1973,7110000.0
41,1974,7157513.0
41,1975,7360351.0
41,1976,7251042.0
41,1977,7240538.0
41,1978,7964010.0
41,1979,9918475.0
41,1980,11212368.0
41,1981,11749997.0
41,1982,12532172.0
41,1983,12968669.0
41,1984,14238094.0
41,1985,16312664.0
41,1986,16950288.0
41,1987,18132118.0
41,1988,19804276.0
41,1989,20817349.0
41,1990,22116105.0
41,1991,23510982.0
41,1992,25169057.0
41,1993,26364292.0
41,1994,28468669.0
41,1995,29265876.0
41,1996,29443583.0
41,1997,30664905.0
41,1998,32840029.0
41,1999,33524886.0
41,2000,35745384.0
41,2001,35819292.0
41,2002,36721685.0
41,2003,38632423.0
41,2004,38826858.0
41,2005,40247420.0
41,2006,41942101.0
41,2007,42601680.0
41,2008,45120340.0
41,2009,46863042.0
41,2010,48562794.0
41,2011,48750089.0
41,2012,51723603.0
41,2013,53247024.0
214,1961,182302.0
214,1962,181629.0
214,1963,209745.0
214,1964,223408.0
214,1965,240876.0
214,1966,271530.0
214,1967,313956.0
214,1968,319910.0
214,1969,335507.0
214,1970,382296.0
214,1971,394963.0
214,1972,402196.0
214,1973,450265.0
214,1974,434483.0
214,1975,378956.0
214,1976,470742.0
214,1977,536475.0
214,1978,541539.0
214,1979,660248.0
214,1980,580525.0
214,1981,574194.0
214,1982,593223.0
214,1983,621377.0
214,1984,678956.0
214,1985,761940.0
214,1986,780341.0
214,1987,798600.0
214,1988,784002.0
214,1989,773754.0
214,1990,809167.0
214,1991,837864.0
214,1992,854726.0
214,1993,884992.0
214,1994,909172.0
214,1995,900833.0
214,1996,936971.0
214,1997,971841.0
214,1998,903788.0
214,1999,887513.0
214,2000,952956.0
214,2001,968900.0
214,2002,953966.0
214,2003,927472.0
214,2004,940536.0
214,2005,937976.0
214,2006,996612.0
214,2007,944556.0
214,2008,930486.0
214,2009,917960.0
214,2010,893250.0
214,2011,912147.0
214,2012,901004.0
214,2013,918440.0
44,1961,75115.0
44,1962,72250.0
44,1963,71723.0
44,1964,65758.0
44,1965,64358.0
44,1966,65066.0
44,1967,72840.0
44,1968,69058.0
44,1969,66773.0
44,1970,69061.0
44,1971,71160.0
44,1972,71803.0
44,1973,83455.0
44,1974,83033.0
44,1975,98483.0
44,1976,99526.0
44,1977,99958.0
44,1978,104806.0
44,1979,95261.0
44,1980,94117.0
44,1981,106133.0
44,1982,101409.0
44,1983,112092.0
44,1984,114760.0
44,1985,119070.0
44,1986,123628.0
44,1987,122731.0
44,1988,131711.0
44,1989,126525.0
44,1990,134118.0
44,1991,133989.0
44,1992,135618.0
44,1993,135169.0
44,1994,136302.0
44,1995,140153.0
44,1996,133819.0
44,1997,109036.0
44,1998,84376.0
44,1999,115327.0
44,2000,111826.0
44,2001,105328.0
44,2002,114527.0
44,2003,127055.0
44,2004,132196.0
44,2005,131378.0
44,2006,153096.0
44,2007,186867.0
44,2008,183603.0
44,2009,182213.0
44,2010,209210.0
44,2011,241478.0
44,2012,280935.0
44,2013,314396.0
46,1961,1284.0
46,1962,1327.0
46,1963,1362.0
46,1964,1244.0
46,1965,1093.0
46,1966,1019.0
46,1967,893.0
46,1968,1198.0
46,1969,1466.0
46,1970,1857.0
46,1971,1753.0
46,1972,1736.0
46,1973,1734.0
46,1974,1773.0
46,1975,1915.0
46,1976,2130.0
46,1977,2187.0
46,1978,2373.0
46,1979,1708.0
46,1980,1309.0
46,1981,1167.0
46,1982,1425.0
46,1983,1417.0
46,1984,1750.0
46,1985,1876.0
46,1986,2525.0
46,1987,3114.0
46,1988,3747.0
46,1989,3553.0
46,1990,3639.0
46,1991,4222.0
46,1992,6261.0
46,1993,6564.0
46,1994,5467.0
46,1995,6618.0
46,1996,9694.0
46,1997,7467.0
46,1998,10827.0
46,1999,6556.0
46,2000,8438.0
46,2001,8079.0
46,2002,8991.0
46,2003,5876.0
46,2004,6482.0
46,2005,3902.0
46,2006,6547.0
46,2007,9138.0
46,2008,4929.0
46,2009,6808.0
46,2010,4896.0
46,2011,10603.0
46,2012,5140.0
46,2013,10632.0
48,1961,5193.0
48,1962,5049.0
48,1963,5331.0
48,1964,5446.0
48,1965,6246.0
48,1966,6396.0
48,1967,4894.0
48,1968,5339.0
48,1969,5768.0
48,1970,7577.0
48,1971,8197.0
48,1972,8227.0
48,1973,8401.0
48,1974,8491.0
48,1975,7942.0
48,1976,8423.0
48,1977,10112.0
48,1978,10023.0
48,1979,9919.0
48,1980,10156.0
48,1981,9048.0
48,1982,13189.0
48,1983,12840.0
48,1984,10281.0
48,1985,12130.0
48,1986,9816.0
48,1987,9624.0
48,1988,15638.0
48,1989,14121.0
48,1990,14252.0
48,1991,16627.0
48,1992,18500.0
48,1993,18962.0
48,1994,22633.0
48,1995,22532.0
48,1996,19851.0
48,1997,21009.0
48,1998,23417.0
48,1999,28733.0
48,2000,29808.0
48,2001,34185.0
48,2002,34888.0
48,2003,36908.0
48,2004,36389.0
48,2005,34277.0
48,2006,37613.0
48,2007,42915.0
48,2008,44808.0
48,2009,45287.0
48,2010,45775.0
48,2011,47883.0
48,2012,49522.0
48,2013,50088.0
107,1961,2227.0
107,1962,2231.0
107,1963,2612.0
107,1964,2968.0
107,1965,3123.0
107,1966,3346.0
107,1967,3378.0
107,1968,4657.0
107,1969,4789.0
107,1970,4884.0
107,1971,4969.0
107,1972,5217.0
107,1973,5548.0
107,1974,5948.0
107,1975,6420.0
107,1976,6973.0
107,1977,7924.0
107,1978,8715.0
107,1979,9043.0
107,1980,9211.0
107,1981,9666.0
107,1982,9479.0
107,1983,9461.0
107,1984,9432.0
107,1985,9661.0
107,1986,9580.0
107,1987,10538.0
107,1988,12035.0
107,1989,11304.0
107,1990,11017.0
107,1991,11796.0
107,1992,11031.0
107,1993,11347.0
107,1994,11561.0
107,1995,13128.0
107,1996,7797.0
107,1997,7941.0
107,1998,6352.0
107,1999,6725.0
107,2000,7067.0
107,2001,7240.0
107,2002,7683.0
107,2003,10058.0
107,2004,12428.0
107,2005,12898.0
107,2006,15006.0
107,2007,14468.0
107,2008,14799.0
107,2009,16715.0
107,2010,21105.0
107,2011,21098.0
107,2012,27405.0
107,2013,35826.0
98,1992,85250.0
98,1993,69914.0
98,1994,77447.0
98,1995,85286.0
98,1996,79770.0
98,1997,79332.0
98,1998,71949.0
98,1999,84163.0
98,2000,91831.0
98,2001,96369.0
98,2002,104848.0
98,2003,102965.0
98,2004,124348.0
98,2005,138648.0
98,2006,166122.0
98,2007,181588.0
98,2008,177127.0
98,2009,194577.0
98,2010,182097.0
98,2011,184201.0
98,2012,192585.0
98,2013,183567.0
49,1961,27200.0
49,1962,28000.0
49,1963,29600.0
49,1964,31200.0
49,1965,32800.0
49,1966,35000.0
49,1967,33000.0
49,1968,31000.0
49,1969,32000.0
49,1970,32800.0
49,1971,38400.0
49,1972,37600.0
49,1973,40800.0
49,1974,38000.0
49,1975,34640.0
49,1976,41920.0
49,1977,78320.0
49,1978,49270.0
49,1979,49390.0
49,1980,46080.0
49,1981,54260.0
49,1982,56480.0
49,1983,60560.0
49,1984,68480.0
49,1985,75840.0
49,1986,80160.0
49,1987,84800.0
49,1988,83680.0
49,1989,88300.0
49,1990,101150.0
49,1991,92244.0
49,1992,84356.0
49,1993,111543.0
49,1994,118533.0
49,1995,105962.0
49,1996,111985.0
49,1997,85632.0
49,1998,90468.0
49,1999,118768.0
49,2000,118317.0
49,2001,106620.0
49,2002,115018.0
49,2003,114612.0
49,2004,126725.0
49,2005,124460.0
49,2006,135391.0
49,2007,216852.0
49,2008,231734.0
49,2009,223373.0
49,2010,225754.0
49,2011,215093.0
49,2012,196178.0
49,2013,223327.0
50,1961,2363.0
50,1962,2184.0
50,1963,2562.0
50,1964,2777.0
50,1965,3412.0
50,1966,5931.0
50,1967,6383.0
50,1968,7159.0
50,1969,9258.0
50,1970,9631.0
50,1971,9923.0
50,1972,11062.0
50,1973,12549.0
50,1974,11459.0
50,1975,9234.0
50,1976,10705.0
50,1977,10996.0
50,1978,11599.0
50,1979,12023.0
50,1980,12222.0
50,1981,13546.0
50,1982,15146.0
50,1983,16021.0
50,1984,17185.0
50,1985,17407.0
50,1986,17449.0
50,1987,19069.0
50,1988,21362.0
50,1989,22887.0
50,1990,24818.0
50,1991,25319.0
50,1992,26871.0
50,1993,29451.0
50,1994,32027.0
50,1995,32245.0
50,1996,33708.0
50,1997,34070.0
50,1998,34732.0
50,1999,35975.0
50,2000,36771.0
50,2001,36385.0
50,2002,36835.0
50,2003,37828.0
50,2004,38531.0
50,2005,41744.0
50,2006,43822.0
50,2007,43177.0
50,2008,40067.0
50,2009,41924.0
50,2010,41597.0
50,2011,42849.0
50,2012,44799.0
50,2013,43788.0
167,1993,603163.0
167,1994,479428.0
167,1995,511853.0
167,1996,512768.0
167,1997,458784.0
167,1998,481905.0
167,1999,467898.0
167,2000,432683.0
167,2001,425713.0
167,2002,431913.0
167,2003,443255.0
167,2004,495413.0
167,2005,501019.0
167,2006,476149.0
167,2007,487962.0
167,2008,479120.0
167,2009,473897.0
167,2010,484993.0
167,2011,479907.0
167,2012,450846.0
167,2013,440624.0
51,1961,523315.0
51,1962,502645.0
51,1963,525249.0
51,1964,570670.0
51,1965,622595.0
51,1966,644458.0
51,1967,631957.0
51,1968,655048.0
51,1969,620786.0
51,1970,608654.0
51,1971,663104.0
51,1972,674750.0
51,1973,672336.0
51,1974,679057.0
51,1975,712172.0
51,1976,706176.0
51,1977,756325.0
51,1978,803687.0
51,1979,826433.0
51,1980,842849.0
51,1981,867688.0
51,1982,738877.0
51,1983,825611.0
51,1984,837272.0
51,1985,848136.0
51,1986,831043.0
51,1987,858769.0
51,1988,915711.0
51,1989,922056.0
51,1990,905421.0
51,1991,829559.0
51,1992,836066.0
116,1961,49000.0
116,1962,50000.0
116,1963,51500.0
116,1964,55000.0
116,1965,55000.0
116,1966,60000.0
116,1967,64828.0
116,1968,64790.0
116,1969,69871.0
116,1970,84878.0
116,1971,90000.0
116,1972,100000.0
116,1973,100000.0
116,1974,115000.0
116,1975,125000.0
116,1976,135000.0
116,1977,145000.0
116,1978,150000.0
116,1979,160000.0
116,1980,165000.0
116,1981,175000.0
116,1982,175000.0
116,1983,185000.0
116,1984,185000.0
116,1985,195000.0
116,1986,200000.0
116,1987,205200.0
116,1988,215373.0
116,1989,223073.0
116,1990,227799.0
116,1991,258219.0
116,1992,183377.0
116,1993,158732.0
116,1994,136610.0
116,1995,116443.0
116,1996,106354.0
116,1997,85429.0
116,1998,112400.0
116,1999,134243.0
116,2000,141743.0
116,2001,146701.0
116,2002,200556.0
116,2003,164279.0
116,2004,166548.0
116,2005,171608.0
116,2006,151519.0
116,2007,131579.0
116,2008,110926.0
116,2009,110368.0
116,2010,112324.0
116,2011,112325.0
116,2012,114854.0
116,2013,117072.0
54,1961,164283.0
54,1962,149472.0
54,1963,147289.0
54,1964,149406.0
54,1965,152551.0
54,1966,155852.0
54,1967,152679.0
54,1968,147411.0
54,1969,146117.0
54,1970,146142.0
54,1971,153328.0
54,1972,171102.0
54,1973,174812.0
54,1974,178884.0
54,1975,197755.0
54,1976,202363.0
54,1977,213344.0
54,1978,234391.0
54,1979,245006.0
54,1980,282526.0
54,1981,262175.0
54,1982,251303.0
54,1983,262508.0
54,1984,275731.0
54,1985,290735.0
54,1986,325499.0
54,1987,340482.0
54,1988,338487.0
54,1989,333007.0
54,1990,332852.0
54,1991,335989.0
54,1992,336359.0
54,1993,336316.0
54,1994,331472.0
54,1995,337280.0
54,1996,342879.0
54,1997,305497.0
54,1998,363016.0
54,1999,126662.0
54,2000,143813.0
54,2001,139822.0
54,2002,183467.0
54,2003,154426.0
54,2004,131433.0
54,2005,238591.0
54,2006,174465.0
54,2007,219417.0
54,2008,144594.0
54,2009,107063.0
54,2010,126444.0
54,2011,101748.0
54,2012,141189.0
54,2013,139739.0
72,1961,0.0
72,1962,0.0
72,1963,0.0
72,1964,0.0
72,1965,0.0
72,1966,0.0
72,1967,0.0
72,1968,0.0
72,1969,0.0
72,1970,0.0
72,1971,0.0
72,1972,0.0
72,1973,0.0
72,1974,0.0
72,1975,0.0
72,1976,0.0
72,1977,0.0
72,1978,0.0
72,1979,93.0
72,1980,73.0
72,1981,448.0
72,1982,143.0
72,1983,152.0
72,1984,138.0
72,1985,122.0
72,1986,115.0
72,1987,144.0
72,1988,214.0
72,1989,123.0
72,1990,258.0
72,1991,187.0
72,1992,333.0
72,1993,367.0
72,1994,214.0
72,1995,207.0
72,1996,69.0
72,1997,66.0
72,1998,92.0
72,1999,120.0
72,2000,90.0
72,2001,56.0
72,2002,154.0
72,2003,551.0
72,2004,790.0
72,2005,1558.0
72,2006,124.0
72,2007,259.0
72,2008,187.0
72,2009,178.0
72,2010,686.0
72,2011,144.0
72,2012,112.0
72,2013,152.0
55,1961,506.0
55,1962,537.0
55,1963,548.0
55,1964,585.0
55,1965,561.0
55,1966,568.0
55,1967,568.0
55,1968,570.0
55,1969,598.0
55,1970,609.0
55,1971,593.0
55,1972,707.0
55,1973,709.0
55,1974,719.0
55,1975,610.0
55,1976,637.0
55,1977,704.0
55,1978,702.0
55,1979,759.0
55,1980,770.0
55,1981,699.0
55,1982,816.0
55,1983,645.0
55,1984,620.0
55,1985,611.0
55,1986,691.0
55,1987,794.0
55,1988,819.0
55,1989,853.0
55,1990,825.0
55,1991,644.0
55,1992,662.0
55,1993,541.0
55,1994,561.0
55,1995,945.0
55,1996,726.0
55,1997,997.0
55,1998,721.0
55,1999,503.0
55,2000,1153.0
55,2001,1111.0
55,2002,1110.0
55,2003,1071.0
55,2004,1277.0
55,2005,1277.0
55,2006,1205.0
55,2007,1253.0
55,2008,1448.0
55,2009,1398.0
55,2010,1382.0
55,2011,880.0
55,2012,1014.0
55,2013,784.0
56,1961,9323.0
56,1962,10181.0
56,1963,9742.0
56,1964,9772.0
56,1965,8981.0
56,1966,10444.0
56,1967,10013.0
56,1968,11215.0
56,1969,10740.0
56,1970,11563.0
56,1971,14534.0
56,1972,16526.0
56,1973,17412.0
56,1974,18663.0
56,1975,19691.0
56,1976,21699.0
56,1977,22866.0
56,1978,22979.0
56,1979,24388.0
56,1980,17872.0
56,1981,7994.0
56,1982,6917.0
56,1983,6727.0
56,1984,7098.0
56,1985,13056.0
56,1986,14469.0
56,1987,16836.0
56,1988,17570.0
56,1989,20302.0
56,1990,21074.0
56,1991,37796.0
56,1992,42777.0
56,1993,52755.0
56,1994,55953.0
56,1995,61420.0
56,1996,63262.0
56,1997,64400.0
56,1998,67220.0
56,1999,61831.0
56,2000,62642.0
56,2001,64502.0
56,2002,66677.0
56,2003,64954.0
56,2004,53906.0
56,2005,85887.0
56,2006,104691.0
56,2007,98493.0
56,2008,100332.0
56,2009,100808.0
56,2010,107186.0
56,2011,118482.0
56,2012,91711.0
56,2013,98982.0
58,1961,30150.0
58,1962,31725.0
58,1963,25134.0
58,1964,26595.0
58,1965,28038.0
58,1966,28350.0
58,1967,28575.0
58,1968,29115.0
58,1969,29250.0
58,1970,29925.0
58,1971,30600.0
58,1972,31612.0
58,1973,33984.0
58,1974,36450.0
58,1975,39262.0
58,1976,42206.0
58,1977,45158.0
58,1978,51390.0
58,1979,56700.0
58,1980,62550.0
58,1981,53304.0
58,1982,56549.0
58,1983,58545.0
58,1984,62029.0
58,1985,65338.0
58,1986,67905.0
58,1987,67500.0
58,1988,65470.0
58,1989,64337.0
58,1990,70672.0
58,1991,76312.0
58,1992,81877.0
58,1993,81252.0
58,1994,84130.0
58,1995,89096.0
58,1996,103489.0
58,1997,107492.0
58,1998,100832.0
58,1999,110414.0
58,2000,113729.0
58,2001,140815.0
58,2002,146894.0
58,2003,155719.0
58,2004,164103.0
58,2005,166069.0
58,2006,166989.0
58,2007,193081.0
58,2008,219094.0
58,2009,184941.0
58,2010,195099.0
58,2011,209465.0
58,2012,213041.0
58,2013,227220.0
59,1961,1239.0
59,1962,1294.0
59,1963,1385.0
59,1964,1085.0
59,1965,896.0
59,1966,1008.0
59,1967,1092.0
59,1968,982.0
59,1969,1291.0
59,1970,1290.0
59,1971,1200.0
59,1972,1298.0
59,1973,1596.0
59,1974,1698.0
59,1975,1796.0
59,1976,2426.0
59,1977,2285.0
59,1978,2248.0
59,1979,2400.0
59,1980,2500.0
59,1981,2792.0
59,1982,2609.0
59,1983,2596.0
59,1984,2697.0
59,1985,2996.0
59,1986,3049.0
59,1987,3255.0
59,1988,2840.0
59,1989,4687.0
59,1990,2446.0
59,1991,2492.0
59,1992,2888.0
59,1993,2917.0
59,1994,2739.0
59,1995,2793.0
59,1996,2845.0
59,1997,2935.0
59,1998,8227.0
59,1999,3048.0
59,2000,3100.0
59,2001,1600.0
59,2002,1542.0
59,2003,1741.0
59,2004,1569.0
59,2005,1700.0
59,2006,1960.0
59,2007,3971.0
59,2008,2815.0
59,2009,666.0
59,2010,861.0
59,2011,848.0
59,2012,1266.0
59,2013,1332.0
60,1961,11633.0
60,1962,11632.0
60,1963,11657.0
60,1964,11609.0
60,1965,11667.0
60,1966,11678.0
60,1967,11618.0
60,1968,11596.0
60,1969,11359.0
60,1970,11408.0
60,1971,10888.0
60,1972,12763.0
60,1973,13148.0
60,1974,13406.0
60,1975,13916.0
60,1976,14121.0
60,1977,14508.0
60,1978,15080.0
60,1979,15921.0
60,1980,17165.0
60,1981,13470.0
60,1982,13287.0
60,1983,13458.0
60,1984,13221.0
60,1985,13818.0
60,1986,14254.0
60,1987,14507.0
60,1988,13280.0
60,1989,10147.0
60,1990,11848.0
60,1991,11131.0
60,1992,12192.0
60,1993,12021.0
60,1994,13474.0
60,1995,12106.0
60,1996,13424.0
60,1997,12058.0
60,1998,14087.0
60,1999,18307.0
60,2000,15391.0
60,2001,12196.0
60,2002,13279.0
60,2003,13749.0
60,2004,14608.0
60,2005,18220.0
60,2006,22544.0
60,2007,17684.0
60,2008,18239.0
60,2009,18456.0
60,2010,17488.0
60,2011,16206.0
60,2012,17492.0
60,2013,20473.0
63,1992,42600.0
63,1993,29775.0
63,1994,34888.0
63,1995,34858.0
63,1996,37054.0
63,1997,30623.0
63,1998,32724.0
63,1999,41460.0
63,2000,37943.0
63,2001,38797.0
63,2002,39367.0
63,2003,39283.0
63,2004,41284.0
63,2005,38044.0
63,2006,45913.0
63,2007,49649.0
63,2008,45033.0
63,2009,45254.0
63,2010,50032.0
63,2011,47608.0
63,2012,38177.0
63,2013,38193.0
238,1993,1150.0
238,1994,1156.0
238,1995,1213.0
238,1996,1268.0
238,1997,1323.0
238,1998,1401.0
238,1999,1463.0
238,2000,1471.0
238,2001,1565.0
238,2002,1537.0
238,2003,1696.0
238,2004,1662.0
238,2005,1720.0
238,2006,1800.0
238,2007,1751.0
238,2008,1771.0
238,2009,1806.0
238,2010,1851.0
238,2011,1925.0
238,2012,1962.0
238,2013,1962.0
62,1961,634.0
62,1962,587.0
62,1963,470.0
62,1964,564.0
62,1965,579.0
62,1966,621.0
62,1967,635.0
62,1968,651.0
62,1969,720.0
62,1970,776.0
62,1971,784.0
62,1972,813.0
62,1973,761.0
62,1974,769.0
62,1975,703.0
62,1976,754.0
62,1977,839.0
62,1978,908.0
62,1979,934.0
62,1980,977.0
62,1981,985.0
62,1982,990.0
62,1983,1100.0
62,1984,1046.0
62,1985,951.0
62,1986,1022.0
62,1987,975.0
62,1988,975.0
62,1989,1036.0
62,1990,1051.0
62,1991,1099.0
62,1992,1153.0
66,1961,667.0
66,1962,706.0
66,1963,795.0
66,1964,916.0
66,1965,1002.0
66,1966,1019.0
66,1967,1143.0
66,1968,1160.0
66,1969,1238.0
66,1970,1413.0
66,1971,1546.0
66,1972,1744.0
66,1973,1827.0
66,1974,1902.0
66,1975,1951.0
66,1976,1976.0
66,1977,2148.0
66,1978,2177.0
66,1979,2160.0
66,1980,2278.0
66,1981,2322.0
66,1982,2408.0
66,1983,2468.0
66,1984,2562.0
66,1985,2727.0
66,1986,2707.0
66,1987,2776.0
66,1988,2865.0
66,1989,3029.0
66,1990,3008.0
66,1991,3104.0
66,1992,3043.0
66,1993,3272.0
66,1994,3468.0
66,1995,3131.0
66,1996,3277.0
66,1997,3802.0
66,1998,3400.0
66,1999,4062.0
66,2000,3757.0
66,2001,3802.0
66,2002,4066.0
66,2003,4142.0
66,2004,3980.0
66,2005,4114.0
66,2006,3975.0
66,2007,3857.0
66,2008,4048.0
66,2009,3849.0
66,2010,3878.0
66,2011,3993.0
66,2012,3935.0
66,2013,3800.0
67,1961,62159.0
67,1962,66447.0
67,1963,65875.0
67,1964,65770.0
67,1965,67331.0
67,1966,72283.0
67,1967,77939.0
67,1968,79269.0
67,1969,84424.0
67,1970,95263.0
67,1971,102953.0
67,1972,106686.0
67,1973,114125.0
67,1974,112953.0
67,1975,128692.0
67,1976,123328.0
67,1977,129061.0
67,1978,133805.0
67,1979,138903.0
67,1980,142883.0
67,1981,143538.0
67,1982,152478.0
67,1983,160077.0
67,1984,149633.0
67,1985,154492.0
67,1986,160302.0
67,1987,161478.0
67,1988,166805.0
67,1989,166811.0
67,1990,162185.0
67,1991,162731.0
67,1992,161883.0
67,1993,149008.0
67,1994,149181.0
67,1995,165137.0
67,1996,167200.0
67,1997,168911.0
67,1998,176427.0
67,1999,174632.0
67,2000,169125.0
67,2001,165320.0
67,2002,167182.0
67,2003,167268.0
67,2004,172187.0
67,2005,175280.0
67,2006,174276.0
67,2007,186197.0
67,2008,180575.0
67,2009,181512.0
67,2010,195071.0
67,2011,187356.0
67,2012,201789.0
67,2013,196114.0
68,1961,1201673.0
68,1962,1264066.0
68,1963,1275478.0
68,1964,1316729.0
68,1965,1392711.0
68,1966,1403481.0
68,1967,1465763.0
68,1968,1529312.0
68,1969,1491509.0
68,1970,1548609.0
68,1971,1633699.0
68,1972,1677796.0
68,1973,1673382.0
68,1974,1701063.0
68,1975,1753570.0
68,1976,1781310.0
68,1977,1828892.0
68,1978,1918352.0
68,1979,1975264.0
68,1980,2020406.0
68,1981,1934831.0
68,1982,1923819.0
68,1983,1939807.0
68,1984,1948367.0
68,1985,1950904.0
68,1986,1970504.0
68,1987,2011512.0
68,1988,2069900.0
68,1989,2055774.0
68,1990,1920822.0
68,1991,1934996.0
68,1992,2018115.0
68,1993,2060467.0
68,1994,2064501.0
68,1995,2078301.0
68,1996,2062845.0
68,1997,2081545.0
68,1998,2186188.0
68,1999,2189956.0
68,2000,2223296.0
68,2001,2227338.0
68,2002,2151811.0
68,2003,2273042.0
68,2004,2047878.0
68,2005,2113760.0
68,2006,1910478.0
68,2007,1823234.0
68,2008,2173686.0
68,2009,2193659.0
68,2010,2179448.0
68,2011,2127631.0
68,2012,2150504.0
68,2013,2124732.0
70,1961,675.0
70,1962,979.0
70,1963,435.0
70,1964,485.0
70,1965,740.0
70,1966,840.0
70,1967,952.0
70,1968,1000.0
70,1969,859.0
70,1970,1002.0
70,1971,987.0
70,1972,1046.0
70,1973,1084.0
70,1974,1296.0
70,1975,1121.0
70,1976,1138.0
70,1977,1153.0
70,1978,1021.0
70,1979,1239.0
70,1980,1175.0
70,1981,1295.0
70,1982,1287.0
70,1983,1425.0
70,1984,2587.0
70,1985,2736.0
70,1986,2848.0
70,1987,2776.0
70,1988,3382.0
70,1989,3324.0
70,1990,2554.0
70,1991,2616.0
70,1992,2985.0
70,1993,3156.0
70,1994,2872.0
70,1995,3154.0
70,1996,3174.0
70,1997,2919.0
70,1998,3287.0
70,1999,3119.0
70,2000,3614.0
70,2001,3274.0
70,2002,3652.0
70,2003,4055.0
70,2004,3609.0
70,2005,3415.0
70,2006,3556.0
70,2007,3584.0
70,2008,3914.0
70,2009,3940.0
70,2010,3960.0
70,2011,3954.0
70,2012,3960.0
70,2013,4086.0
74,1961,1255.0
74,1962,1297.0
74,1963,1360.0
74,1964,1376.0
74,1965,1445.0
74,1966,1463.0
74,1967,1456.0
74,1968,1501.0
74,1969,1532.0
74,1970,1605.0
74,1971,1676.0
74,1972,1809.0
74,1973,1833.0
74,1974,1978.0
74,1975,2244.0
74,1976,2126.0
74,1977,2133.0
74,1978,2506.0
74,1979,2627.0
74,1980,2458.0
74,1981,2532.0
74,1982,2846.0
74,1983,2583.0
74,1984,2702.0
74,1985,3062.0
74,1986,3352.0
74,1987,2995.0
74,1988,3407.0
74,1989,2967.0
74,1990,3840.0
74,1991,5084.0
74,1992,5765.0
74,1993,8045.0
74,1994,8472.0
74,1995,8493.0
74,1996,8597.0
74,1997,7211.0
74,1998,8462.0
74,1999,8558.0
74,2000,9508.0
74,2001,9432.0
74,2002,9203.0
74,2003,7923.0
74,2004,9000.0
74,2005,8840.0
74,2006,10002.0
74,2007,10376.0
74,2008,8456.0
74,2009,8246.0
74,2010,9455.0
74,2011,11077.0
74,2012,11919.0
74,2013,17319.0
75,1961,112.0
75,1962,113.0
75,1963,78.0
75,1964,125.0
75,1965,170.0
75,1966,216.0
75,1967,220.0
75,1968,238.0
75,1969,232.0
75,1970,239.0
75,1971,250.0
75,1972,255.0
75,1973,265.0
75,1974,297.0
75,1975,309.0
75,1976,304.0
75,1977,303.0
75,1978,302.0
75,1979,322.0
75,1980,342.0
75,1981,358.0
75,1982,387.0
75,1983,393.0
75,1984,383.0
75,1985,385.0
75,1986,388.0
75,1987,428.0
75,1988,413.0
75,1989,498.0
75,1990,427.0
75,1991,578.0
75,1992,446.0
75,1993,442.0
75,1994,472.0
75,1995,503.0
75,1996,503.0
75,1997,487.0
75,1998,518.0
75,1999,415.0
75,2000,390.0
75,2001,370.0
75,2002,443.0
75,2003,443.0
75,2004,536.0
75,2005,542.0
75,2006,556.0
75,2007,836.0
75,2008,828.0
75,2009,747.0
75,2010,959.0
75,2011,646.0
75,2012,495.0
75,2013,328.0
73,1992,55370.0
73,1993,43957.0
73,1994,46646.0
73,1995,48574.0
73,1996,47026.0
73,1997,48303.0
73,1998,44526.0
73,1999,41361.0
73,2000,39417.0
73,2001,39453.0
73,2002,39779.0
73,2003,41241.0
73,2004,40781.0
73,2005,42273.0
73,2006,46139.0
73,2007,37884.0
73,2008,31619.0
73,2009,25729.0
73,2010,29638.0
73,2011,30612.0
73,2012,34197.0
73,2013,38767.0
79,1961,2755080.0
79,1962,2718343.0
79,1963,2770889.0
79,1964,2954787.0
79,1965,3087308.0
79,1966,3061228.0
79,1967,3178772.0
79,1968,3433097.0
79,1969,3439462.0
79,1970,3559341.0
79,1971,3779988.0
79,1972,3920593.0
79,1973,3882584.0
79,1974,4125323.0
79,1975,4211750.0
79,1976,4203355.0
79,1977,4257790.0
79,1978,4467963.0
79,1979,4597751.0
79,1980,4754045.0
79,1981,4802606.0
79,1982,4674890.0
79,1983,4783836.0
79,1984,4814530.0
79,1985,4894763.0
79,1986,4940401.0
79,1987,5006726.0
79,1988,5017714.0
79,1989,4808221.0
79,1990,4792520.0
79,1991,4331128.0
79,1992,4319692.0
79,1993,4401187.0
79,1994,4416069.0
79,1995,4269134.0
79,1996,4376952.0
79,1997,4261100.0
79,1998,4555125.0
79,1999,4543419.0
79,2000,4405427.0
79,2001,4285023.0
79,2002,4355417.0
79,2003,4480064.0
79,2004,4494790.0
79,2005,4460862.0
79,2006,4474547.0
79,2007,4558192.0
79,2008,4422319.0
79,2009,4437219.0
79,2010,4500243.0
79,2011,4433321.0
79,2012,4341506.0
79,2013,4286422.0
81,1961,7739.0
81,1962,5329.0
81,1963,4685.0
81,1964,4732.0
81,1965,3638.0
81,1966,4356.0
81,1967,5238.0
81,1968,6871.0
81,1969,7376.0
81,1970,8237.0
81,1971,7605.0
81,1972,6818.0
81,1973,8230.0
81,1974,9827.0
81,1975,9023.0
81,1976,8987.0
81,1977,8761.0
81,1978,8835.0
81,1979,9563.0
81,1980,9851.0
81,1981,9521.0
81,1982,9479.0
81,1983,9041.0
81,1984,9132.0
81,1985,9288.0
81,1986,10516.0
81,1987,8976.0
81,1988,10987.0
81,1989,12854.0
81,1990,13351.0
81,1991,13491.0
81,1992,11597.0
81,1993,11552.0
81,1994,11928.0
81,1995,11283.0
81,1996,14447.0
81,1997,16001.0
81,1998,14312.0
81,1999,14032.0
81,2000,12613.0
81,2001,12527.0
81,2002,13807.0
81,2003,16493.0
81,2004,15241.0
81,2005,15013.0
81,2006,22910.0
81,2007,22761.0
81,2008,25197.0
81,2009,24516.0
81,2010,23104.0
81,2011,27941.0
81,2012,29858.0
81,2013,35310.0
84,1961,36926.0
84,1962,39280.0
84,1963,38700.0
84,1964,38545.0
84,1965,46915.0
84,1966,49732.0
84,1967,45007.0
84,1968,42616.0
84,1969,44319.0
84,1970,55059.0
84,1971,65431.0
84,1972,76219.0
84,1973,97363.0
84,1974,107534.0
84,1975,106112.0
84,1976,116199.0
84,1977,130378.0
84,1978,142133.0
84,1979,157044.0
84,1980,149240.0
84,1981,169320.0
84,1982,179852.0
84,1983,199083.0
84,1984,208653.0
84,1985,196608.0
84,1986,201932.0
84,1987,224759.0
84,1988,189243.0
84,1989,214731.0
84,1990,199547.0
84,1991,191298.0
84,1992,220670.0
84,1993,220194.0
84,1994,235392.0
84,1995,294673.0
84,1996,256334.0
84,1997,311989.0
84,1998,288146.0
84,1999,347869.0
84,2000,393899.0
84,2001,391555.0
84,2002,343085.0
84,2003,307005.0
84,2004,296594.0
84,2005,321106.0
84,2006,353516.0
84,2007,319177.0
84,2008,325790.0
84,2009,331891.0
84,2010,325387.0
84,2011,348633.0
84,2012,305282.0
84,2013,315022.0
86,1961,227.0
86,1962,231.0
86,1963,244.0
86,1964,279.0
86,1965,259.0
86,1966,290.0
86,1967,340.0
86,1968,384.0
86,1969,305.0
86,1970,478.0
86,1971,530.0
86,1972,583.0
86,1973,580.0
86,1974,551.0
86,1975,467.0
86,1976,403.0
86,1977,530.0
86,1978,552.0
86,1979,607.0
86,1980,429.0
86,1981,422.0
86,1982,476.0
86,1983,601.0
86,1984,570.0
86,1985,550.0
86,1986,591.0
86,1987,1126.0
86,1988,854.0
86,1989,814.0
86,1990,771.0
86,1991,786.0
86,1992,533.0
86,1993,470.0
86,1994,848.0
86,1995,829.0
86,1996,1148.0
86,1997,812.0
86,1998,1035.0
86,1999,1133.0
86,2000,1195.0
86,2001,955.0
86,2002,1373.0
86,2003,1215.0
86,2004,1378.0
86,2005,1653.0
86,2006,2040.0
86,2007,1350.0
86,2008,1577.0
86,2009,1818.0
86,2010,1397.0
86,2011,1139.0
86,2012,1316.0
86,2013,1221.0
89,1961,11976.0
89,1962,11559.0
89,1963,11230.0
89,1964,10262.0
89,1965,10434.0
89,1966,11181.0
89,1967,11690.0
89,1968,12142.0
89,1969,12125.0
89,1970,13516.0
89,1971,13418.0
89,1972,13062.0
89,1973,14315.0
89,1974,13312.0
89,1975,13645.0
89,1976,11488.0
89,1977,10471.0
89,1978,12619.0
89,1979,17485.0
89,1980,16724.0
89,1981,17278.0
89,1982,17176.0
89,1983,16975.0
89,1984,15877.0
89,1985,15984.0
89,1986,15562.0
89,1987,14392.0
89,1988,14218.0
89,1989,14738.0
89,1990,21992.0
89,1991,22832.0
89,1992,23737.0
89,1993,25225.0
89,1994,26241.0
89,1995,29147.0
89,1996,28305.0
89,1997,32281.0
89,1998,35657.0
89,1999,37814.0
89,2000,39916.0
89,2001,46104.0
89,2002,56614.0
89,2003,67949.0
89,2004,67570.0
89,2005,71949.0
89,2006,62260.0
89,2007,64405.0
89,2008,65728.0
89,2009,70517.0
89,2010,75245.0
89,2011,76147.0
89,2012,73322.0
89,2013,74995.0
90,1961,488.0
90,1962,588.0
90,1963,712.0
90,1964,789.0
90,1965,691.0
90,1966,712.0
90,1967,784.0
90,1968,855.0
90,1969,926.0
90,1970,962.0
90,1971,926.0
90,1972,926.0
90,1973,1021.0
90,1974,1069.0
90,1975,1164.0
90,1976,1211.0
90,1977,1235.0
90,1978,1282.0
90,1979,1367.0
90,1980,1522.0
90,1981,2001.0
90,1982,1933.0
90,1983,1946.0
90,1984,1803.0
90,1985,1247.0
90,1986,1225.0
90,1987,1266.0
90,1988,1225.0
90,1989,956.0
90,1990,2192.0
90,1991,1101.0
90,1992,1823.0
90,1993,1453.0
90,1994,1993.0
90,1995,1416.0
90,1996,1485.0
90,1997,1566.0
90,1998,1567.0
90,1999,1636.0
90,2000,1728.0
90,2001,1752.0
90,2002,1848.0
90,2003,2010.0
90,2004,2293.0
90,2005,2262.0
90,2006,1890.0
90,2007,2046.0
90,2008,1780.0
90,2009,1638.0
90,2010,1808.0
90,2011,1897.0
90,2012,1871.0
90,2013,1909.0
175,1961,5168.0
175,1962,5180.0
175,1963,5208.0
175,1964,5242.0
175,1965,5247.0
175,1966,5263.0
175,1967,5350.0
175,1968,5341.0
175,1969,5440.0
175,1970,5631.0
175,1971,5839.0
175,1972,5819.0
175,1973,5881.0
175,1974,6028.0
175,1975,6095.0
175,1976,6476.0
175,1977,6993.0
175,1978,7219.0
175,1979,7577.0
175,1980,7871.0
175,1981,8125.0
175,1982,8246.0
175,1983,8400.0
175,1984,8485.0
175,1985,8648.0
175,1986,8772.0
175,1987,8928.0
175,1988,8926.0
175,1989,8926.0
175,1990,8970.0
175,1991,8989.0
175,1992,9232.0
175,1993,9612.0
175,1994,9882.0
175,1995,10021.0
175,1996,10204.0
175,1997,10364.0
175,1998,10508.0
175,1999,10681.0
175,2000,10737.0
175,2001,10829.0
175,2002,10821.0
175,2003,11267.0
175,2004,11264.0
175,2005,11600.0
175,2006,11924.0
175,2007,12233.0
175,2008,12581.0
175,2009,12905.0
175,2010,13709.0
175,2011,15084.0
175,2012,15293.0
175,2013,15469.0
91,1961,1323.0
91,1962,1295.0
91,1963,1373.0
91,1964,1510.0
91,1965,1496.0
91,1966,1874.0
91,1967,1746.0
91,1968,1752.0
91,1969,1496.0
91,1970,1426.0
91,1971,1731.0
91,1972,1677.0
91,1973,1492.0
91,1974,1203.0
91,1975,1568.0
91,1976,2326.0
91,1977,2480.0
91,1978,1692.0
91,1979,1814.0
91,1980,1418.0
91,1981,1367.0
91,1982,1140.0
91,1983,909.0
91,1984,1072.0
91,1985,1078.0
91,1986,1088.0
91,1987,1118.0
91,1988,1100.0
91,1989,1016.0
91,1990,900.0
91,1991,900.0
91,1992,663.0
91,1993,1280.0
91,1994,611.0
91,1995,722.0
91,1996,593.0
91,1997,1261.0
91,1998,1264.0
91,1999,1209.0
91,2000,1483.0
91,2001,1378.0
91,2002,1362.0
91,2003,930.0
91,2004,891.0
91,2005,733.0
91,2006,810.0
91,2007,1635.0
91,2008,1301.0
91,2009,1987.0
91,2010,1264.0
91,2011,1138.0
91,2012,2179.0
91,2013,2703.0
93,1961,17211.0
93,1962,17565.0
93,1963,17772.0
93,1964,18224.0
93,1965,18533.0
93,1966,19096.0
93,1967,21496.0
93,1968,22205.0
93,1969,23011.0
93,1970,24332.0
93,1971,25323.0
93,1972,26241.0
93,1973,26861.0
93,1974,28211.0
93,1975,29563.0
93,1976,30525.0
93,1977,28452.0
93,1978,31674.0
93,1979,29431.0
93,1980,22226.0
93,1981,15612.0
93,1982,17340.0
93,1983,16900.0
93,1984,17615.0
93,1985,18191.0
93,1986,20106.0
93,1987,18498.0
93,1988,16605.0
93,1989,14997.0
93,1990,14378.0
93,1991,16221.0
93,1992,18733.0
93,1993,20144.0
93,1994,21487.0
93,1995,24053.0
93,1996,26808.0
93,1997,27554.0
93,1998,30021.0
93,1999,30861.0
93,2000,32177.0
93,2001,38441.0
93,2002,40963.0
93,2003,42690.0
93,2004,38555.0
93,2005,41264.0
93,2006,38144.0
93,2007,42476.0
93,2008,43890.0
93,2009,41359.0
93,2010,40072.0
93,2011,44378.0
93,2012,43878.0
93,2013,44127.0
95,1961,7792.0
95,1962,8069.0
95,1963,8555.0
95,1964,8807.0
95,1965,9127.0
95,1966,8964.0
95,1967,9299.0
95,1968,9519.0
95,1969,10094.0
95,1970,10527.0
95,1971,10446.0
95,1972,10761.0
95,1973,9638.0
95,1974,8929.0
95,1975,8695.0
95,1976,9510.0
95,1977,8769.0
95,1978,9602.0
95,1979,9981.0
95,1980,10693.0
95,1981,12971.0
95,1982,10973.0
95,1983,8976.0
95,1984,11718.0
95,1985,10558.0
95,1986,11192.0
95,1987,11392.0
95,1988,11876.0
95,1989,12926.0
95,1990,13295.0
95,1991,13330.0
95,1992,13378.0
95,1993,13684.0
95,1994,7987.0
95,1995,9521.0
95,1996,9640.0
95,1997,10541.0
95,1998,11823.0
95,1999,16936.0
95,2000,16516.0
95,2001,20404.0
95,2002,17579.0
95,2003,19458.0
95,2004,17193.0
95,2005,25417.0
95,2006,33118.0
95,2007,37176.0
95,2008,39799.0
95,2009,39110.0
95,2010,46507.0
95,2011,45119.0
95,2012,42478.0
95,2013,52431.0
97,1961,469956.0
97,1962,493198.0
97,1963,488049.0
97,1964,494491.0
97,1965,510696.0
97,1966,488421.0
97,1967,509179.0
97,1968,569575.0
97,1969,550427.0
97,1970,564578.0
97,1971,602801.0
97,1972,671433.0
97,1973,663230.0
97,1974,708905.0
97,1975,765137.0
97,1976,669287.0
97,1977,717594.0
97,1978,735953.0
97,1979,746431.0
97,1980,750796.0
97,1981,777425.0
97,1982,775191.0
97,1983,823783.0
97,1984,806986.0
97,1985,804194.0
97,1986,785597.0
97,1987,803218.0
97,1988,792392.0
97,1989,811204.0
97,1990,735971.0
97,1991,703658.0
97,1992,673926.0
97,1993,591921.0
97,1994,544257.0
97,1995,506606.0
97,1996,506781.0
97,1997,479185.0
97,1998,469584.0
97,1999,480560.0
97,2000,469474.0
97,2001,443243.0
97,2002,493163.0
97,2003,421360.0
97,2004,467981.0
97,2005,439684.0
97,2006,465717.0
97,2007,480521.0
97,2008,457356.0
97,2009,446652.0
97,2010,405405.0
97,2011,414431.0
97,2012,388894.0
97,2013,347708.0
99,1961,250.0
99,1962,280.0
99,1963,290.0
99,1964,320.0
99,1965,330.0
99,1966,440.0
99,1967,440.0
99,1968,481.0
99,1969,405.0
99,1970,408.0
99,1971,400.0
99,1972,430.0
99,1973,560.0
99,1974,600.0
99,1975,600.0
99,1976,680.0
99,1977,720.0
99,1978,780.0
99,1979,900.0
99,1980,1050.0
99,1981,1110.0
99,1982,982.0
99,1983,1267.0
99,1984,1435.0
99,1985,1630.0
99,1986,1868.0
99,1987,2007.0
99,1988,2473.0
99,1989,2686.0
99,1990,2533.0
99,1991,2597.0
99,1992,2646.0
99,1993,2863.0
99,1994,3209.0
99,1995,3334.0
99,1996,3720.0
99,1997,3929.0
99,1998,3895.0
99,1999,4715.0
99,2000,4807.0
99,2001,5302.0
99,2002,5879.0
99,2003,5990.0
99,2004,5544.0
99,2005,5307.0
99,2006,5838.0
99,2007,6417.0
99,2008,6976.0
99,2009,6536.0
99,2010,6189.0
99,2011,6449.0
99,2012,6313.0
99,2013,7159.0
100,1961,154013.0
100,1962,152781.0
100,1963,151384.0
100,1964,150500.0
100,1965,148758.0
100,1966,148057.0
100,1967,157853.0
100,1968,166256.0
100,1969,165580.0
100,1970,174293.0
100,1971,194411.0
100,1972,205098.0
100,1973,205275.0
100,1974,211224.0
100,1975,214202.0
100,1976,217526.0
100,1977,224880.0
100,1978,235195.0
100,1979,249901.0
100,1980,261444.0
100,1981,278942.0
100,1982,296100.0
100,1983,299949.0
100,1984,304325.0
100,1985,360400.0
100,1986,363997.0
100,1987,365796.0
100,1988,381500.0
100,1989,395497.0
100,1990,412995.0
100,1991,427000.0
100,1992,444493.0
100,1993,447944.0
100,1994,450756.0
100,1995,453676.0
100,1996,458060.0
100,1997,461386.0
100,1998,463273.0
100,1999,464373.0
100,2000,465877.0
100,2001,466329.0
100,2002,467326.0
100,2003,469333.0
100,2004,444005.0
100,2005,425107.0
100,2006,403762.0
100,2007,383862.0
100,2008,382489.0
100,2009,379066.0
100,2010,370075.0
100,2011,365152.0
100,2012,358238.0
100,2013,354407.0
101,1961,93529.0
101,1962,104500.0
101,1963,115548.0
101,1964,115521.0
101,1965,115516.0
101,1966,115530.0
101,1967,104555.0
101,1968,137545.0
101,1969,121049.0
101,1970,126651.0
101,1971,148514.0
101,1972,159552.0
101,1973,137589.0
101,1974,143289.0
101,1975,132475.0
101,1976,149078.0
101,1977,149060.0
101,1978,143692.0
101,1979,176266.0
101,1980,176371.0
101,1981,204362.0
101,1982,215010.0
101,1983,281206.0
101,1984,336014.0
101,1985,368619.0
101,1986,413034.0
101,1987,418083.0
101,1988,462104.0
101,1989,495444.0
101,1990,547390.0
101,1991,575469.0
101,1992,586979.0
101,1993,622885.0
101,1994,660733.0
101,1995,572688.0
101,1996,600080.0
101,1997,634371.0
101,1998,621920.0
101,1999,549975.0
101,2000,413996.0
101,2001,418592.0
101,2002,464821.0
101,2003,487229.0
101,2004,483828.0
101,2005,553255.0
101,2006,592984.0
101,2007,598928.0
101,2008,638370.0
101,2009,649315.0
101,2010,695554.0
101,2011,721801.0
101,2012,729853.0
101,2013,745843.0
102,1961,1210.0
102,1962,1205.0
102,1963,1201.0
102,1964,1203.0
102,1965,1206.0
102,1966,1207.0
102,1967,1203.0
102,1968,1205.0
102,1969,1226.0
102,1970,1357.0
102,1971,1355.0
102,1972,1357.0
102,1973,1365.0
102,1974,1528.0
102,1975,1982.0
102,1976,2764.0
102,1977,2915.0
102,1978,2862.0
102,1979,1255.0
102,1980,0.0
102,1981,0.0
102,1982,0.0
102,1983,0.0
102,1984,0.0
102,1985,0.0
102,1986,0.0
102,1987,0.0
102,1988,0.0
102,1989,0.0
102,1990,0.0
102,1991,0.0
102,1992,0.0
102,1993,0.0
102,1994,0.0
102,1995,0.0
102,1996,0.0
102,1997,0.0
102,1998,0.0
102,1999,0.0
102,2000,0.0
102,2001,0.0
102,2002,0.0
102,2003,0.0
102,2004,0.0
102,2005,0.0
102,2006,0.0
102,2007,0.0
102,2008,0.0
102,2009,0.0
102,2010,0.0
102,2011,0.0
102,2012,0.0
102,2013,0.0
103,1961,63.0
103,1962,38.0
103,1963,13.0
103,1964,25.0
103,1965,14.0
103,1966,18.0
103,1967,10.0
103,1968,1.0
103,1969,14.0
103,1970,8.0
103,1971,1.0
103,1972,9.0
103,1973,0.0
103,1974,0.0
103,1975,0.0
103,1976,0.0
103,1977,0.0
103,1978,0.0
103,1979,0.0
103,1980,32.0
103,1981,0.0
103,1982,0.0
103,1983,0.0
103,1984,0.0
103,1985,0.0
103,1986,0.0
103,1987,0.0
103,1988,0.0
103,1989,0.0
103,1990,0.0
103,1991,0.0
103,1992,0.0
103,1993,0.0
103,1994,0.0
103,1995,0.0
103,1996,0.0
103,1997,0.0
103,1998,0.0
103,1999,0.0
103,2000,0.0
103,2001,0.0
103,2002,0.0
103,2003,237.0
103,2004,316.0
103,2005,105.0
103,2006,27.0
103,2007,15.0
103,2008,43.0
103,2009,427.0
103,2010,25.0
103,2011,24.0
103,2012,5.0
103,2013,20.0
104,1961,67506.0
104,1962,68772.0
104,1963,70721.0
104,1964,77114.0
104,1965,84103.0
104,1966,80937.0
104,1967,76009.0
104,1968,78264.0
104,1969,86085.0
104,1970,92627.0
104,1971,92855.0
104,1972,96296.0
104,1973,94706.0
104,1974,97171.0
104,1975,85002.0
104,1976,93480.0
104,1977,90954.0
104,1978,97816.0
104,1979,102766.0
104,1980,105396.0
104,1981,108529.0
104,1982,111431.0
104,1983,118167.0
104,1984,114950.0
104,1985,114078.0
104,1986,118959.0
104,1987,114978.0
104,1988,122484.0
104,1989,122367.0
104,1990,119497.0
104,1991,125980.0
104,1992,129876.0
104,1993,116241.0
104,1994,111785.0
104,1995,115030.0
104,1996,118712.0
104,1997,128627.0
104,1998,140008.0
104,1999,159389.0
104,2000,141521.0
104,2001,149583.0
104,2002,158374.0
104,2003,168701.0
104,2004,159207.0
104,2005,148748.0
104,2006,153596.0
104,2007,149377.0
104,2008,146949.0
104,2009,143785.0
104,2010,138862.0
104,2011,136845.0
104,2012,145799.0
104,2013,149936.0
105,1961,3778.0
105,1962,4100.0
105,1963,3704.0
105,1964,2600.0
105,1965,3200.0
105,1966,3310.0
105,1967,3881.0
105,1968,4685.0
105,1969,4632.0
105,1970,4903.0
105,1971,5182.0
105,1972,6138.0
105,1973,6844.0
105,1974,7591.0
105,1975,8500.0
105,1976,8425.0
105,1977,10027.0
105,1978,9110.0
105,1979,8982.0
105,1980,9299.0
105,1981,9235.0
105,1982,9670.0
105,1983,8790.0
105,1984,8350.0
105,1985,8750.0
105,1986,8348.0
105,1987,8900.0
105,1988,9340.0
105,1989,8554.0
105,1990,9172.0
105,1991,9331.0
105,1992,9246.0
105,1993,8675.0
105,1994,8650.0
105,1995,10171.0
105,1996,10330.0
105,1997,11741.0
105,1998,11780.0
105,1999,8573.0
105,2000,14758.0
105,2001,15669.0
105,2002,16405.0
105,2003,17377.0
105,2004,17935.0
105,2005,18528.0
105,2006,17362.0
105,2007,18108.0
105,2008,18091.0
105,2009,19466.0
105,2010,18698.0
105,2011,18647.0
105,2012,18661.0
105,2013,15401.0
106,1961,393018.0
106,1962,420974.0
106,1963,412773.0
106,1964,490222.0
106,1965,493531.0
106,1966,486402.0
106,1967,539715.0
106,1968,601237.0
106,1969,596816.0
106,1970,686953.0
106,1971,765266.0
106,1972,802956.0
106,1973,866468.0
106,1974,952132.0
106,1975,1008441.0
106,1976,1048067.0
106,1977,1103122.0
106,1978,1235064.0
106,1979,1288374.0
106,1980,1397305.0
106,1981,1419254.0
106,1982,1393911.0
106,1983,1507366.0
106,1984,1605301.0
106,1985,1584138.0
106,1986,1605734.0
106,1987,1675628.0
106,1988,1710703.0
106,1989,1758949.0
106,1990,1810492.0
106,1991,1828646.0
106,1992,1892984.0
106,1993,1955234.0
106,1994,1937755.0
106,1995,1873075.0
106,1996,2040849.0
106,1997,2012142.0
106,1998,2163701.0
106,1999,2106986.0
106,2000,2134321.0
106,2001,2276023.0
106,2002,2280784.0
106,2003,2320320.0
106,2004,2309922.0
106,2005,2270020.0
106,2006,2382044.0
106,2007,2435156.0
106,2008,2331749.0
106,2009,2389979.0
106,2010,2533524.0
106,2011,2436241.0
106,2012,2421983.0
106,2013,2456902.0
109,1961,6620.0
109,1962,6766.0
109,1963,7037.0
109,1964,7449.0
109,1965,7102.0
109,1966,5805.0
109,1967,6554.0
109,1968,7404.0
109,1969,7712.0
109,1970,8342.0
109,1971,7214.0
109,1972,9258.0
109,1973,9621.0
109,1974,5842.0
109,1975,6562.0
109,1976,7181.0
109,1977,8243.0
109,1978,7550.0
109,1979,6147.0
109,1980,8562.0
109,1981,8069.0
109,1982,7250.0
109,1983,6769.0
109,1984,7129.0
109,1985,7260.0
109,1986,6131.0
109,1987,7015.0
109,1988,8377.0
109,1989,8972.0
109,1990,7784.0
109,1991,4492.0
109,1992,6512.0
109,1993,8025.0
109,1994,9021.0
109,1995,8195.0
109,1996,8187.0
109,1997,8333.0
109,1998,8780.0
109,1999,8691.0
109,2000,7919.0
109,2001,8311.0
109,2002,7333.0
109,2003,8974.0
109,2004,9869.0
109,2005,12076.0
109,2006,14117.0
109,2007,10172.0
109,2008,11809.0
109,2009,10913.0
109,2010,10050.0
109,2011,10870.0
109,2012,11129.0
109,2013,11112.0
110,1961,202345.0
110,1962,318205.0
110,1963,279929.0
110,1964,340406.0
110,1965,398376.0
110,1966,553712.0
110,1967,591609.0
110,1968,588174.0
110,1969,617595.0
110,1970,735978.0
110,1971,852933.0
110,1972,935471.0
110,1973,1089426.0
110,1974,1132738.0
110,1975,1151507.0
110,1976,1192583.0
110,1977,1264992.0
110,1978,1369941.0
110,1979,1542131.0
110,1980,1560615.0
110,1981,1558395.0
110,1982,1547091.0
110,1983,1572135.0
110,1984,1597961.0
110,1985,1701178.0
110,1986,1740896.0
110,1987,1844850.0
110,1988,1884919.0
110,1989,1931443.0
110,1990,1880830.0
110,1991,1880448.0
110,1992,1914667.0
110,1993,1899655.0
110,1994,1892740.0
110,1995,2147848.0
110,1996,2263972.0
110,1997,2065509.0
110,1998,2062362.0
110,1999,2189516.0
110,2000,2244636.0
110,2001,2299516.0
110,2002,2413589.0
110,2003,2420347.0
110,2004,2603455.0
110,2005,2644184.0
110,2006,2481735.0
110,2007,2553975.0
110,2008,2584780.0
110,2009,2516239.0
110,2010,2573253.0
110,2011,2610787.0
110,2012,2654205.0
110,2013,2621390.0
112,1961,0.0
112,1962,2.0
112,1963,3.0
112,1964,5.0
112,1965,5.0
112,1966,2.0
112,1967,4.0
112,1968,0.0
112,1969,0.0
112,1970,0.0
112,1971,0.0
112,1972,0.0
112,1973,0.0
112,1974,10.0
112,1975,0.0
112,1976,8.0
112,1977,27.0
112,1978,18.0
112,1979,37.0
112,1980,33.0
112,1981,15.0
112,1982,28.0
112,1983,50.0
112,1984,24.0
112,1985,36.0
112,1986,42.0
112,1987,26.0
112,1988,14.0
112,1989,40.0
112,1990,16.0
112,1991,14.0
112,1992,10.0
112,1993,5.0
112,1994,43.0
112,1995,50.0
112,1996,9.0
112,1997,27.0
112,1998,9.0
112,1999,65.0
112,2000,65.0
112,2001,25.0
112,2002,40.0
112,2003,85.0
112,2004,57.0
112,2005,84.0
112,2006,69.0
112,2007,82.0
112,2008,120.0
112,2009,103.0
112,2010,133.0
112,2011,118.0
112,2012,176.0
112,2013,141.0
108,1992,221200.0
108,1993,196713.0
108,1994,156794.0
108,1995,106857.0
108,1996,108952.0
108,1997,88371.0
108,1998,84715.0
108,1999,99058.0
108,2000,144503.0
108,2001,193132.0
108,2002,199154.0
108,2003,198529.0
108,2004,199960.0
108,2005,218841.0
108,2006,226785.0
108,2007,234231.0
108,2008,260474.0
108,2009,257503.0
108,2010,233396.0
108,2011,273231.0
108,2012,172684.0
108,2013,170258.0
114,1961,2245.0
114,1962,2156.0
114,1963,1358.0
114,1964,1580.0
114,1965,1587.0
114,1966,2013.0
114,1967,1534.0
114,1968,1972.0
114,1969,2144.0
114,1970,967.0
114,1971,1554.0
114,1972,2238.0
114,1973,2421.0
114,1974,2320.0
114,1975,2530.0
114,1976,2633.0
114,1977,2780.0
114,1978,3012.0
114,1979,3092.0
114,1980,3482.0
114,1981,3744.0
114,1982,4149.0
114,1983,4262.0
114,1984,4370.0
114,1985,4727.0
114,1986,4589.0
114,1987,4663.0
114,1988,5189.0
114,1989,5353.0
114,1990,5588.0
114,1991,6960.0
114,1992,7647.0
114,1993,7900.0
114,1994,6702.0
114,1995,7746.0
114,1996,9408.0
114,1997,10391.0
114,1998,9604.0
114,1999,10165.0
114,2000,12543.0
114,2001,12917.0
114,2002,13842.0
114,2003,14205.0
114,2004,14576.0
114,2005,14987.0
114,2006,15432.0
114,2007,14779.0
114,2008,14052.0
114,2009,15529.0
114,2010,12744.0
114,2011,10718.0
114,2012,10868.0
114,2013,13024.0
83,1961,496.0
83,1962,496.0
83,1963,496.0
83,1964,594.0
83,1965,594.0
83,1966,509.0
83,1967,509.0
83,1968,509.0
83,1969,509.0
83,1970,509.0
83,1971,512.0
83,1972,512.0
83,1973,512.0
83,1974,512.0
83,1975,520.0
83,1976,525.0
83,1977,523.0
83,1978,519.0
83,1979,524.0
83,1980,531.0
83,1981,531.0
83,1982,526.0
83,1983,526.0
83,1984,523.0
83,1985,522.0
83,1986,536.0
83,1987,559.0
83,1988,543.0
83,1989,547.0
83,1990,549.0
83,1991,557.0
83,1992,545.0
83,1993,617.0
83,1994,633.0
83,1995,679.0
83,1996,642.0
83,1997,679.0
83,1998,658.0
83,1999,702.0
83,2000,819.0
83,2001,904.0
83,2002,1022.0
83,2003,1089.0
83,2004,1053.0
83,2005,927.0
83,2006,958.0
83,2007,981.0
83,2008,1018.0
83,2009,921.0
83,2010,979.0
83,2011,906.0
83,2012,925.0
83,2013,1213.0
113,1992,18767.0
113,1993,20548.0
113,1994,17699.0
113,1995,27397.0
113,1996,28219.0
113,1997,24932.0
113,1998,31278.0
113,1999,27607.0
113,2000,23263.0
113,2001,24980.0
113,2002,21947.0
113,2003,21335.0
113,2004,24739.0
113,2005,17513.0
113,2006,30410.0
113,2007,29860.0
113,2008,28348.0
113,2009,29660.0
113,2010,28343.0
113,2011,26802.0
113,2012,27460.0
113,2013,25058.0
120,1961,9000.0
120,1962,9000.0
120,1963,9000.0
120,1964,11810.0
120,1965,13404.0
120,1966,14708.0
120,1967,15014.0
120,1968,15045.0
120,1969,12250.0
120,1970,11887.0
120,1971,11638.0
120,1972,12388.0
120,1973,12018.0
120,1974,10924.0
120,1975,12016.0
120,1976,14400.0
120,1977,12400.0
120,1978,10400.0
120,1979,12400.0
120,1980,16600.0
120,1981,18000.0
120,1982,18400.0
120,1983,19500.0
120,1984,20400.0
120,1985,15800.0
120,1986,19200.0
120,1987,19200.0
120,1988,20050.0
120,1989,21600.0
120,1990,21860.0
120,1991,21860.0
120,1992,22572.0
120,1993,24580.0
120,1994,25580.0
120,1995,28816.0
120,1996,29608.0
120,1997,30514.0
120,1998,31427.0
120,1999,31600.0
120,2000,28645.0
120,2001,31550.0
120,2002,31568.0
120,2003,35500.0
120,2004,37006.0
120,2005,39008.0
120,2006,43000.0
120,2007,46000.0
120,2008,50700.0
120,2009,54500.0
120,2010,58700.0
120,2011,56600.0
120,2012,59700.0
120,2013,63000.0
119,1992,65487.0
119,1993,67043.0
119,1994,61201.0
119,1995,66962.0
119,1996,49954.0
119,1997,44030.0
119,1998,37091.0
119,1999,39866.0
119,2000,37142.0
119,2001,42078.0
119,2002,51048.0
119,2003,57761.0
119,2004,57679.0
119,2005,67725.0
119,2006,68819.0
119,2007,73346.0
119,2008,81060.0
119,2009,78923.0
119,2010,78237.0
119,2011,87909.0
119,2012,78149.0
119,2013,71659.0
121,1961,952.0
121,1962,926.0
121,1963,1000.0
121,1964,1048.0
121,1965,1168.0
121,1966,1281.0
121,1967,1542.0
121,1968,1768.0
121,1969,1872.0
121,1970,1732.0
121,1971,1735.0
121,1972,2007.0
121,1973,2180.0
121,1974,2064.0
121,1975,2198.0
121,1976,2199.0
121,1977,3298.0
121,1978,2247.0
121,1979,2509.0
121,1980,3516.0
121,1981,2936.0
121,1982,2888.0
121,1983,4218.0
121,1984,5555.0
121,1985,6154.0
121,1986,5965.0
121,1987,5955.0
121,1988,6479.0
121,1989,6589.0
121,1990,7072.0
121,1991,7207.0
121,1992,7805.0
121,1993,9223.0
121,1994,8732.0
121,1995,8441.0
121,1996,7891.0
121,1997,14714.0
121,1998,11667.0
121,1999,10698.0
121,2000,10733.0
121,2001,10161.0
121,2002,10607.0
121,2003,9511.0
121,2004,9550.0
121,2005,9894.0
121,2006,8906.0
121,2007,9586.0
121,2008,8459.0
121,2009,7892.0
121,2010,9325.0
121,2011,9077.0
121,2012,8999.0
121,2013,8217.0
122,1961,1632.0
122,1962,1689.0
122,1963,1740.0
122,1964,1788.0
122,1965,1824.0
122,1966,1860.0
122,1967,1920.0
122,1968,1950.0
122,1969,1980.0
122,1970,1981.0
122,1971,2050.0
122,1972,2200.0
122,1973,2300.0
122,1974,2350.0
122,1975,2450.0
122,1976,2500.0
122,1977,2550.0
122,1978,2600.0
122,1979,2650.0
122,1980,2700.0
122,1981,2250.0
122,1982,2500.0
122,1983,2407.0
122,1984,2415.0
122,1985,2528.0
122,1986,3035.0
122,1987,3000.0
122,1988,3000.0
122,1989,3000.0
122,1990,2850.0
122,1991,2125.0
122,1992,1900.0
122,1993,2600.0
122,1994,1950.0
122,1995,2800.0
122,1996,2700.0
122,1997,3325.0
122,1998,3250.0
122,1999,3350.0
122,2000,3400.0
122,2001,3900.0
122,2002,4325.0
122,2003,4450.0
122,2004,4700.0
122,2005,5150.0
122,2006,5550.0
122,2007,6706.0
122,2008,7100.0
122,2009,7470.0
122,2010,5250.0
122,2011,5100.0
122,2012,3650.0
122,2013,4446.0
123,1961,2181.0
123,1962,2158.0
123,1963,2128.0
123,1964,2317.0
123,1965,2403.0
123,1966,2492.0
123,1967,2639.0
123,1968,2660.0
123,1969,2779.0
123,1970,2811.0
123,1971,2902.0
123,1972,2883.0
123,1973,2967.0
123,1974,2996.0
123,1975,3035.0
123,1976,3128.0
123,1977,3220.0
123,1978,3335.0
123,1979,3626.0
123,1980,3969.0
123,1981,4184.0
123,1982,4215.0
123,1983,4284.0
123,1984,4388.0
123,1985,4695.0
123,1986,4576.0
123,1987,5244.0
123,1988,5391.0
123,1989,5391.0
123,1990,4911.0
123,1991,4372.0
123,1992,4711.0
123,1993,4406.0
123,1994,4485.0
123,1995,4390.0
123,1996,4252.0
123,1997,5022.0
123,1998,4801.0
123,1999,4597.0
123,2000,5373.0
123,2001,5367.0
123,2002,5697.0
123,2003,5894.0
123,2004,8804.0
123,2005,8384.0
123,2006,7273.0
123,2007,8230.0
123,2008,10027.0
123,2009,10449.0
123,2010,11921.0
123,2011,15274.0
123,2012,17135.0
123,2013,17219.0
126,1992,67915.0
126,1993,29158.0
126,1994,77705.0
126,1995,89445.0
126,1996,82852.0
126,1997,80322.0
126,1998,69984.0
126,1999,92019.0
126,2000,85267.0
126,2001,66544.0
126,2002,91455.0
126,2003,107964.0
126,2004,127020.0
126,2005,128169.0
126,2006,147962.0
126,2007,158700.0
126,2008,160538.0
126,2009,146075.0
126,2010,141170.0
126,2011,137165.0
126,2012,135887.0
126,2013,137779.0
256,2000,21824.0
256,2001,22217.0
256,2002,20074.0
256,2003,20867.0
256,2004,22161.0
256,2005,23093.0
256,2006,22733.0
256,2007,22336.0
256,2008,23173.0
256,2009,22264.0
256,2010,23222.0
256,2011,21658.0
256,2012,22085.0
256,2013,23099.0
129,1961,15251.0
129,1962,16119.0
129,1963,17632.0
129,1964,19125.0
129,1965,17038.0
129,1966,19292.0
129,1967,18894.0
129,1968,19328.0
129,1969,18981.0
129,1970,19139.0
129,1971,23864.0
129,1972,27207.0
129,1973,24081.0
129,1974,22044.0
129,1975,23708.0
129,1976,20096.0
129,1977,20648.0
129,1978,21233.0
129,1979,24304.0
129,1980,29475.0
129,1981,35370.0
129,1982,30731.0
129,1983,32353.0
129,1984,41361.0
129,1985,40130.0
129,1986,42363.0
129,1987,45957.0
129,1988,50448.0
129,1989,52653.0
129,1990,53954.0
129,1991,54927.0
129,1992,56228.0
129,1993,57531.0
129,1994,58833.0
129,1995,59807.0
129,1996,66176.0
129,1997,67581.0
129,1998,50773.0
129,1999,40042.0
129,2000,21186.0
129,2001,19015.0
129,2002,21820.0
129,2003,24630.0
129,2004,27816.0
129,2005,40901.0
129,2006,57621.0
129,2007,63374.0
129,2008,54267.0
129,2009,54706.0
129,2010,56372.0
129,2011,57564.0
129,2012,58572.0
129,2013,58591.0
130,1961,4134.0
130,1962,4319.0
130,1963,5229.0
130,1964,5429.0
130,1965,5200.0
130,1966,5051.0
130,1967,5817.0
130,1968,6033.0
130,1969,7349.0
130,1970,6130.0
130,1971,5975.0
130,1972,6989.0
130,1973,6919.0
130,1974,7031.0
130,1975,6193.0
130,1976,7572.0
130,1977,7124.0
130,1978,8142.0
130,1979,6990.0
130,1980,7903.0
130,1981,8230.0
130,1982,7918.0
130,1983,8476.0
130,1984,7446.0
130,1985,7393.0
130,1986,11250.0
130,1987,12503.0
130,1988,10017.0
130,1989,10259.0
130,1990,10306.0
130,1991,11108.0
130,1992,13524.0
130,1993,11066.0
130,1994,11511.0
130,1995,15531.0
130,1996,14378.0
130,1997,19295.0
130,1998,19488.0
130,1999,20400.0
130,2000,21250.0
130,2001,19971.0
130,2002,13087.0
130,2003,13248.0
130,2004,11413.0
130,2005,12115.0
130,2006,16954.0
130,2007,25132.0
130,2008,34102.0
130,2009,42166.0
130,2010,31880.0
130,2011,44284.0
130,2012,62135.0
130,2013,89245.0
131,1961,56416.0
131,1962,61389.0
131,1963,57331.0
131,1964,58256.0
131,1965,60163.0
131,1966,64046.0
131,1967,62056.0
131,1968,59997.0
131,1969,67850.0
131,1970,71278.0
131,1971,70044.0
131,1972,76411.0
131,1973,75194.0
131,1974,80787.0
131,1975,114070.0
131,1976,126711.0
131,1977,116661.0
131,1978,118995.0
131,1979,120760.0
131,1980,136476.0
131,1981,145219.0
131,1982,135210.0
131,1983,145031.0
131,1984,143611.0
131,1985,154729.0
131,1986,160381.0
131,1987,175843.0
131,1988,171909.0
131,1989,204730.0
131,1990,235296.0
131,1991,239445.0
131,1992,257945.0
131,1993,269319.0
131,1994,290255.0
131,1995,290258.0
131,1996,284407.0
131,1997,285506.0
131,1998,262154.0
131,1999,164419.0
131,2000,165986.0
131,2001,193242.0
131,2002,202903.0
131,2003,205035.0
131,2004,209566.0
131,2005,205042.0
131,2006,221323.0
131,2007,204489.0
131,2008,200238.0
131,2009,212065.0
131,2010,249402.0
131,2011,247417.0
131,2012,229428.0
131,2013,230549.0
132,1961,0.0
132,1962,0.0
132,1963,0.0
132,1964,0.0
132,1965,0.0
132,1966,0.0
132,1967,0.0
132,1968,0.0
132,1969,0.0
132,1970,0.0
132,1971,0.0
132,1972,0.0
132,1973,0.0
132,1974,0.0
132,1975,0.0
132,1976,0.0
132,1977,0.0
132,1978,0.0
132,1979,0.0
132,1980,0.0
132,1981,0.0
132,1982,0.0
132,1983,0.0
132,1984,0.0
132,1985,0.0
132,1986,0.0
132,1987,0.0
132,1988,0.0
132,1989,105.0
132,1990,30.0
132,1991,90.0
132,1992,80.0
132,1993,152.0
132,1994,157.0
132,1995,152.0
132,1996,185.0
132,1997,284.0
132,1998,243.0
132,1999,276.0
132,2000,297.0
132,2001,242.0
132,2002,267.0
132,2003,300.0
132,2004,268.0
132,2005,204.0
132,2006,281.0
132,2007,308.0
132,2008,340.0
132,2009,388.0
132,2010,395.0
132,2011,438.0
132,2012,399.0
132,2013,422.0
133,1961,303.0
133,1962,566.0
133,1963,556.0
133,1964,870.0
133,1965,806.0
133,1966,755.0
133,1967,803.0
133,1968,926.0
133,1969,1006.0
133,1970,1010.0
133,1971,971.0
133,1972,810.0
133,1973,545.0
133,1974,595.0
133,1975,624.0
133,1976,865.0
133,1977,1128.0
133,1978,1291.0
133,1979,1403.0
133,1980,1542.0
133,1981,1699.0
133,1982,1451.0
133,1983,1685.0
133,1984,1679.0
133,1985,1814.0
133,1986,1630.0
133,1987,1948.0
133,1988,1840.0
133,1989,1760.0
133,1990,1797.0
133,1991,2087.0
133,1992,1839.0
133,1993,1804.0
133,1994,1773.0
133,1995,1754.0
133,1996,1768.0
133,1997,1768.0
133,1998,1891.0
133,1999,1928.0
133,2000,1949.0
133,2001,2312.0
133,2002,2353.0
133,2003,2397.0
133,2004,2505.0
133,2005,2394.0
133,2006,2450.0
133,2007,2454.0
133,2008,2502.0
133,2009,2540.0
133,2010,2592.0
133,2011,2744.0
133,2012,2621.0
133,2013,2630.0
134,1961,2969.0
134,1962,2122.0
134,1963,2909.0
134,1964,2612.0
134,1965,2407.0
134,1966,2758.0
134,1967,2972.0
134,1968,2977.0
134,1969,3686.0
134,1970,4332.0
134,1971,4263.0
134,1972,3979.0
134,1973,4468.0
134,1974,4897.0
134,1975,3780.0
134,1976,4187.0
134,1977,5178.0
134,1978,4515.0
134,1979,4147.0
134,1980,5344.0
134,1981,4950.0
134,1982,4758.0
134,1983,5292.0
134,1984,5777.0
134,1985,7656.0
134,1986,7403.0
134,1987,8037.0
134,1988,7652.0
134,1989,8058.0
134,1990,10033.0
134,1991,11337.0
134,1992,11349.0
134,1993,10797.0
134,1994,10265.0
134,1995,11194.0
134,1996,11184.0
134,1997,11844.0
134,1998,12010.0
134,1999,11866.0
134,2000,11337.0
134,2001,13667.0
134,2002,11864.0
134,2003,13241.0
134,2004,13660.0
134,2005,13590.0
134,2006,13840.0
134,2007,16753.0
134,2008,13963.0
134,2009,13434.0
134,2010,14159.0
134,2011,14157.0
134,2012,13741.0
134,2013,14688.0
136,1961,0.0
136,1962,0.0
136,1963,0.0
136,1964,0.0
136,1965,0.0
136,1966,0.0
136,1967,0.0
136,1968,0.0
136,1969,0.0
136,1970,0.0
136,1971,0.0
136,1972,0.0
136,1973,0.0
136,1974,0.0
136,1975,28.0
136,1976,47.0
136,1977,29.0
136,1978,0.0
136,1979,0.0
136,1980,0.0
136,1981,0.0
136,1982,14.0
136,1983,1.0
136,1984,36.0
136,1985,0.0
136,1986,0.0
136,1987,0.0
136,1988,3.0
136,1989,4.0
136,1990,2.0
136,1991,3.0
136,1992,5.0
136,1993,13.0
136,1994,0.0
136,1995,0.0
136,1996,0.0
136,1997,0.0
136,1998,0.0
136,1999,3.0
136,2000,0.0
136,2001,0.0
136,2002,22.0
136,2003,11.0
136,2004,2.0
136,2005,0.0
136,2006,709.0
136,2007,132.0
136,2008,125.0
136,2009,49.0
136,2010,5.0
136,2011,3.0
136,2012,5.0
136,2013,93.0
137,1961,518.0
137,1962,550.0
137,1963,558.0
137,1964,612.0
137,1965,671.0
137,1966,881.0
137,1967,961.0
137,1968,944.0
137,1969,935.0
137,1970,1014.0
137,1971,951.0
137,1972,1267.0
137,1973,1497.0
137,1974,1476.0
137,1975,1265.0
137,1976,1219.0
137,1977,1375.0
137,1978,1704.0
137,1979,1350.0
137,1980,960.0
137,1981,851.0
137,1982,904.0
137,1983,975.0
137,1984,801.0
137,1985,816.0
137,1986,864.0
137,1987,1332.0
137,1988,1317.0
137,1989,1347.0
137,1990,1673.0
137,1991,2371.0
137,1992,1898.0
137,1993,2330.0
137,1994,2925.0
137,1995,2055.0
137,1996,2392.0
137,1997,2648.0
137,1998,2864.0
137,1999,2730.0
137,2000,2881.0
137,2001,2869.0
137,2002,3071.0
137,2003,3150.0
137,2004,2958.0
137,2005,3104.0
137,2006,3333.0
137,2007,3568.0
137,2008,3529.0
137,2009,3945.0
137,2010,3254.0
137,2011,4064.0
137,2012,4913.0
137,2013,5074.0
138,1961,422161.0
138,1962,422242.0
138,1963,424117.0
138,1964,426193.0
138,1965,428080.0
138,1966,430028.0
138,1967,444186.0
138,1968,446139.0
138,1969,460102.0
138,1970,479036.0
138,1971,503610.0
138,1972,571214.0
138,1973,641169.0
138,1974,719456.0
138,1975,809954.0
138,1976,907194.0
138,1977,1008469.0
138,1978,1082899.0
138,1979,1166771.0
138,1980,1251013.0
138,1981,1306867.0
138,1982,1365622.0
138,1983,1486332.0
138,1984,1455287.0
138,1985,1295080.0
138,1986,960976.0
138,1987,915720.0
138,1988,912409.0
138,1989,797177.0
138,1990,803066.0
138,1991,889976.0
138,1992,922483.0
138,1993,928195.0
138,1994,1019244.0
138,1995,976548.0
138,1996,951419.0
138,1997,993427.0
138,1998,1069454.0
138,1999,1128003.0
138,2000,1234304.0
138,2001,1278012.0
138,2002,1317294.0
138,2003,1328995.0
138,2004,1417337.0
138,2005,1410789.0
138,2006,1429519.0
138,2007,1461292.0
138,2008,1538014.0
138,2009,1687647.0
138,2010,1700390.0
138,2011,1647296.0
138,2012,1772072.0
138,2013,1863659.0
141,1961,300.0
141,1962,300.0
141,1963,400.0
141,1964,400.0
141,1965,500.0
141,1966,500.0
141,1967,300.0
141,1968,400.0
141,1969,400.0
141,1970,300.0
141,1971,400.0
141,1972,400.0
141,1973,500.0
141,1974,500.0
141,1975,600.0
141,1976,500.0
141,1977,400.0
141,1978,600.0
141,1979,900.0
141,1980,1000.0
141,1981,1400.0
141,1982,1300.0
141,1983,1500.0
141,1984,1900.0
141,1985,2200.0
141,1986,2417.0
141,1987,3046.0
141,1988,3958.0
141,1989,5510.0
141,1990,7889.0
141,1991,3849.0
141,1992,1758.0
141,1993,700.0
141,1994,700.0
141,1995,644.0
141,1996,313.0
141,1997,249.0
141,1998,272.0
141,1999,320.0
141,2000,979.0
141,2001,530.0
141,2002,318.0
141,2003,337.0
141,2004,194.0
141,2005,317.0
141,2006,339.0
141,2007,403.0
141,2008,396.0
141,2009,491.0
141,2010,430.0
141,2011,333.0
141,2012,592.0
141,2013,1347.0
273,2006,23319.0
273,2007,21764.0
273,2008,25301.0
273,2009,26453.0
273,2010,31085.0
273,2011,32407.0
273,2012,33676.0
273,2013,32939.0
143,1961,2142.0
143,1962,1834.0
143,1963,1079.0
143,1964,1116.0
143,1965,1083.0
143,1966,719.0
143,1967,812.0
143,1968,1219.0
143,1969,1830.0
143,1970,1692.0
143,1971,2183.0
143,1972,2374.0
143,1973,1682.0
143,1974,1116.0
143,1975,614.0
143,1976,540.0
143,1977,750.0
143,1978,638.0
143,1979,576.0
143,1980,580.0
143,1981,600.0
143,1982,650.0
143,1983,660.0
143,1984,660.0
143,1985,409.0
143,1986,456.0
143,1987,606.0
143,1988,628.0
143,1989,674.0
143,1990,732.0
143,1991,770.0
143,1992,788.0
143,1993,810.0
143,1994,790.0
143,1995,882.0
143,1996,802.0
143,1997,825.0
143,1998,612.0
143,1999,698.0
143,2000,667.0
143,2001,681.0
143,2002,680.0
143,2003,670.0
143,2004,699.0
143,2005,713.0
143,2006,767.0
143,2007,760.0
143,2008,781.0
143,2009,743.0
143,2010,870.0
143,2011,884.0
143,2012,932.0
143,2013,431.0
144,1961,6534.0
144,1962,6980.0
144,1963,7393.0
144,1964,7820.0
144,1965,11328.0
144,1966,8874.0
144,1967,9128.0
144,1968,10658.0
144,1969,8819.0
144,1970,9106.0
144,1971,10555.0
144,1972,11515.0
144,1973,12518.0
144,1974,13691.0
144,1975,10863.0
144,1976,7079.0
144,1977,7500.0
144,1978,8794.0
144,1979,8968.0
144,1980,9265.0
144,1981,9125.0
144,1982,9485.0
144,1983,11594.0
144,1984,10330.0
144,1985,10565.0
144,1986,10864.0
144,1987,11321.0
144,1988,11645.0
144,1989,11943.0
144,1990,12482.0
144,1991,11738.0
144,1992,12253.0
144,1993,12309.0
144,1994,12545.0
144,1995,115425.0
144,1996,116790.0
144,1997,118343.0
144,1998,119150.0
144,1999,121197.0
144,2000,122788.0
144,2001,119188.0
144,2002,115884.0
144,2003,98769.0
144,2004,108240.0
144,2005,118197.0
144,2006,85978.0
144,2007,98036.0
144,2008,112151.0
144,2009,94787.0
144,2010,98840.0
144,2011,110310.0
144,2012,123798.0
144,2013,132636.0
28,1961,24339.0
28,1962,24019.0
28,1963,27880.0
28,1964,30471.0
28,1965,31830.0
28,1966,38572.0
28,1967,47860.0
28,1968,43907.0
28,1969,55219.0
28,1970,59968.0
28,1971,59862.0
28,1972,55487.0
28,1973,56024.0
28,1974,53485.0
28,1975,58820.0
28,1976,66424.0
28,1977,67227.0
28,1978,71492.0
28,1979,75757.0
28,1980,76824.0
28,1981,77891.0
28,1982,78958.0
28,1983,79492.0
28,1984,80025.0
28,1985,80558.0
28,1986,82159.0
28,1987,83493.0
28,1988,84293.0
28,1989,74690.0
28,1990,53350.0
28,1991,56018.0
28,1992,61352.0
28,1993,66688.0
28,1994,103392.0
28,1995,112180.0
28,1996,120257.0
28,1997,119667.0
28,1998,113048.0
28,1999,122239.0
28,2000,119342.0
28,2001,128323.0
28,2002,187610.0
28,2003,214752.0
28,2004,253339.0
28,2005,317938.0
28,2006,358787.0
28,2007,398504.0
28,2008,449181.0
28,2009,518933.0
28,2010,568365.0
28,2011,600795.0
28,2012,601527.0
28,2013,602129.0
147,1961,814.0
147,1962,895.0
147,1963,880.0
147,1964,935.0
147,1965,935.0
147,1966,990.0
147,1967,1045.0
147,1968,1100.0
147,1969,1155.0
147,1970,1210.0
147,1971,1265.0
147,1972,1320.0
147,1973,1375.0
147,1974,1540.0
147,1975,1705.0
147,1976,1809.0
147,1977,1929.0
147,1978,1970.0
147,1979,1753.0
147,1980,1742.0
147,1981,1823.0
147,1982,1860.0
147,1983,2073.0
147,1984,1944.0
147,1985,2047.0
147,1986,2283.0
147,1987,2506.0
147,1988,2849.0
147,1989,2964.0
147,1990,2778.0
147,1991,3120.0
147,1992,2535.0
147,1993,2362.0
147,1994,2887.0
147,1995,3472.0
147,1996,2793.0
147,1997,4264.0
147,1998,4490.0
147,1999,4758.0
147,2000,5252.0
147,2001,6930.0
147,2002,3533.0
147,2003,6782.0
147,2004,10310.0
147,2005,5123.0
147,2006,5164.0
147,2007,6766.0
147,2008,6588.0
147,2009,6690.0
147,2010,7165.0
147,2011,7784.0
147,2012,8939.0
147,2013,9699.0
149,1961,3395.0
149,1962,3430.0
149,1963,3500.0
149,1964,3500.0
149,1965,3600.0
149,1966,3600.0
149,1967,3900.0
149,1968,3990.0
149,1969,4200.0
149,1970,4300.0
149,1971,4410.0
149,1972,4515.0
149,1973,4585.0
149,1974,4725.0
149,1975,5000.0
149,1976,5000.0
149,1977,5000.0
149,1978,5000.0
149,1979,5500.0
149,1980,5800.0
149,1981,6000.0
149,1982,6500.0
149,1983,6500.0
149,1984,7100.0
149,1985,7234.0
149,1986,7467.0
149,1987,7727.0
149,1988,8702.0
149,1989,9399.0
149,1990,9911.0
149,1991,10242.0
149,1992,10407.0
149,1993,10447.0
149,1994,10642.0
149,1995,11049.0
149,1996,11819.0
149,1997,12410.0
149,1998,13123.0
149,1999,13946.0
149,2000,14725.0
149,2001,15311.0
149,2002,15643.0
149,2003,15776.0
149,2004,15515.0
149,2005,15805.0
149,2006,15829.0
149,2007,16129.0
149,2008,16504.0
149,2009,16973.0
149,2010,17089.0
149,2011,18021.0
149,2012,18100.0
149,2013,18530.0
150,1961,251405.0
150,1962,288089.0
150,1963,267239.0
150,1964,266186.0
150,1965,314811.0
150,1966,320951.0
150,1967,356607.0
150,1968,376138.0
150,1969,353426.0
150,1970,371423.0
150,1971,421131.0
150,1972,428604.0
150,1973,409013.0
150,1974,452830.0
150,1975,466056.0
150,1976,475191.0
150,1977,485233.0
150,1978,516796.0
150,1979,554812.0
150,1980,555088.0
150,1981,577817.0
150,1982,601335.0
150,1983,581750.0
150,1984,583966.0
150,1985,626844.0
150,1986,615802.0
150,1987,616955.0
150,1988,670920.0
150,1989,644326.0
150,1990,674819.0
150,1991,677538.0
150,1992,664414.0
150,1993,887130.0
150,1994,635188.0
150,1995,770600.0
150,1996,791880.0
150,1997,744174.0
150,1998,820481.0
150,1999,852897.0
150,2000,864931.0
150,2001,789182.0
150,2002,777368.0
150,2003,620364.0
150,2004,584926.0
150,2005,621093.0
150,2006,648488.0
150,2007,574776.0
150,2008,607197.0
150,2009,592861.0
150,2010,563379.0
150,2011,566175.0
150,2012,648589.0
150,2013,609285.0
151,1961,3896.0
151,1962,4081.0
151,1963,4441.0
151,1964,4254.0
151,1965,4500.0
151,1966,4551.0
151,1967,4751.0
151,1968,4880.0
151,1969,4725.0
151,1970,5596.0
151,1971,5600.0
151,1972,6005.0
151,1973,6010.0
151,1974,5944.0
151,1975,5379.0
151,1976,5654.0
151,1977,6432.0
151,1978,5796.0
151,1979,6538.0
151,1980,6715.0
151,1981,9231.0
151,1982,8689.0
151,1983,8455.0
151,1984,7864.0
151,1985,5407.0
151,1986,5812.0
151,1987,5169.0
151,1988,4659.0
151,1989,4569.0
151,1990,4562.0
151,1991,4504.0
151,1992,4369.0
151,1993,4890.0
151,1994,4419.0
151,1995,4614.0
151,1996,3054.0
151,1997,2759.0
151,1998,2629.0
151,1999,3254.0
151,2000,3197.0
151,2001,3706.0
151,2002,3489.0
151,2003,3238.0
151,2004,3382.0
151,2005,3758.0
151,2006,3653.0
151,2007,3936.0
151,2008,4124.0
151,2009,4734.0
151,2010,5062.0
153,1961,560.0
153,1962,656.0
153,1963,629.0
153,1964,576.0
153,1965,642.0
153,1966,708.0
153,1967,704.0
153,1968,639.0
153,1969,560.0
153,1970,579.0
153,1971,563.0
153,1972,634.0
153,1973,842.0
153,1974,871.0
153,1975,726.0
153,1976,749.0
153,1977,705.0
153,1978,560.0
153,1979,766.0
153,1980,663.0
153,1981,740.0
153,1982,726.0
153,1983,689.0
153,1984,724.0
153,1985,709.0
153,1986,834.0
153,1987,864.0
153,1988,863.0
153,1989,981.0
153,1990,1034.0
153,1991,1104.0
153,1992,1208.0
153,1993,1212.0
153,1994,1162.0
153,1995,1215.0
153,1996,1346.0
153,1997,2326.0
153,1998,2110.0
153,1999,2138.0
153,2000,2285.0
153,2001,2627.0
153,2002,2423.0
153,2003,2551.0
153,2004,3053.0
153,2005,2848.0
153,2006,3289.0
153,2007,3567.0
153,2008,4051.0
153,2009,4233.0
153,2010,4119.0
153,2011,4207.0
153,2012,5061.0
153,2013,5095.0
156,1961,37084.0
156,1962,37312.0
156,1963,37904.0
156,1964,41054.0
156,1965,40789.0
156,1966,35021.0
156,1967,34677.0
156,1968,35832.0
156,1969,34972.0
156,1970,37660.0
156,1971,43064.0
156,1972,39133.0
156,1973,35620.0
156,1974,36658.0
156,1975,34949.0
156,1976,34127.0
156,1977,39018.0
156,1978,37720.0
156,1979,36043.0
156,1980,36227.0
156,1981,33397.0
156,1982,41688.0
156,1983,40406.0
156,1984,44524.0
156,1985,48592.0
156,1986,47852.0
156,1987,45850.0
156,1988,47839.0
156,1989,47317.0
156,1990,46253.0
156,1991,47279.0
156,1992,48959.0
156,1993,50933.0
156,1994,52433.0
156,1995,58342.0
156,1996,62522.0
156,1997,60988.0
156,1998,62735.0
156,1999,70687.0
156,2000,69310.0
156,2001,69174.0
156,2002,75354.0
156,2003,79308.0
156,2004,82588.0
156,2005,90284.0
156,2006,90630.0
156,2007,96071.0
156,2008,93732.0
156,2009,94300.0
156,2010,95233.0
156,2011,85722.0
156,2012,99872.0
156,2013,100437.0
157,1961,6180.0
157,1962,5276.0
157,1963,5900.0
157,1964,7208.0
157,1965,9580.0
157,1966,12327.0
157,1967,11077.0
157,1968,11819.0
157,1969,13506.0
157,1970,15749.0
157,1971,15733.0
157,1972,16349.0
157,1973,12370.0
157,1974,16135.0
157,1975,17171.0
157,1976,18763.0
157,1977,21145.0
157,1978,19084.0
157,1979,20914.0
157,1980,10706.0
157,1981,12826.0
157,1982,13833.0
157,1983,14111.0
157,1984,14262.0
157,1985,12619.0
157,1986,14754.0
157,1987,14261.0
157,1988,10778.0
157,1989,13034.0
157,1990,10498.0
157,1991,12234.0
157,1992,10110.0
157,1993,8828.0
157,1994,5514.0
157,1995,5343.0
157,1996,5483.0
157,1997,5621.0
157,1998,6074.0
157,1999,6124.0
157,2000,5716.0
157,2001,7431.0
157,2002,7898.0
157,2003,7713.0
157,2004,8094.0
157,2005,8461.0
157,2006,10590.0
157,2007,12734.0
157,2008,13940.0
157,2009,14606.0
157,2010,16012.0
157,2011,17953.0
157,2012,19597.0
157,2013,20539.0
158,1961,284.0
158,1962,355.0
158,1963,347.0
158,1964,429.0
158,1965,503.0
158,1966,618.0
158,1967,673.0
158,1968,694.0
158,1969,715.0
158,1970,746.0
158,1971,838.0
158,1972,823.0
158,1973,813.0
158,1974,810.0
158,1975,819.0
158,1976,832.0
158,1977,868.0
158,1978,961.0
158,1979,1187.0
158,1980,1257.0
158,1981,1318.0
158,1982,1365.0
158,1983,1220.0
158,1984,1288.0
158,1985,1312.0
158,1986,1326.0
158,1987,1334.0
158,1988,1329.0
158,1989,1354.0
158,1990,1368.0
158,1991,1373.0
158,1992,1382.0
158,1993,1393.0
158,1994,1393.0
158,1995,1420.0
158,1996,1411.0
158,1997,1431.0
158,1998,1425.0
158,1999,1428.0
158,2000,1424.0
158,2001,1432.0
158,2002,1424.0
158,2003,1435.0
158,2004,1455.0
158,2005,1452.0
158,2006,1451.0
158,2007,1467.0
158,2008,1469.0
158,2009,1444.0
158,2010,1485.0
158,2011,1488.0
158,2012,1528.0
158,2013,1564.0
159,1961,21774.0
159,1962,22390.0
159,1963,22974.0
159,1964,23646.0
159,1965,24326.0
159,1966,24996.0
159,1967,25997.0
159,1968,26550.0
159,1969,27878.0
159,1970,28351.0
159,1971,29191.0
159,1972,29650.0
159,1973,29431.0
159,1974,29233.0
159,1975,31646.0
159,1976,33978.0
159,1977,36971.0
159,1978,38623.0
159,1979,38293.0
159,1980,38300.0
159,1981,38686.0
159,1982,38625.0
159,1983,38251.0
159,1984,49501.0
159,1985,60751.0
159,1986,76525.0
159,1987,92263.0
159,1988,99215.0
159,1989,114867.0
159,1990,106932.0
159,1991,106813.0
159,1992,112510.0
159,1993,117008.0
159,1994,121504.0
159,1995,136521.0
159,1996,141021.0
159,1997,145521.0
159,1998,150021.0
159,1999,159021.0
159,2000,157542.0
159,2001,165375.0
159,2002,192717.0
159,2003,179165.0
159,2004,186409.0
159,2005,193629.0
159,2006,201428.0
159,2007,209501.0
159,2008,217942.0
159,2009,226580.0
159,2010,234284.0
159,2011,243732.0
159,2012,249582.0
159,2013,254982.0
162,1961,54201.0
162,1962,55385.0
162,1963,54413.0
162,1964,57491.0
162,1965,58091.0
162,1966,60644.0
162,1967,62921.0
162,1968,65184.0
162,1969,66016.0
162,1970,69285.0
162,1971,71572.0
162,1972,74601.0
162,1973,75583.0
162,1974,84268.0
162,1975,82072.0
162,1976,88102.0
162,1977,85385.0
162,1978,82220.0
162,1979,84360.0
162,1980,88779.0
162,1981,81834.0
162,1982,71212.0
162,1983,80472.0
162,1984,80472.0
162,1985,81697.0
162,1986,86546.0
162,1987,90229.0
162,1988,81167.0
162,1989,80263.0
162,1990,83845.0
162,1991,86456.0
162,1992,88593.0
162,1993,92805.0
162,1994,96214.0
162,1995,101156.0
162,1996,107089.0
162,1997,101573.0
162,1998,106947.0
162,1999,98463.0
162,2000,103090.0
162,2001,108537.0
162,2002,103964.0
162,2003,107301.0
162,2004,111552.0
162,2005,115955.0
162,2006,113949.0
162,2007,108863.0
162,2008,110019.0
162,2009,110861.0
162,2010,115155.0
162,2011,116299.0
162,2012,116462.0
162,2013,118573.0
221,1990,221.0
221,1991,123.0
221,1992,146.0
221,1993,175.0
221,1994,125.0
221,1995,87.0
221,1996,55.0
221,1997,122.0
221,1998,0.0
221,1999,0.0
221,2000,20.0
221,2001,345.0
221,2002,1079.0
221,2003,404.0
221,2004,2816.0
221,2005,51.0
221,2006,44.0
221,2007,12.0
221,2008,26.0
221,2009,844.0
221,2010,17.0
221,2011,9.0
221,2012,55.0
221,2013,23.0
165,1961,27.0
165,1962,52.0
165,1963,96.0
165,1964,197.0
165,1965,139.0
165,1966,140.0
165,1967,72.0
165,1968,93.0
165,1969,107.0
165,1970,106.0
165,1971,82.0
165,1972,43.0
165,1973,66.0
165,1974,0.0
165,1975,3.0
165,1976,9.0
165,1977,0.0
165,1978,3.0
165,1979,2.0
165,1980,7.0
165,1981,11.0
165,1982,3.0
165,1983,6.0
165,1984,44.0
165,1985,5.0
165,1986,2.0
165,1987,2.0
165,1988,1.0
165,1989,6.0
165,1990,0.0
165,1991,0.0
165,1992,0.0
165,1993,0.0
165,1994,0.0
165,1995,0.0
165,1996,32.0
165,1997,2.0
165,1998,6.0
165,1999,6.0
165,2000,0.0
165,2001,0.0
165,2002,2.0
165,2003,0.0
165,2004,25.0
165,2005,95.0
165,2006,121.0
165,2007,236.0
165,2008,0.0
165,2009,0.0
165,2010,0.0
165,2011,0.0
165,2012,0.0
165,2013,40.0
166,1961,5047.0
166,1962,4899.0
166,1963,5815.0
166,1964,4693.0
166,1965,4727.0
166,1966,5992.0
166,1967,5830.0
166,1968,6363.0
166,1969,7908.0
166,1970,8933.0
166,1971,8666.0
166,1972,8543.0
166,1973,8838.0
166,1974,8890.0
166,1975,8459.0
166,1976,8763.0
166,1977,8991.0
166,1978,9294.0
166,1979,9904.0
166,1980,11149.0
166,1981,11456.0
166,1982,12211.0
166,1983,13579.0
166,1984,12538.0
166,1985,14472.0
166,1986,17221.0
166,1987,14803.0
166,1988,12819.0
166,1989,13274.0
166,1990,15794.0
166,1991,16631.0
166,1992,19122.0
166,1993,19656.0
166,1994,21312.0
166,1995,19438.0
166,1996,21167.0
166,1997,22223.0
166,1998,26752.0
166,1999,31631.0
166,2000,31308.0
166,2001,25507.0
166,2002,25826.0
166,2003,25048.0
166,2004,24684.0
166,2005,25319.0
166,2006,29420.0
166,2007,36041.0
166,2008,41014.0
166,2009,39740.0
166,2010,40348.0
166,2011,45785.0
166,2012,48584.0
166,2013,52086.0
169,1961,25800.0
169,1962,26214.0
169,1963,28584.0
169,1964,30882.0
169,1965,32579.0
169,1966,34627.0
169,1967,36817.0
169,1968,38574.0
169,1969,40455.0
169,1970,42380.0
169,1971,44358.0
169,1972,46578.0
169,1973,48906.0
169,1974,51600.0
169,1975,54900.0
169,1976,58752.0
169,1977,61926.0
169,1978,67806.0
169,1979,77480.0
169,1980,85651.0
169,1981,93925.0
169,1982,98368.0
169,1983,100725.0
169,1984,103744.0
169,1985,106855.0
169,1986,107383.0
169,1987,107910.0
169,1988,109598.0
169,1989,114179.0
169,1990,118135.0
169,1991,120550.0
169,1992,126485.0
169,1993,126802.0
169,1994,170434.0
169,1995,173548.0
169,1996,154827.0
169,1997,157424.0
169,1998,159244.0
169,1999,160943.0
169,2000,157458.0
169,2001,143808.0
169,2002,150686.0
169,2003,154133.0
169,2004,148056.0
169,2005,151117.0
169,2006,154601.0
169,2007,148131.0
169,2008,143774.0
169,2009,144809.0
169,2010,162021.0
169,2011,167047.0
169,2012,170302.0
169,2013,178499.0
170,1961,40921.0
170,1962,42612.0
170,1963,44696.0
170,1964,47250.0
170,1965,43518.0
170,1966,43012.0
170,1967,43952.0
170,1968,43897.0
170,1969,47982.0
170,1970,46625.0
170,1971,53845.0
170,1972,54248.0
170,1973,54002.0
170,1974,55618.0
170,1975,55229.0
170,1976,55429.0
170,1977,54565.0
170,1978,53000.0
170,1979,52547.0
170,1980,43620.0
170,1981,46875.0
170,1982,46448.0
170,1983,45578.0
170,1984,43071.0
170,1985,42776.0
170,1986,47024.0
170,1987,51254.0
170,1988,57955.0
170,1989,57876.0
170,1990,53118.0
170,1991,55275.0
170,1992,58781.0
170,1993,60928.0
170,1994,63019.0
170,1995,65216.0
170,1996,67270.0
170,1997,68824.0
170,1998,56466.0
170,1999,70581.0
170,2000,72725.0
170,2001,74066.0
170,2002,73358.0
170,2003,73587.0
170,2004,77671.0
170,2005,82568.0
170,2006,87367.0
170,2007,93467.0
170,2008,94298.0
170,2009,94320.0
170,2010,97993.0
170,2011,99343.0
170,2012,107606.0
170,2013,116988.0
171,1961,206012.0
171,1962,233515.0
171,1963,244274.0
171,1964,258298.0
171,1965,291289.0
171,1966,318467.0
171,1967,339193.0
171,1968,362150.0
171,1969,384023.0
171,1970,369365.0
171,1971,375097.0
171,1972,319388.0
171,1973,358691.0
171,1974,373202.0
171,1975,323330.0
171,1976,325438.0
171,1977,289182.0
171,1978,317657.0
171,1979,379020.0
171,1980,413140.0
171,1981,455338.0
171,1982,392438.0
171,1983,452499.0
171,1984,569245.0
171,1985,397301.0
171,1986,460255.0
171,1987,501614.0
171,1988,568855.0
171,1989,642126.0
171,1990,712566.0
171,1991,845314.0
171,1992,845856.0
171,1993,881005.0
171,1994,922175.0
171,1995,971124.0
171,1996,1042782.0
171,1997,1098641.0
171,1998,1136347.0
171,1999,1203328.0
171,2000,1235998.0
171,2001,1293937.0
171,2002,1365205.0
171,2003,1425048.0
171,2004,1388800.0
171,2005,1426964.0
171,2006,1573727.0
171,2007,1631721.0
171,2008,1646648.0
171,2009,1679539.0
171,2010,1724519.0
171,2011,1730384.0
171,2012,1756425.0
171,2013,1810923.0
173,1961,1028446.0
173,1962,1005483.0
173,1963,943667.0
173,1964,970428.0
173,1965,1092010.0
173,1966,1126807.0
173,1967,1122644.0
173,1968,1139328.0
173,1969,1129803.0
173,1970,1122796.0
173,1971,1260724.0
173,1972,1465179.0
173,1973,1548169.0
173,1974,1611320.0
173,1975,1683008.0
173,1976,1419259.0
173,1977,1399170.0
173,1978,1529686.0
173,1979,1614977.0
173,1980,1580073.0
173,1981,1360568.0
173,1982,1377755.0
173,1983,1378092.0
173,1984,1272685.0
173,1985,1374688.0
173,1986,1578954.0
173,1987,1634088.0
173,1988,1702971.0
173,1989,1767886.0
173,1990,1769338.0
173,1991,1973895.0
173,1992,1995165.0
173,1993,1935639.0
173,1994,1809546.0
173,1995,1860960.0
173,1996,1899102.0
173,1997,1662860.0
173,1998,1793043.0
173,1999,1876836.0
173,2000,1834804.0
173,2001,1803988.0
173,2002,1844440.0
173,2003,1913416.0
173,2004,1820128.0
173,2005,1826888.0
173,2006,1927784.0
173,2007,1942898.0
173,2008,1930286.0
173,2009,1861098.0
173,2010,1918578.0
173,2011,1957557.0
173,2012,1796888.0
173,2013,1765300.0
174,1961,80791.0
174,1962,76514.0
174,1963,77831.0
174,1964,76007.0
174,1965,77145.0
174,1966,78456.0
174,1967,90772.0
174,1968,95312.0
174,1969,98946.0
174,1970,94811.0
174,1971,104140.0
174,1972,114273.0
174,1973,112153.0
174,1974,122955.0
174,1975,131034.0
174,1976,135040.0
174,1977,142215.0
174,1978,150369.0
174,1979,163845.0
174,1980,147936.0
174,1981,171470.0
174,1982,174541.0
174,1983,171373.0
174,1984,173354.0
174,1985,182799.0
174,1986,173463.0
174,1987,196735.0
174,1988,193025.0
174,1989,224301.0
174,1990,283628.0
174,1991,271850.0
174,1992,291740.0
174,1993,331697.0
174,1994,347867.0
174,1995,338389.0
174,1996,371018.0
174,1997,358607.0
174,1998,394603.0
174,1999,413978.0
174,2000,413601.0
174,2001,416709.0
174,2002,421064.0
174,2003,421002.0
174,2004,408733.0
174,2005,416779.0
174,2006,438864.0
174,2007,475695.0
174,2008,448963.0
174,2009,453641.0
174,2010,453143.0
174,2011,431868.0
174,2012,410867.0
174,2013,402139.0
117,1961,63045.0
117,1962,39878.0
117,1963,57773.0
117,1964,65686.0
117,1965,76225.0
117,1966,95800.0
117,1967,72209.0
117,1968,61758.0
117,1969,75329.0
117,1970,82204.0
117,1971,80831.0
117,1972,85812.0
117,1973,85543.0
117,1974,88877.0
117,1975,90636.0
117,1976,108547.0
117,1977,141519.0
117,1978,179381.0
117,1979,284008.0
117,1980,293222.0
117,1981,261575.0
117,1982,299787.0
117,1983,368873.0
117,1984,429115.0
117,1985,433987.0
117,1986,321713.0
117,1987,374724.0
117,1988,419776.0
117,1989,472582.0
117,1990,551425.0
117,1991,556762.0
117,1992,749984.0
117,1993,763712.0
117,1994,808281.0
117,1995,836519.0
117,1996,900618.0
117,1997,912696.0
117,1998,889407.0
117,1999,1045045.0
117,2000,1074609.0
117,2001,1024578.0
117,2002,1150045.0
117,2003,1291182.0
117,2004,1177038.0
117,2005,1239423.0
117,2006,1410295.0
117,2007,1493412.0
117,2008,1493714.0
117,2009,1459478.0
117,2010,1508699.0
117,2011,1507032.0
117,2012,1604955.0
117,2013,1613714.0
146,1992,108800.0
146,1993,73900.0
146,1994,54945.0
146,1995,54331.0
146,1996,55491.0
146,1997,53949.0
146,1998,53994.0
146,1999,54220.0
146,2000,48789.0
146,2001,44280.0
146,2002,46164.0
146,2003,44222.0
146,2004,46903.0
146,2005,49807.0
146,2006,61089.0
146,2007,68916.0
146,2008,48487.0
146,2009,47804.0
146,2010,61630.0
146,2011,68953.0
146,2012,71460.0
146,2013,69151.0
183,1961,263077.0
183,1962,261641.0
183,1963,243231.0
183,1964,284667.0
183,1965,346328.0
183,1966,339767.0
183,1967,369216.0
183,1968,363678.0
183,1969,371679.0
183,1970,422448.0
183,1971,456634.0
183,1972,554954.0
183,1973,569620.0
183,1974,638804.0
183,1975,670341.0
183,1976,679261.0
183,1977,713172.0
183,1978,774776.0
183,1979,815801.0
183,1980,754462.0
183,1981,754026.0
183,1982,715500.0
183,1983,684821.0
183,1984,770788.0
183,1985,717231.0
183,1986,705269.0
183,1987,734996.0
183,1988,718596.0
183,1989,714969.0
183,1990,812745.0
183,1991,766084.0
183,1992,721228.0
183,1993,654759.0
183,1994,647670.0
183,1995,640424.0
183,1996,595727.0
183,1997,614202.0
183,1998,671833.0
183,1999,611923.0
183,2000,550329.0
183,2001,511588.0
183,2002,555598.0
183,2003,633723.0
183,2004,518147.0
183,2005,651185.0
183,2006,679452.0
183,2007,690306.0
183,2008,719724.0
183,2009,734692.0
183,2010,646657.0
183,2011,619366.0
183,2012,595747.0
183,2013,549190.0
185,1992,2911976.0
185,1993,2836605.0
185,1994,2338887.0
185,1995,2457933.0
185,1996,2422640.0
185,1997,1939385.0
185,1998,2173086.0
185,1999,2280684.0
185,2000,1943394.0
185,2001,1904653.0
185,2002,2162121.0
185,2003,2316756.0
185,2004,2132963.0
185,2005,2103974.0
185,2006,2308780.0
185,2007,2574023.0
185,2008,2871597.0
185,2009,2843013.0
185,2010,3133296.0
185,2011,3252270.0
185,2012,3526141.0
185,2013,3664885.0
184,1961,1092.0
184,1962,1197.0
184,1963,990.0
184,1964,754.0
184,1965,546.0
184,1966,630.0
184,1967,828.0
184,1968,646.0
184,1969,483.0
184,1970,414.0
184,1971,325.0
184,1972,672.0
184,1973,686.0
184,1974,989.0
184,1975,1145.0
184,1976,979.0
184,1977,1746.0
184,1978,2070.0
184,1979,2384.0
184,1980,2520.0
184,1981,2940.0
184,1982,3024.0
184,1983,2898.0
184,1984,1848.0
184,1985,1865.0
184,1986,2016.0
184,1987,2372.0
184,1988,2869.0
184,1989,2730.0
184,1990,2646.0
184,1991,2646.0
184,1992,2688.0
184,1993,2737.0
184,1994,2817.0
184,1995,2268.0
184,1996,2539.0
184,1997,2676.0
184,1998,2274.0
184,1999,2951.0
184,2000,3299.0
184,2001,3320.0
184,2002,3869.0
184,2003,3907.0
184,2004,6011.0
184,2005,6412.0
184,2006,6265.0
184,2007,6099.0
184,2008,5693.0
184,2009,6946.0
184,2010,7281.0
184,2011,7825.0
184,2012,8032.0
184,2013,8943.0
188,1961,207.0
188,1962,216.0
188,1963,225.0
188,1964,229.0
188,1965,242.0
188,1966,235.0
188,1967,235.0
188,1968,222.0
188,1969,218.0
188,1970,239.0
188,1971,250.0
188,1972,247.0
188,1973,211.0
188,1974,250.0
188,1975,226.0
188,1976,234.0
188,1977,206.0
188,1978,204.0
188,1979,270.0
188,1980,303.0
188,1981,242.0
188,1982,241.0
188,1983,247.0
188,1984,263.0
188,1985,238.0
188,1986,215.0
188,1987,225.0
188,1988,202.0
188,1989,184.0
188,1990,152.0
188,1991,200.0
188,1992,182.0
188,1993,200.0
188,1994,235.0
188,1995,339.0
188,1996,372.0
188,1997,385.0
188,1998,351.0
188,1999,351.0
188,2000,413.0
188,2001,423.0
188,2002,421.0
188,2003,492.0
188,2004,495.0
188,2005,449.0
188,2006,531.0
188,2007,348.0
188,2008,409.0
188,2009,408.0
188,2010,469.0
188,2011,418.0
188,2012,316.0
188,2013,343.0
189,1961,722.0
189,1962,738.0
189,1963,760.0
189,1964,786.0
189,1965,757.0
189,1966,792.0
189,1967,716.0
189,1968,800.0
189,1969,882.0
189,1970,922.0
189,1971,948.0
189,1972,872.0
189,1973,904.0
189,1974,925.0
189,1975,835.0
189,1976,908.0
189,1977,1174.0
189,1978,1066.0
189,1979,1307.0
189,1980,1062.0
189,1981,1031.0
189,1982,993.0
189,1983,1026.0
189,1984,1098.0
189,1985,1065.0
189,1986,1130.0
189,1987,1171.0
189,1988,875.0
189,1989,1264.0
189,1990,970.0
189,1991,1413.0
189,1992,1477.0
189,1993,1805.0
189,1994,1526.0
189,1995,1798.0
189,1996,1870.0
189,1997,2064.0
189,1998,2212.0
189,1999,2679.0
189,2000,2521.0
189,2001,2425.0
189,2002,2551.0
189,2003,2847.0
189,2004,3461.0
189,2005,3388.0
189,2006,3111.0
189,2007,3529.0
189,2008,3515.0
189,2009,2752.0
189,2010,3116.0
189,2011,3469.0
189,2012,3661.0
189,2013,3900.0
191,1961,317.0
191,1962,323.0
191,1963,329.0
191,1964,365.0
191,1965,360.0
191,1966,367.0
191,1967,356.0
191,1968,381.0
191,1969,488.0
191,1970,524.0
191,1971,674.0
191,1972,592.0
191,1973,487.0
191,1974,499.0
191,1975,416.0
191,1976,495.0
191,1977,528.0
191,1978,545.0
191,1979,588.0
191,1980,615.0
191,1981,650.0
191,1982,717.0
191,1983,716.0
191,1984,986.0
191,1985,915.0
191,1986,915.0
191,1987,1228.0
191,1988,953.0
191,1989,1185.0
191,1990,1335.0
191,1991,1317.0
191,1992,1434.0
191,1993,1222.0
191,1994,1214.0
191,1995,1627.0
191,1996,1429.0
191,1997,1167.0
191,1998,1099.0
191,1999,1110.0
191,2000,1066.0
191,2001,1088.0
191,2002,1296.0
191,2003,1451.0
191,2004,1477.0
191,2005,1712.0
191,2006,1672.0
191,2007,1689.0
191,2008,1807.0
191,2009,1781.0
191,2010,1766.0
191,2011,1483.0
191,2012,1132.0
191,2013,1359.0
244,1961,983.0
244,1962,982.0
244,1963,1151.0
244,1964,1154.0
244,1965,1153.0
244,1966,1248.0
244,1967,1248.0
244,1968,1248.0
244,1969,1249.0
244,1970,1254.0
244,1971,1256.0
244,1972,1251.0
244,1973,1258.0
244,1974,1250.0
244,1975,1258.0
244,1976,1288.0
244,1977,1246.0
244,1978,1234.0
244,1979,1266.0
244,1980,1657.0
244,1981,1849.0
244,1982,2138.0
244,1983,2388.0
244,1984,2768.0
244,1985,3060.0
244,1986,3240.0
244,1987,3457.0
244,1988,3664.0
244,1989,3836.0
244,1990,3912.0
244,1991,3547.0
244,1992,3335.0
244,1993,3478.0
244,1994,3442.0
244,1995,3253.0
244,1996,3292.0
244,1997,3395.0
244,1998,3309.0
244,1999,3357.0
244,2000,3287.0
244,2001,3697.0
244,2002,3571.0
244,2003,3396.0
244,2004,3470.0
244,2005,3670.0
244,2006,3615.0
244,2007,3420.0
244,2008,3623.0
244,2009,3703.0
244,2010,3753.0
244,2011,3867.0
244,2012,4149.0
244,2013,4476.0
193,1961,180.0
193,1962,198.0
193,1963,198.0
193,1964,165.0
193,1965,176.0
193,1966,234.0
193,1967,204.0
193,1968,191.0
193,1969,192.0
193,1970,159.0
193,1971,228.0
193,1972,179.0
193,1973,224.0
193,1974,70.0
193,1975,145.0
193,1976,245.0
193,1977,145.0
193,1978,110.0
193,1979,75.0
193,1980,50.0
193,1981,75.0
193,1982,80.0
193,1983,85.0
193,1984,85.0
193,1985,90.0
193,1986,90.0
193,1987,100.0
193,1988,100.0
193,1989,100.0
193,1990,105.0
193,1991,110.0
193,1992,152.0
193,1993,65.0
193,1994,146.0
193,1995,190.0
193,1996,272.0
193,1997,181.0
193,1998,280.0
193,1999,474.0
193,2000,381.0
193,2001,385.0
193,2002,579.0
193,2003,434.0
193,2004,387.0
193,2005,492.0
193,2006,716.0
193,2007,659.0
193,2008,616.0
193,2009,485.0
193,2010,868.0
193,2011,964.0
193,2012,902.0
193,2013,1071.0
195,1961,721.0
195,1962,994.0
195,1963,1137.0
195,1964,1120.0
195,1965,1288.0
195,1966,2001.0
195,1967,2085.0
195,1968,2127.0
195,1969,3653.0
195,1970,3848.0
195,1971,4027.0
195,1972,4203.0
195,1973,4302.0
195,1974,4428.0
195,1975,3625.0
195,1976,3721.0
195,1977,3829.0
195,1978,3895.0
195,1979,3906.0
195,1980,3995.0
195,1981,4110.0
195,1982,4122.0
195,1983,4181.0
195,1984,4138.0
195,1985,3789.0
195,1986,4071.0
195,1987,4520.0
195,1988,2431.0
195,1989,2708.0
195,1990,2823.0
195,1991,3319.0
195,1992,3827.0
195,1993,3752.0
195,1994,3949.0
195,1995,4007.0
195,1996,4192.0
195,1997,4742.0
195,1998,5336.0
195,1999,6944.0
195,2000,9388.0
195,2001,9524.0
195,2002,11424.0
195,2003,10238.0
195,2004,9771.0
195,2005,10081.0
195,2006,10654.0
195,2007,10554.0
195,2008,10003.0
195,2009,10303.0
195,2010,10963.0
195,2011,11652.0
195,2012,12472.0
195,2013,13220.0
272,2006,235349.0
272,2007,269903.0
272,2008,255163.0
272,2009,244407.0
272,2010,259382.0
272,2011,263568.0
272,2012,292733.0
272,2013,304753.0
186,1992,610121.0
186,1993,535004.0
186,1994,586492.0
186,1995,651446.0
186,1996,668995.0
186,1997,627168.0
186,1998,623344.0
186,1999,658272.0
186,2000,635627.0
186,2001,571681.0
186,2002,638916.0
186,2003,589630.0
186,2004,553300.0
186,2005,581565.0
197,1961,1060.0
197,1962,1172.0
197,1963,1281.0
197,1964,1050.0
197,1965,1246.0
197,1966,1504.0
197,1967,1630.0
197,1968,1790.0
197,1969,1745.0
197,1970,1461.0
197,1971,1377.0
197,1972,1384.0
197,1973,1526.0
197,1974,1426.0
197,1975,1525.0
197,1976,1551.0
197,1977,1642.0
197,1978,1507.0
197,1979,1552.0
197,1980,1834.0
197,1981,1824.0
197,1982,1901.0
197,1983,2041.0
197,1984,1790.0
197,1985,2129.0
197,1986,2198.0
197,1987,2231.0
197,1988,2503.0
197,1989,2590.0
197,1990,2428.0
197,1991,2271.0
197,1992,2293.0
197,1993,2257.0
197,1994,2240.0
197,1995,2236.0
197,1996,2220.0
197,1997,2236.0
197,1998,2236.0
197,1999,2307.0
197,2000,2307.0
197,2001,341.0
197,2002,1209.0
197,2003,857.0
197,2004,972.0
197,2005,1314.0
197,2006,1307.0
197,2007,1935.0
197,2008,2738.0
197,2009,3093.0
197,2010,3749.0
197,2011,4021.0
197,2012,5053.0
197,2013,7439.0
199,1993,249385.0
199,1994,249670.0
199,1995,248663.0
199,1996,253856.0
199,1997,258691.0
199,1998,248550.0
199,1999,239023.0
199,2000,182442.0
199,2001,174524.0
199,2002,179258.0
199,2003,203796.0
199,2004,197825.0
199,2005,204916.0
199,2006,187780.0
199,2007,184100.0
199,2008,192230.0
199,2009,196140.0
199,2010,192948.0
199,2011,202294.0
199,2012,164808.0
199,2013,173177.0
198,1992,48719.0
198,1993,81404.0
198,1994,84106.0
198,1995,75185.0
198,1996,70080.0
198,1997,73151.0
198,1998,77199.0
198,1999,86514.0
198,2000,76338.0
198,2001,81572.0
198,2002,77535.0
198,2003,88419.0
198,2004,87848.0
198,2005,87628.0
198,2006,89439.0
198,2007,83800.0
198,2008,83526.0
198,2009,80192.0
198,2010,81233.0
198,2011,76341.0
198,2012,69077.0
198,2013,58418.0
25,1961,661.0
25,1962,693.0
25,1963,721.0
25,1964,742.0
25,1965,785.0
25,1966,839.0
25,1967,877.0
25,1968,923.0
25,1969,999.0
25,1970,1129.0
25,1971,1174.0
25,1972,1243.0
25,1973,1318.0
25,1974,1355.0
25,1975,1377.0
25,1976,1406.0
25,1977,1443.0
25,1978,1472.0
25,1979,1519.0
25,1980,1565.0
25,1981,1567.0
25,1982,1586.0
25,1983,1631.0
25,1984,1645.0
25,1985,1702.0
25,1986,1647.0
25,1987,1691.0
25,1988,1739.0
25,1989,1770.0
25,1990,1810.0
25,1991,2041.0
25,1992,2029.0
25,1993,2105.0
25,1994,2104.0
25,1995,2183.0
25,1996,2159.0
25,1997,2215.0
25,1998,2183.0
25,1999,2143.0
25,2000,2148.0
25,2001,2295.0
25,2002,2336.0
25,2003,2381.0
25,2004,2431.0
25,2005,2523.0
25,2006,2495.0
25,2007,2445.0
25,2008,2721.0
25,2009,2603.0
25,2010,2546.0
25,2011,2522.0
25,2012,2559.0
25,2013,2636.0
202,1961,54716.0
202,1962,56112.0
202,1963,57038.0
202,1964,63033.0
202,1965,63925.0
202,1966,62264.0
202,1967,70594.0
202,1968,69833.0
202,1969,78516.0
202,1970,77284.0
202,1971,79824.0
202,1972,88408.0
202,1973,95095.0
202,1974,86729.0
202,1975,85824.0
202,1976,90422.0
202,1977,89459.0
202,1978,84463.0
202,1979,85370.0
202,1980,87287.0
202,1981,95256.0
202,1982,110294.0
202,1983,111475.0
202,1984,109672.0
202,1985,105636.0
202,1986,104070.0
202,1987,108061.0
202,1988,116335.0
202,1989,127355.0
202,1990,130160.0
202,1991,113416.0
202,1992,129222.0
202,1993,122129.0
202,1994,127630.0
202,1995,137962.0
202,1996,134744.0
202,1997,130080.0
202,1998,124984.0
202,1999,132819.0
202,2000,114126.0
202,2001,119205.0
202,2002,118088.0
202,2003,151902.0
202,2004,167980.0
202,2005,175240.0
202,2006,172071.0
202,2007,248005.0
202,2008,311661.0
202,2009,336992.0
202,2010,227186.0
202,2011,232813.0
202,2012,240709.0
202,2013,219516.0
203,1961,244786.0
203,1962,260085.0
203,1963,321416.0
203,1964,318475.0
203,1965,293022.0
203,1966,392402.0
203,1967,419030.0
203,1968,421989.0
203,1969,438432.0
203,1970,464777.0
203,1971,505748.0
203,1972,539805.0
203,1973,618440.0
203,1974,698644.0
203,1975,669659.0
203,1976,703465.0
203,1977,743601.0
203,1978,842950.0
203,1979,974907.0
203,1980,1166015.0
203,1981,1231485.0
203,1982,1381857.0
203,1983,1358125.0
203,1984,1442704.0
203,1985,1402750.0
203,1986,1474060.0
203,1987,1544505.0
203,1988,1772306.0
203,1989,1780928.0
203,1990,1861949.0
203,1991,1950312.0
203,1992,1969754.0
203,1993,2101167.0
203,1994,2064837.0
203,1995,2092955.0
203,1996,2190137.0
203,1997,2221784.0
203,1998,2530243.0
203,1999,2576851.0
203,2000,2568333.0
203,2001,2618327.0
203,2002,2642096.0
203,2003,2672182.0
203,2004,2446955.0
203,2005,2462598.0
203,2006,2536605.0
203,2007,2676799.0
203,2008,2471014.0
203,2009,2218176.0
203,2010,2280434.0
203,2011,2247492.0
203,2012,2281798.0
203,2013,2295795.0
38,1961,981.0
38,1962,1290.0
38,1963,1116.0
38,1964,1144.0
38,1965,1127.0
38,1966,1379.0
38,1967,1470.0
38,1968,1355.0
38,1969,1376.0
38,1970,1340.0
38,1971,1610.0
38,1972,1489.0
38,1973,1220.0
38,1974,1121.0
38,1975,933.0
38,1976,960.0
38,1977,1381.0
38,1978,1329.0
38,1979,1670.0
38,1980,2277.0
38,1981,1788.0
38,1982,1565.0
38,1983,1512.0
38,1984,1505.0
38,1985,1284.0
38,1986,1154.0
38,1987,1458.0
38,1988,1465.0
38,1989,1420.0
38,1990,1606.0
38,1991,2138.0
38,1992,1951.0
38,1993,1572.0
38,1994,1954.0
38,1995,2218.0
38,1996,2163.0
38,1997,2087.0
38,1998,2005.0
38,1999,1632.0
38,2000,1724.0
38,2001,1840.0
38,2002,1689.0
38,2003,2108.0
38,2004,1971.0
38,2005,1986.0
38,2006,2352.0
38,2007,1876.0
38,2008,204.0
38,2009,168.0
38,2010,317.0
38,2011,118.0
38,2012,1284.0
38,2013,1164.0
207,1961,241.0
207,1962,276.0
207,1963,288.0
207,1964,271.0
207,1965,306.0
207,1966,368.0
207,1967,508.0
207,1968,581.0
207,1969,807.0
207,1970,840.0
207,1971,986.0
207,1972,930.0
207,1973,1078.0
207,1974,1233.0
207,1975,1746.0
207,1976,1498.0
207,1977,1229.0
207,1978,1413.0
207,1979,1157.0
207,1980,1135.0
207,1981,1164.0
207,1982,993.0
207,1983,1153.0
207,1984,1380.0
207,1985,1563.0
207,1986,1354.0
207,1987,1298.0
207,1988,1384.0
207,1989,1653.0
207,1990,1685.0
207,1991,1999.0
207,1992,1505.0
207,1993,1480.0
207,1994,1642.0
207,1995,1071.0
207,1996,1666.0
207,1997,1723.0
207,1998,1814.0
207,1999,1299.0
207,2000,1604.0
207,2001,1850.0
207,2002,2275.0
207,2003,2347.0
207,2004,2754.0
207,2005,3172.0
207,2006,3339.0
207,2007,4153.0
207,2008,3402.0
207,2009,4230.0
207,2010,4883.0
207,2011,4371.0
207,2012,5039.0
207,2013,5512.0
209,1961,450.0
209,1962,400.0
209,1963,350.0
209,1964,375.0
209,1965,275.0
209,1966,325.0
209,1967,435.0
209,1968,450.0
209,1969,475.0
209,1970,460.0
209,1971,450.0
209,1972,575.0
209,1973,625.0
209,1974,650.0
209,1975,725.0
209,1976,750.0
209,1977,815.0
209,1978,650.0
209,1979,750.0
209,1980,600.0
209,1981,750.0
209,1982,650.0
209,1983,650.0
209,1984,750.0
209,1985,650.0
209,1986,750.0
209,1987,850.0
209,1988,900.0
209,1989,800.0
209,1990,925.0
209,1991,795.0
209,1992,765.0
209,1993,620.0
209,1994,610.0
209,1995,440.0
209,1996,332.0
209,1997,2467.0
209,1998,3465.0
209,1999,1693.0
209,2000,1787.0
209,2001,2066.0
209,2002,1069.0
209,2003,1022.0
209,2004,5831.0
209,2005,3199.0
209,2006,2820.0
209,2007,1960.0
209,2008,1538.0
209,2009,1538.0
209,2010,1588.0
209,2011,1638.0
209,2012,1663.0
209,2013,3042.0
210,1961,187806.0
210,1962,189739.0
210,1963,188592.0
210,1964,199860.0
210,1965,207826.0
210,1966,198848.0
210,1967,213873.0
210,1968,219942.0
210,1969,212795.0
210,1970,229043.0
210,1971,237519.0
210,1972,229770.0
210,1973,228612.0
210,1974,252819.0
210,1975,264879.0
210,1976,281908.0
210,1977,289462.0
210,1978,290532.0
210,1979,304376.0
210,1980,299963.0
210,1981,296190.0
210,1982,285839.0
210,1983,283115.0
210,1984,265552.0
210,1985,275203.0
210,1986,274302.0
210,1987,271383.0
210,1988,280831.0
210,1989,283891.0
210,1990,274808.0
210,1991,271806.0
210,1992,288626.0
210,1993,290829.0
210,1994,302132.0
210,1995,316570.0
210,1996,313719.0
210,1997,322460.0
210,1998,337783.0
210,1999,330252.0
210,2000,318319.0
210,2001,313102.0
210,2002,326675.0
210,2003,330322.0
210,2004,336153.0
210,2005,329512.0
210,2006,328223.0
210,2007,335640.0
210,2008,336865.0
210,2009,337408.0
210,2010,352031.0
210,2011,358541.0
210,2012,345600.0
210,2013,354174.0
211,1961,143416.0
211,1962,148500.0
211,1963,156294.0
211,1964,166937.0
211,1965,169787.0
211,1966,174609.0
211,1967,180270.0
211,1968,193597.0
211,1969,203497.0
211,1970,211995.0
211,1971,223512.0
211,1972,233316.0
211,1973,245944.0
211,1974,244054.0
211,1975,241279.0
211,1976,251921.0
211,1977,267273.0
211,1978,267522.0
211,1979,269607.0
211,1980,284292.0
211,1981,284327.0
211,1982,294804.0
211,1983,295831.0
211,1984,282754.0
211,1985,290168.0
211,1986,291860.0
211,1987,284147.0
211,1988,284366.0
211,1989,285528.0
211,1990,273094.0
211,1991,271252.0
211,1992,269210.0
211,1993,266214.0
211,1994,251264.0
211,1995,258261.0
211,1996,238724.0
211,1997,237052.0
211,1998,249354.0
211,1999,245907.0
211,2000,245456.0
211,2001,246838.0
211,2002,250003.0
211,2003,247324.0
211,2004,247248.0
211,2005,252350.0
211,2006,258493.0
211,2007,257873.0
211,2008,258516.0
211,2009,256315.0
211,2010,266815.0
211,2011,264213.0
211,2012,252372.0
211,2013,254345.0
208,1992,2859.0
208,1993,790.0
208,1994,520.0
208,1995,500.0
208,1996,100.0
208,1997,105.0
208,1998,395.0
208,1999,493.0
208,2000,892.0
208,2001,1472.0
208,2002,3523.0
208,2003,4635.0
208,2004,5938.0
208,2005,6452.0
208,2006,8084.0
208,2007,11360.0
208,2008,16423.0
208,2009,10503.0
208,2010,9180.0
208,2011,8691.0
208,2012,7945.0
208,2013,8769.0
216,1961,129010.0
216,1962,131853.0
216,1963,130046.0
216,1964,154892.0
216,1965,150068.0
216,1966,164382.0
216,1967,170041.0
216,1968,185053.0
216,1969,195043.0
216,1970,210028.0
216,1971,164616.0
216,1972,175016.0
216,1973,209222.0
216,1974,190011.0
216,1975,174930.0
216,1976,169899.0
216,1977,180091.0
216,1978,318011.0
216,1979,254452.0
216,1980,266945.0
216,1981,272966.0
216,1982,279920.0
216,1983,218969.0
216,1984,276478.0
216,1985,377436.0
216,1986,275972.0
216,1987,325370.0
216,1988,333295.0
216,1989,334184.0
216,1990,502524.0
216,1991,513013.0
216,1992,492513.0
216,1993,499884.0
216,1994,560650.0
216,1995,544254.0
216,1996,519346.0
216,1997,533757.0
216,1998,517690.0
216,1999,504445.0
216,2000,684189.0
216,2001,685196.0
216,2002,767686.0
216,2003,850978.0
216,2004,862560.0
216,2005,881477.0
216,2006,923816.0
216,2007,1029732.0
216,2008,889560.0
216,2009,795898.0
216,2010,848495.0
216,2011,863557.0
216,2012,867409.0
216,2013,871108.0
154,1992,13013.0
154,1993,22547.0
154,1994,34879.0
154,1995,33808.0
154,1996,31453.0
154,1997,22850.0
154,1998,26153.0
154,1999,11248.0
154,2000,16531.0
154,2001,13980.0
154,2002,23717.0
154,2003,21655.0
154,2004,20585.0
154,2005,20942.0
154,2006,22110.0
154,2007,31283.0
154,2008,22869.0
154,2009,24640.0
154,2010,20398.0
154,2011,18675.0
154,2012,21803.0
154,2013,21811.0
176,1961,5232.0
176,1962,5152.0
176,1963,5392.0
176,1964,5432.0
176,1965,5632.0
176,1966,5465.0
176,1967,4305.0
176,1968,4656.0
176,1969,4442.0
176,1970,4920.0
176,1971,5436.0
176,1972,5711.0
176,1973,5263.0
176,1974,5388.0
176,1975,3679.0
176,1976,2999.0
176,1977,2479.0
176,1978,1999.0
176,1979,1775.0
176,1980,1750.0
176,1981,2158.0
176,1982,2686.0
176,1983,3437.0
176,1984,4237.0
176,1985,4844.0
176,1986,5276.0
176,1987,5236.0
176,1988,5636.0
176,1989,6835.0
176,1990,7235.0
176,1991,8315.0
176,1992,10075.0
176,1993,11594.0
176,1994,9354.0
176,1995,9473.0
176,1996,5113.0
176,1997,10953.0
176,1998,9993.0
176,1999,6393.0
176,2000,7193.0
176,2001,8393.0
176,2002,8952.0
176,2003,8952.0
176,2004,8952.0
176,2005,9072.0
176,2006,9392.0
176,2007,9712.0
176,2008,9185.0
176,2009,9593.0
176,2010,9849.0
176,2011,11515.0
176,2012,12629.0
176,2013,13346.0
217,1961,2508.0
217,1962,2671.0
217,1963,2836.0
217,1964,3154.0
217,1965,3195.0
217,1966,3176.0
217,1967,3060.0
217,1968,3437.0
217,1969,3258.0
217,1970,2775.0
217,1971,2904.0
217,1972,3080.0
217,1973,3470.0
217,1974,3456.0
217,1975,3610.0
217,1976,3814.0
217,1977,3613.0
217,1978,3723.0
217,1979,3587.0
217,1980,3039.0
217,1981,3524.0
217,1982,3462.0
217,1983,3461.0
217,1984,3386.0
217,1985,4492.0
217,1986,3374.0
217,1987,3526.0
217,1988,5478.0
217,1989,6114.0
217,1990,5245.0
217,1991,6241.0
217,1992,6487.0
217,1993,6335.0
217,1994,6290.0
217,1995,4861.0
217,1996,4295.0
217,1997,4917.0
217,1998,5522.0
217,1999,5848.0
217,2000,6137.0
217,2001,6651.0
217,2002,6825.0
217,2003,7226.0
217,2004,7543.0
217,2005,7989.0
217,2006,8434.0
217,2007,8718.0
217,2008,9354.0
217,2009,9808.0
217,2010,10076.0
217,2011,10228.0
217,2012,10329.0
217,2013,10695.0
220,1961,6111.0
220,1962,6410.0
220,1963,6544.0
220,1964,7273.0
220,1965,6821.0
220,1966,6882.0
220,1967,6475.0
220,1968,6487.0
220,1969,4730.0
220,1970,4621.0
220,1971,5506.0
220,1972,5418.0
220,1973,6850.0
220,1974,4501.0
220,1975,4015.0
220,1976,3820.0
220,1977,3956.0
220,1978,4652.0
220,1979,3946.0
220,1980,5094.0
220,1981,6372.0
220,1982,7013.0
220,1983,7637.0
220,1984,6729.0
220,1985,5881.0
220,1986,5113.0
220,1987,5064.0
220,1988,4698.0
220,1989,4406.0
220,1990,4446.0
220,1991,4219.0
220,1992,4292.0
220,1993,3522.0
220,1994,3630.0
220,1995,3758.0
220,1996,4177.0
220,1997,4226.0
220,1998,4764.0
220,1999,5325.0
220,2000,4636.0
220,2001,6058.0
220,2002,6990.0
220,2003,7533.0
220,2004,8022.0
220,2005,6942.0
220,2006,9533.0
220,2007,12788.0
220,2008,9046.0
220,2009,10406.0
220,2010,11590.0
220,2011,10028.0
220,2012,11122.0
220,2013,11959.0
222,1961,0.0
222,1962,0.0
222,1963,0.0
222,1964,0.0
222,1965,0.0
222,1966,0.0
222,1967,0.0
222,1968,0.0
222,1969,0.0
222,1970,0.0
222,1971,0.0
222,1972,0.0
222,1973,0.0
222,1974,0.0
222,1975,0.0
222,1976,0.0
222,1977,0.0
222,1978,0.0
222,1979,0.0
222,1980,0.0
222,1981,0.0
222,1982,0.0
222,1983,0.0
222,1984,0.0
222,1985,0.0
222,1986,0.0
222,1987,0.0
222,1988,0.0
222,1989,0.0
222,1990,0.0
222,1991,0.0
222,1992,0.0
222,1993,0.0
222,1994,1.0
222,1995,0.0
222,1996,0.0
222,1997,0.0
222,1998,0.0
222,1999,1.0
222,2000,1.0
222,2001,1.0
222,2002,0.0
222,2003,0.0
222,2004,0.0
222,2005,0.0
222,2006,0.0
222,2007,0.0
222,2008,0.0
222,2009,0.0
222,2010,11.0
222,2011,27.0
222,2012,21.0
222,2013,33.0
223,1961,419.0
223,1962,325.0
223,1963,430.0
223,1964,336.0
223,1965,432.0
223,1966,488.0
223,1967,504.0
223,1968,504.0
223,1969,491.0
223,1970,490.0
223,1971,494.0
223,1972,490.0
223,1973,492.0
223,1974,495.0
223,1975,513.0
223,1976,502.0
223,1977,336.0
223,1978,42.0
223,1979,41.0
223,1980,231.0
223,1981,111.0
223,1982,146.0
223,1983,336.0
223,1984,551.0
223,1985,356.0
223,1986,385.0
223,1987,189.0
223,1988,236.0
223,1989,520.0
223,1990,410.0
223,1991,421.0
223,1992,323.0
223,1993,231.0
223,1994,24.0
223,1995,47.0
223,1996,12.0
223,1997,61.0
223,1998,100.0
223,1999,54.0
223,2000,24.0
223,2001,44.0
223,2002,14.0
223,2003,34.0
223,2004,65.0
223,2005,109.0
223,2006,154.0
223,2007,157.0
223,2008,194.0
223,2009,237.0
223,2010,282.0
223,2011,337.0
223,2012,336.0
223,2013,417.0
213,1992,6650.0
213,1993,4752.0
213,1994,3959.0
213,1995,3233.0
213,1996,1476.0
213,1997,951.0
213,1998,897.0
213,1999,1411.0
213,2000,1046.0
213,2001,713.0
213,2002,539.0
213,2003,825.0
213,2004,794.0
213,2005,891.0
213,2006,642.0
213,2007,388.0
213,2008,618.0
213,2009,602.0
213,2010,2102.0
213,2011,3520.0
213,2012,6073.0
213,2013,7585.0
226,1961,1014.0
226,1962,1014.0
226,1963,999.0
226,1964,1199.0
226,1965,1919.0
226,1966,1745.0
226,1967,1947.0
226,1968,2056.0
226,1969,2281.0
226,1970,3249.0
226,1971,4350.0
226,1972,4221.0
226,1973,3545.0
226,1974,3320.0
226,1975,4271.0
226,1976,5494.0
226,1977,7250.0
226,1978,9910.0
226,1979,8000.0
226,1980,8400.0
226,1981,8810.0
226,1982,9257.0
226,1983,9720.0
226,1984,10205.0
226,1985,10716.0
226,1986,12600.0
226,1987,25400.0
226,1988,23100.0
226,1989,38700.0
226,1990,57600.0
226,1991,60000.0
226,1992,61200.0
226,1993,63000.0
226,1994,64991.0
226,1995,66333.0
226,1996,69339.0
226,1997,71011.0
226,1998,72753.0
226,1999,75252.0
226,2000,77504.0
226,2001,80958.0
226,2002,84213.0
226,2003,87246.0
226,2004,95664.0
226,2005,98745.0
226,2006,102296.0
226,2007,105328.0
226,2008,108937.0
226,2009,111464.0
226,2010,114288.0
226,2011,117592.0
226,2012,120624.0
226,2013,126494.0
230,1992,1168249.0
230,1993,1008997.0
230,1994,907927.0
230,1995,796415.0
230,1996,796426.0
230,1997,698119.0
230,1998,676951.0
230,1999,640287.0
230,2000,679717.0
230,2001,592276.0
230,2002,598785.0
230,2003,626135.0
230,2004,599217.0
230,2005,545451.0
230,2006,589384.0
230,2007,711582.0
230,2008,804781.0
230,2009,685342.0
230,2010,738621.0
230,2011,801351.0
230,2012,929266.0
230,2013,930272.0
229,1961,1341955.0
229,1962,1421780.0
229,1963,1406090.0
229,1964,1460538.0
229,1965,1570584.0
229,1966,1511013.0
229,1967,1458440.0
229,1968,1504697.0
229,1969,1527259.0
229,1970,1536064.0
229,1971,1623291.0
229,1972,1613017.0
229,1973,1546744.0
229,1974,1489529.0
229,1975,1338748.0
229,1976,1358645.0
229,1977,1427982.0
229,1978,1468131.0
229,1979,1530174.0
229,1980,1492566.0
229,1981,1472633.0
229,1982,1456659.0
229,1983,1463081.0
229,1984,1415864.0
229,1985,1426605.0
229,1986,1421364.0
229,1987,1474300.0
229,1988,1484094.0
229,1989,1445069.0
229,1990,1438890.0
229,1991,1435468.0
229,1992,1420385.0
229,1993,1411215.0
229,1994,1450894.0
229,1995,1393540.0
229,1996,1439244.0
229,1997,1412097.0
229,1998,1456397.0
229,1999,1436028.0
229,2000,1428935.0
229,2001,1518195.0
229,2002,1439248.0
229,2003,1553769.0
229,2004,1556914.0
229,2005,1563251.0
229,2006,1636239.0
229,2007,1676958.0
229,2008,1605983.0
229,2009,1617686.0
229,2010,1606243.0
229,2011,1673005.0
229,2012,1671044.0
229,2013,1634764.0
215,1961,3147.0
215,1962,3031.0
215,1963,3139.0
215,1964,3277.0
215,1965,3244.0
215,1966,3430.0
215,1967,3388.0
215,1968,3468.0
215,1969,3540.0
215,1970,3658.0
215,1971,3588.0
215,1972,3877.0
215,1973,3803.0
215,1974,3894.0
215,1975,3878.0
215,1976,3973.0
215,1977,4096.0
215,1978,4205.0
215,1979,4347.0
215,1980,4425.0
215,1981,4608.0
215,1982,2380.0
215,1983,5044.0
215,1984,7960.0
215,1985,8080.0
215,1986,8216.0
215,1987,8249.0
215,1988,8536.0
215,1989,8704.0
215,1990,8976.0
215,1991,9261.0
215,1992,9242.0
215,1993,9380.0
215,1994,9380.0
215,1995,9819.0
215,1996,10557.0
215,1997,11121.0
215,1998,11910.0
215,1999,12974.0
215,2000,13115.0
215,2001,13308.0
215,2002,13319.0
215,2003,13697.0
215,2004,15139.0
215,2005,13992.0
215,2006,14015.0
215,2007,13759.0
215,2008,14709.0
215,2009,15581.0
215,2010,16246.0
215,2011,15880.0
215,2012,16277.0
215,2013,15981.0
231,1961,5241129.0
231,1962,5452434.0
231,1963,5695222.0
231,1964,5729497.0
231,1965,5187465.0
231,1966,5283415.0
231,1967,5837556.0
231,1968,6088459.0
231,1969,6026522.0
231,1970,6220750.0
231,1971,6895491.0
231,1972,6423467.0
231,1973,5922500.0
231,1974,6432739.0
231,1975,5295035.0
231,1976,5659288.0
231,1977,6030257.0
231,1978,6094278.0
231,1979,7027518.0
231,1980,7583925.0
231,1981,7301211.0
231,1982,6597363.0
231,1983,7021361.0
231,1984,7021512.0
231,1985,7120208.0
231,1986,6783766.0
231,1987,6898095.0
231,1988,7446279.0
231,1989,7466504.0
231,1990,7228089.0
231,1991,7371599.0
231,1992,7877760.0
231,1993,7868457.0
231,1994,8045475.0
231,1995,8049329.0
231,1996,7613703.0
231,1997,7639602.0
231,1998,8475192.0
231,1999,8679561.0
231,2000,8408105.0
231,2001,8384199.0
231,2002,8695785.0
231,2003,8822024.0
231,2004,8852586.0
231,2005,8699738.0
231,2006,8682315.0
231,2007,8979730.0
231,2008,8917040.0
231,2009,8996409.0
231,2010,8739347.0
231,2011,8442269.0
231,2012,8640806.0
231,2013,8847117.0
234,1961,17991.0
234,1962,19000.0
234,1963,18998.0
234,1964,20000.0
234,1965,17981.0
234,1966,20641.0
234,1967,24914.0
234,1968,21591.0
234,1969,20493.0
234,1970,21816.0
234,1971,26039.0
234,1972,22023.0
234,1973,21157.0
234,1974,26986.0
234,1975,26874.0
234,1976,27718.0
234,1977,26603.0
234,1978,26413.0
234,1979,28473.0
234,1980,25086.0
234,1981,25744.0
234,1982,23078.0
234,1983,21897.0
234,1984,19119.0
234,1985,19557.0
234,1986,17201.0
234,1987,19101.0
234,1988,19843.0
234,1989,20641.0
234,1990,22343.0
234,1991,22061.0
234,1992,23163.0
234,1993,24830.0
234,1994,26144.0
234,1995,26024.0
234,1996,26695.0
234,1997,27895.0
234,1998,32403.0
234,1999,36610.0
234,2000,35299.0
234,2001,34965.0
234,2002,29052.0
234,2003,28714.0
234,2004,30116.0
234,2005,30063.0
234,2006,30033.0
234,2007,36273.0
234,2008,36021.0
234,2009,35211.0
234,2010,37657.0
234,2011,43217.0
234,2012,50780.0
234,2013,57359.0
228,1961,3667076.0
228,1962,3970997.0
228,1963,4223881.0
228,1964,2785232.0
228,1965,4112129.0
228,1966,4420191.0
228,1967,4260283.0
228,1968,4042144.0
228,1969,3902865.0
228,1970,4035873.0
228,1971,4609371.0
228,1972,5235795.0
228,1973,5639460.0
228,1974,4998076.0
228,1975,5693038.0
228,1976,5560319.0
228,1977,4749145.0
228,1978,5304114.0
228,1979,5379401.0
228,1980,5467503.0
228,1981,5224494.0
228,1982,5422554.0
228,1983,5954034.0
228,1984,6080314.0
228,1985,6286705.0
228,1986,5825279.0
228,1987,6334599.0
228,1988,6819251.0
228,1989,6935144.0
228,1990,6767707.0
228,1991,5973644.0
235,1992,36100.0
235,1993,27000.0
235,1994,20472.0
235,1995,15514.0
235,1996,9609.0
235,1997,4618.0
235,1998,16396.0
235,1999,20438.0
235,2000,16453.0
235,2001,12180.0
235,2002,6870.0
235,2003,14597.0
235,2004,21321.0
235,2005,24434.0
235,2006,23141.0
235,2007,22772.0
235,2008,22351.0
235,2009,21693.0
235,2010,22386.0
235,2011,27160.0
235,2012,27918.0
235,2013,29708.0
155,1961,1323.0
155,1962,1323.0
155,1963,1323.0
155,1964,1343.0
155,1965,1374.0
155,1966,1296.0
155,1967,1320.0
155,1968,1344.0
155,1969,1368.0
155,1970,1457.0
155,1971,1494.0
155,1972,1528.0
155,1973,1528.0
155,1974,1531.0
155,1975,1509.0
155,1976,1526.0
155,1977,1687.0
155,1978,1774.0
155,1979,1920.0
155,1980,2082.0
155,1981,2199.0
155,1982,2298.0
155,1983,2664.0
155,1984,2533.0
155,1985,3029.0
155,1986,2912.0
155,1987,2583.0
155,1988,2151.0
155,1989,2022.0
155,1990,2211.0
155,1991,2506.0
155,1992,2571.0
155,1993,2554.0
155,1994,2587.0
155,1995,2622.0
155,1996,2849.0
155,1997,2867.0
155,1998,2900.0
155,1999,2977.0
155,2000,2983.0
155,2001,2983.0
155,2002,3019.0
155,2003,2966.0
155,2004,2990.0
155,2005,3132.0
155,2006,3237.0
155,2007,3590.0
155,2008,3718.0
155,2009,3666.0
155,2010,3639.0
155,2011,3681.0
155,2012,3763.0
155,2013,3830.0
236,1961,36788.0
236,1962,40040.0
236,1963,41317.0
236,1964,42732.0
236,1965,38072.0
236,1966,37574.0
236,1967,39384.0
236,1968,43294.0
236,1969,47144.0
236,1970,48465.0
236,1971,45371.0
236,1972,49272.0
236,1973,73845.0
236,1974,68053.0
236,1975,78811.0
236,1976,84182.0
236,1977,86639.0
236,1978,93828.0
236,1979,88196.0
236,1980,90841.0
236,1981,98477.0
236,1982,90655.0
236,1983,98830.0
236,1984,102799.0
236,1985,115029.0
236,1986,133170.0
236,1987,131252.0
236,1988,146125.0
236,1989,138420.0
236,1990,105491.0
236,1991,109749.0
236,1992,133291.0
236,1993,132663.0
236,1994,120417.0
236,1995,138077.0
236,1996,135395.0
236,1997,132553.0
236,1998,120012.0
236,1999,128236.0
236,2000,125244.0
236,2001,118038.0
236,2002,117249.0
236,2003,118319.0
236,2004,141342.0
236,2005,139182.0
236,2006,171003.0
236,2007,225463.0
236,2008,252274.0
236,2009,217858.0
236,2010,234158.0
236,2011,254841.0
236,2012,213516.0
236,2013,219865.0
237,1961,249990.0
237,1962,256984.0
237,1963,259964.0
237,1964,264599.0
237,1965,273161.0
237,1966,284958.0
237,1967,299994.0
237,1968,289978.0
237,1969,282999.0
237,1970,269975.0
237,1971,274994.0
237,1972,277996.0
237,1973,279988.0
237,1974,264975.0
237,1975,246944.0
237,1976,249873.0
237,1977,259000.0
237,1978,270000.0
237,1979,279328.0
237,1980,291658.0
237,1981,395680.0
237,1982,449606.0
237,1983,509888.0
237,1984,528938.0
237,1985,556944.0
237,1986,618830.0
237,1987,662053.0
237,1988,657403.0
237,1989,704914.0
237,1990,712404.0
237,1991,690523.0
237,1992,807690.0
237,1993,858300.0
237,1994,945156.0
237,1995,1000719.0
237,1996,1047524.0
237,1997,1089526.0
237,1998,1161433.0
237,1999,1248940.0
237,2000,1334797.0
237,2001,1465230.0
237,2002,1639111.0
237,2003,1785736.0
237,2004,1996152.0
237,2005,2280573.0
237,2006,2495178.0
237,2007,2661913.0
237,2008,2782886.0
237,2009,3033175.0
237,2010,3026951.0
237,2011,3092577.0
237,2012,3150794.0
237,2013,3208609.0
249,1961,397.0
249,1962,387.0
249,1963,565.0
249,1964,543.0
249,1965,509.0
249,1966,519.0
249,1967,41.0
249,1968,24.0
249,1969,8.0
249,1970,7.0
249,1971,16.0
249,1972,34.0
249,1973,42.0
249,1974,18.0
249,1975,14.0
249,1976,0.0
249,1977,0.0
249,1978,8.0
249,1979,0.0
249,1980,0.0
249,1981,0.0
249,1982,5.0
249,1983,3.0
249,1984,2.0
249,1985,2.0
249,1986,10.0
249,1987,16.0
249,1988,19.0
249,1989,32.0
249,1990,32.0
249,1991,5.0
249,1992,32.0
249,1993,2.0
249,1994,29.0
249,1995,48.0
249,1996,63.0
249,1997,63.0
249,1998,28.0
249,1999,6.0
249,2000,19.0
249,2001,167.0
249,2002,0.0
249,2003,94.0
249,2004,65.0
249,2005,246.0
249,2006,46.0
249,2007,84.0
249,2008,227.0
249,2009,309.0
249,2010,531.0
249,2011,217.0
249,2012,447.0
249,2013,235.0
248,1961,396075.0
248,1962,355232.0
248,1963,350361.0
248,1964,397555.0
248,1965,467356.0
248,1966,400080.0
248,1967,481084.0
248,1968,491373.0
248,1969,426350.0
248,1970,482943.0
248,1971,545979.0
248,1972,493161.0
248,1973,524662.0
248,1974,641098.0
248,1975,602345.0
248,1976,586779.0
248,1977,682695.0
248,1978,753281.0
248,1979,734830.0
248,1980,724302.0
248,1981,745114.0
248,1982,737001.0
248,1983,754287.0
248,1984,840619.0
248,1985,785361.0
248,1986,797685.0
248,1987,840134.0
248,1988,866134.0
248,1989,837466.0
248,1990,876630.0
248,1991,734872.0
251,1961,2956.0
251,1962,2824.0
251,1963,2463.0
251,1964,3042.0
251,1965,2979.0
251,1966,4313.0
251,1967,4374.0
251,1968,4189.0
251,1969,4719.0
251,1970,4781.0
251,1971,3858.0
251,1972,5504.0
251,1973,5833.0
251,1974,6068.0
251,1975,6177.0
251,1976,5734.0
251,1977,7157.0
251,1978,7504.0
251,1979,6685.0
251,1980,7209.0
251,1981,7640.0
251,1982,8103.0
251,1983,6393.0
251,1984,5487.0
251,1985,5861.0
251,1986,6156.0
251,1987,6474.0
251,1988,6815.0
251,1989,9416.0
251,1990,9460.0
251,1991,9504.0
251,1992,9473.0
251,1993,9701.0
251,1994,10133.0
251,1995,9688.0
251,1996,10571.0
251,1997,10436.0
251,1998,10920.0
251,1999,10867.0
251,2000,10436.0
251,2001,10628.0
251,2002,9049.0
251,2003,8804.0
251,2004,9432.0
251,2005,9931.0
251,2006,13116.0
251,2007,17729.0
251,2008,23344.0
251,2009,23212.0
251,2010,22890.0
251,2011,23333.0
251,2012,24468.0
251,2013,24113.0
181,1961,5261.0
181,1962,5845.0
181,1963,6450.0
181,1964,6488.0
181,1965,5690.0
181,1966,5161.0
181,1967,8061.0
181,1968,9760.0
181,1969,9452.0
181,1970,10176.0
181,1971,8565.0
181,1972,8351.0
181,1973,10632.0
181,1974,10681.0
181,1975,10839.0
181,1976,10600.0
181,1977,10954.0
181,1978,10074.0
181,1979,8227.0
181,1980,8593.0
181,1981,9262.0
181,1982,10349.0
181,1983,11455.0
181,1984,8943.0
181,1985,8097.0
181,1986,8439.0
181,1987,10104.0
181,1988,10497.0
181,1989,11335.0
181,1990,11229.0
181,1991,10876.0
181,1992,10894.0
181,1993,7716.0
181,1994,9099.0
181,1995,11040.0
181,1996,10082.0
181,1997,10777.0
181,1998,11296.0
181,1999,11756.0
181,2000,18725.0
181,2001,27870.0
181,2002,26246.0
181,2003,26877.0
181,2004,26965.0
181,2005,27592.0
181,2006,27924.0
181,2007,28022.0
181,2008,28070.0
181,2009,32575.0
181,2010,33971.0
181,2011,37477.0
181,2012,39539.0
181,2013,37447.0
5000,1961,24434903.0
5000,1962,25728025.0
5000,1963,27764097.0
5000,1964,28278859.0
5000,1965,30688792.0
5000,1966,31925885.0
5000,1967,33341470.0
5000,1968,33991338.0
5000,1969,33636547.0
5000,1970,34788554.0
5000,1971,38255634.0
5000,1972,39972245.0
5000,1973,40381731.0
5000,1974,41216089.0
5000,1975,41218022.0
5000,1976,41533261.0
5000,1977,42039627.0
5000,1978,44870688.0
5000,1979,49344915.0
5000,1980,52050299.0
5000,1981,52323379.0
5000,1982,52444751.0
5000,1983,54710066.0
5000,1984,56614714.0
5000,1985,59359144.0
5000,1986,59420056.0
5000,1987,62325485.0
5000,1988,66009570.0
5000,1989,67217641.0
5000,1990,68394218.0
5000,1991,69211754.0
5000,1992,71294531.0
5000,1993,72915896.0
5000,1994,74858581.0
5000,1995,76125830.0
5000,1996,76542635.0
5000,1997,76831280.0
5000,1998,81982514.0
5000,1999,83404877.0
5000,2000,85375210.0
5000,2001,85453063.0
5000,2002,87820548.0
5000,2003,91128311.0
5000,2004,91065731.0
5000,2005,92696837.0
5000,2006,95578393.0
5000,2007,98361592.0
5000,2008,101454410.0
5000,2009,103207244.0
5000,2010,105726673.0
5000,2011,106173982.0
5000,2012,109936760.0
5000,2013,112104268.0
5100,1961,183399.0
5100,1962,176920.0
5100,1963,175504.0
5100,1964,186984.0
5100,1965,190443.0
5100,1966,192827.0
5100,1967,206126.0
5100,1968,215576.0
5100,1969,229893.0
5100,1970,231098.0
5100,1971,241683.0
5100,1972,259664.0
5100,1973,268771.0
5100,1974,262724.0
5100,1975,265530.0
5100,1976,274746.0
5100,1977,287967.0
5100,1978,295302.0
5100,1979,298898.0
5100,1980,315038.0
5100,1981,334256.0
5100,1982,344587.0
5100,1983,353093.0
5100,1984,376727.0
5100,1985,392786.0
5100,1986,421513.0
5100,1987,464537.0
5100,1988,484550.0
5100,1989,541145.0
5100,1990,559082.0
5100,1991,548908.0
5100,1992,582655.0
5100,1993,580963.0
5100,1994,598005.0
5100,1995,740785.0
5100,1996,762093.0
5100,1997,779186.0
5100,1998,781225.0
5100,1999,782749.0
5100,2000,775363.0
5100,2001,799761.0
5100,2002,832484.0
5100,2003,853870.0
5100,2004,936073.0
5100,2005,982317.0
5100,2006,1015097.0
5100,2007,1157224.0
5100,2008,1269045.0
5100,2009,1318223.0
5100,2010,1230275.0
5100,2011,1326781.0
5100,2012,1393326.0
5100,2013,1467822.0
5101,1961,42786.0
5101,1962,44622.0
5101,1963,46681.0
5101,1964,49890.0
5101,1965,50780.0
5101,1966,52010.0
5101,1967,55567.0
5101,1968,59705.0
5101,1969,59422.0
5101,1970,59410.0
5101,1971,64369.0
5101,1972,72653.0
5101,1973,72694.0
5101,1974,72283.0
5101,1975,71573.0
5101,1976,66135.0
5101,1977,71469.0
5101,1978,77556.0
5101,1979,75375.0
5101,1980,83281.0
5101,1981,92011.0
5101,1982,87432.0
5101,1983,94423.0
5101,1984,99936.0
5101,1985,99323.0
5101,1986,108494.0
5101,1987,129493.0
5101,1988,131621.0
5101,1989,153598.0
5101,1990,175224.0
5101,1991,180675.0
5101,1992,186533.0
5101,1993,185188.0
5101,1994,190305.0
5101,1995,301132.0
5101,1996,313569.0
5101,1997,325668.0
5101,1998,312526.0
5101,1999,309918.0
5101,2000,305288.0
5101,2001,311663.0
5101,2002,306091.0
5101,2003,296779.0
5101,2004,320667.0
5101,2005,349254.0
5101,2006,344856.0
5101,2007,377837.0
5101,2008,400814.0
5101,2009,402894.0
5101,2010,400303.0
5101,2011,431116.0
5101,2012,471300.0
5101,2013,513661.0
5102,1961,14456.0
5102,1962,14622.0
5102,1963,14959.0
5102,1964,15035.0
5102,1965,16097.0
5102,1966,16551.0
5102,1967,16032.0
5102,1968,17788.0
5102,1969,18609.0
5102,1970,19645.0
5102,1971,20861.0
5102,1972,21738.0
5102,1973,22373.0
5102,1974,23415.0
5102,1975,25825.0
5102,1976,30927.0
5102,1977,34489.0
5102,1978,37506.0
5102,1979,40379.0
5102,1980,44928.0
5102,1981,43900.0
5102,1982,42507.0
5102,1983,42611.0
5102,1984,50343.0
5102,1985,56544.0
5102,1986,60267.0
5102,1987,59666.0
5102,1988,59769.0
5102,1989,62908.0
5102,1990,64413.0
5102,1991,63368.0
5102,1992,66534.0
5102,1993,67991.0
5102,1994,68345.0
5102,1995,72342.0
5102,1996,81043.0
5102,1997,78519.0
5102,1998,89230.0
5102,1999,79735.0
5102,2000,89507.0
5102,2001,94826.0
5102,2002,103313.0
5102,2003,103065.0
5102,2004,122384.0
5102,2005,128421.0
5102,2006,146620.0
5102,2007,168586.0
5102,2008,184202.0
5102,2009,195442.0
5102,2010,206244.0
5102,2011,242402.0
5102,2012,241398.0
5102,2013,270380.0
5103,1961,19690.0
5103,1962,10178.0
5103,1963,4229.0
5103,1964,3758.0
5103,1965,3783.0
5103,1966,3388.0
5103,1967,2274.0
5103,1968,2613.0
5103,1969,3489.0
5103,1970,3295.0
5103,1971,3600.0
5103,1972,3760.0
5103,1973,3342.0
5103,1974,2840.0
5103,1975,2474.0
5103,1976,3040.0
5103,1977,3134.0
5103,1978,2970.0
5103,1979,3063.0
5103,1980,3173.0
5103,1981,3513.0
5103,1982,3370.0
5103,1983,3345.0
5103,1984,3754.0
5103,1985,3501.0
5103,1986,3607.0
5103,1987,3961.0
5103,1988,3572.0
5103,1989,5469.0
5103,1990,3290.0
5103,1991,3399.0
5103,1992,3800.0
5103,1993,3857.0
5103,1994,3669.0
5103,1995,3832.0
5103,1996,3839.0
5103,1997,3906.0
5103,1998,9008.0
5103,1999,3890.0
5103,2000,3925.0
5103,2001,2480.0
5103,2002,2422.0
5103,2003,2633.0
5103,2004,2568.0
5103,2005,2633.0
5103,2006,2925.0
5103,2007,4970.0
5103,2008,3843.0
5103,2009,1613.0
5103,2010,1942.0
5103,2011,1899.0
5103,2012,2375.0
5103,2013,1938.0
5104,1961,57754.0
5104,1962,59276.0
5104,1963,60213.0
5104,1964,66346.0
5104,1965,67204.0
5104,1966,65699.0
5104,1967,74274.0
5104,1968,73623.0
5104,1969,82501.0
5104,1970,81235.0
5104,1971,84139.0
5104,1972,93038.0
5104,1973,99955.0
5104,1974,91894.0
5104,1975,91288.0
5104,1976,96014.0
5104,1977,95239.0
5104,1978,90075.0
5104,1979,90843.0
5104,1980,92673.0
5104,1981,100354.0
5104,1982,115567.0
5104,1983,116867.0
5104,1984,115275.0
5104,1985,111330.0
5104,1986,110626.0
5104,1987,114923.0
5104,1988,123732.0
5104,1989,135350.0
5104,1990,137978.0
5104,1991,120704.0
5104,1992,135755.0
5104,1993,128767.0
5104,1994,134599.0
5104,1995,146113.0
5104,1996,142428.0
5104,1997,142272.0
5104,1998,138574.0
5104,1999,145019.0
5104,2000,128143.0
5104,2001,133391.0
5104,2002,128216.0
5104,2003,165112.0
5104,2004,189620.0
5104,2005,189413.0
5104,2006,186418.0
5104,2007,264330.0
5104,2008,328339.0
5104,2009,354106.0
5104,2010,242272.0
5104,2011,248556.0
5104,2012,256365.0
5104,2013,238203.0
5105,1961,48712.0
5105,1962,48221.0
5105,1963,49422.0
5105,1964,51955.0
5105,1965,52579.0
5105,1966,55179.0
5105,1967,57979.0
5105,1968,61847.0
5105,1969,65872.0
5105,1970,67513.0
5105,1971,68714.0
5105,1972,68476.0
5105,1973,70408.0
5105,1974,72292.0
5105,1975,74370.0
5105,1976,78630.0
5105,1977,83636.0
5105,1978,87196.0
5105,1979,89238.0
5105,1980,90983.0
5105,1981,94478.0
5105,1982,95710.0
5105,1983,95847.0
5105,1984,107419.0
5105,1985,122089.0
5105,1986,138519.0
5105,1987,156494.0
5105,1988,165855.0
5105,1989,183821.0
5105,1990,178178.0
5105,1991,180762.0
5105,1992,190034.0
5105,1993,195161.0
5105,1994,201088.0
5105,1995,217366.0
5105,1996,221215.0
5105,1997,228822.0
5105,1998,231888.0
5105,1999,244187.0
5105,2000,248500.0
5105,2001,257401.0
5105,2002,292442.0
5105,2003,286280.0
5105,2004,300835.0
5105,2005,312597.0
5105,2006,334278.0
5105,2007,341501.0
5105,2008,351846.0
5105,2009,364167.0
5105,2010,379512.0
5105,2011,402808.0
5105,2012,421889.0
5105,2013,443640.0
5200,1961,7257060.0
5200,1962,7503931.0
5200,1963,7747092.0
5200,1964,7826454.0
5200,1965,7332883.0
5200,1966,7534453.0
5200,1967,8197515.0
5200,1968,8480099.0
5200,1969,8454672.0
5200,1970,8835196.0
5200,1971,9680016.0
5200,1972,9222643.0
5200,1973,8752871.0
5200,1974,9403776.0
5200,1975,8319236.0
5200,1976,8843878.0
5200,1977,9417665.0
5200,1978,9592427.0
5200,1979,10820305.0
5200,1980,11622674.0
5200,1981,11387462.0
5200,1982,10558298.0
5200,1983,11156354.0
5200,1984,10996462.0
5200,1985,11021252.0
5200,1986,10469562.0
5200,1987,10737974.0
5200,1988,11387221.0
5200,1989,11221338.0
5200,1990,10925609.0
5200,1991,11341521.0
5200,1992,12085152.0
5200,1993,12426974.0
5200,1994,13012903.0
5200,1995,13072149.0
5200,1996,12614996.0
5200,1997,12803452.0
5200,1998,14179397.0
5200,1999,14661234.0
5200,2000,14614237.0
5200,2001,14560911.0
5200,2002,14774504.0
5200,2003,15119972.0
5200,2004,15292944.0
5200,2005,14620991.0
5200,2006,15020318.0
5200,2007,15678144.0
5200,2008,15932813.0
5200,2009,16095149.0
5200,2010,16087898.0
5200,2011,15960227.0
5200,2012,16338677.0
5200,2013,16816785.0
5203,1961,5722326.0
5203,1962,5938517.0
5203,1963,6195147.0
5203,1964,6261263.0
5203,1965,5682736.0
5203,1966,5787302.0
5203,1967,6426233.0
5203,1968,6676354.0
5203,1969,6600132.0
5203,1970,6887694.0
5203,1971,7608256.0
5203,1972,7118729.0
5203,1973,6584600.0
5203,1974,7133292.0
5203,1975,5904176.0
5203,1976,6299483.0
5203,1977,6675938.0
5203,1978,6772894.0
5203,1979,7799167.0
5203,1980,8433232.0
5203,1981,8128108.0
5203,1982,7375820.0
5203,1983,7825895.0
5203,1984,7819812.0
5203,1985,7943159.0
5203,1986,7589104.0
5203,1987,7708479.0
5203,1988,8278810.0
5203,1989,8266789.0
5203,1990,7993076.0
5203,1991,8140397.0
5203,1992,8726751.0
5203,1993,8704434.0
5203,1994,8915823.0
5203,1995,8905838.0
5203,1996,8418518.0
5203,1997,8442563.0
5203,1998,9382792.0
5203,1999,9648381.0
5203,2000,9341986.0
5203,2001,9340661.0
5203,2002,9644386.0
5203,2003,9685350.0
5203,2004,9774823.0
5203,2005,9514830.0
5203,2006,9508680.0
5203,2007,9882837.0
5203,2008,9798390.0
5203,2009,9868844.0
5203,2010,9575314.0
5203,2011,9286013.0
5203,2012,9488354.0
5203,2013,9651366.0
5204,1961,470872.0
5204,1962,469610.0
5204,1963,473777.0
5204,1964,475416.0
5204,1965,481028.0
5204,1966,487675.0
5204,1967,499784.0
5204,1968,504300.0
5204,1969,522208.0
5204,1970,548287.0
5204,1971,572543.0
5204,1972,642405.0
5204,1973,709279.0
5204,1974,790172.0
5204,1975,881616.0
5204,1976,979990.0
5204,1977,1084235.0
5204,1978,1160306.0
5204,1979,1252707.0
5204,1980,1329379.0
5204,1981,1385899.0
5204,1982,1448180.0
5204,1983,1568207.0
5204,1984,1535279.0
5204,1985,1376798.0
5204,1986,1045979.0
5204,1987,996746.0
5204,1988,993185.0
5204,1989,876918.0
5204,1990,892776.0
5204,1991,984108.0
5204,1992,1021490.0
5204,1993,1028445.0
5204,1994,1118657.0
5204,1995,1076857.0
5204,1996,1051222.0
5204,1997,1099257.0
5204,1998,1189212.0
5204,1999,1269457.0
5204,2000,1375284.0
5204,2001,1426380.0
5204,2002,1475983.0
5204,2003,1502207.0
5204,2004,1588354.0
5204,2005,1597617.0
5204,2006,1628247.0
5204,2007,1675981.0
5204,2008,1765678.0
5204,2009,1919021.0
5204,2010,1946720.0
5204,2011,1901414.0
5204,2012,2029254.0
5204,2013,2139849.0
5206,1961,79977.0
5206,1962,83013.0
5206,1963,85620.0
5206,1964,89091.0
5206,1965,89945.0
5206,1966,93271.0
5206,1967,93720.0
5206,1968,95376.0
5206,1969,95723.0
5206,1970,101588.0
5206,1971,112131.0
5206,1972,117132.0
5206,1973,122534.0
5206,1974,116789.0
5206,1975,114315.0
5206,1976,125818.0
5206,1977,163321.0
5206,1978,136676.0
5206,1979,134777.0
5206,1980,123048.0
5206,1981,117989.0
5206,1982,119580.0
5206,1983,122437.0
5206,1984,130151.0
5206,1985,141268.0
5206,1986,146902.0
5206,1987,154299.0
5206,1988,151084.0
5206,1989,157794.0
5206,1990,168539.0
5206,1991,175335.0
5206,1992,176365.0
5206,1993,216059.0
5206,1994,228275.0
5206,1995,223394.0
5206,1996,232111.0
5206,1997,208565.0
5206,1998,219886.0
5206,1999,246067.0
5206,2000,246111.0
5206,2001,243374.0
5206,2002,258188.0
5206,2003,259320.0
5206,2004,258059.0
5206,2005,293772.0
5206,2006,325060.0
5206,2007,403754.0
5206,2008,421712.0
5206,2009,412935.0
5206,2010,420764.0
5206,2011,420011.0
5206,2012,377201.0
5206,2013,412853.0
5207,1961,983885.0
5207,1962,1012791.0
5207,1963,992548.0
5207,1964,1000684.0
5207,1965,1079174.0
5207,1966,1166205.0
5207,1967,1177778.0
5207,1968,1204070.0
5207,1969,1236609.0
5207,1970,1297627.0
5207,1971,1387086.0
5207,1972,1344377.0
5207,1973,1336458.0
5207,1974,1363523.0
5207,1975,1419129.0
5207,1976,1438587.0
5207,1977,1494171.0
5207,1978,1522551.0
5207,1979,1633654.0
5207,1980,1737015.0
5207,1981,1755466.0
5207,1982,1614718.0
5207,1983,1639815.0
5207,1984,1511219.0
5207,1985,1560028.0
5207,1986,1687577.0
5207,1987,1878451.0
5207,1988,1964141.0
5207,1989,1919836.0
5207,1990,1871218.0
5207,1991,2041681.0
5207,1992,2160546.0
5207,1993,2478036.0
5207,1994,2750148.0
5207,1995,2866060.0
5207,1996,2913145.0
5207,1997,3053067.0
5207,1998,3387508.0
5207,1999,3497328.0
5207,2000,3650855.0
5207,2001,3550496.0
5207,2002,3395947.0
5207,2003,3673094.0
5207,2004,3671707.0
5207,2005,3214772.0
5207,2006,3558330.0
5207,2007,3715572.0
5207,2008,3947033.0
5207,2009,3894348.0
5207,2010,4145100.0
5207,2011,4352789.0
5207,2012,4443869.0
5207,2013,4612717.0
5300,1961,2858178.0
5300,1962,3447979.0
5300,1963,4999422.0
5300,1964,6280625.0
5300,1965,7079462.0
5300,1966,7817393.0
5300,1967,8284919.0
5300,1968,8264940.0
5300,1969,8176680.0
5300,1970,8304503.0
5300,1971,9343205.0
5300,1972,10164963.0
5300,1973,10419691.0
5300,1974,10490297.0
5300,1975,10606832.0
5300,1976,10705944.0
5300,1977,10864657.0
5300,1978,11920740.0
5300,1979,14353187.0
5300,1980,15716161.0
5300,1981,16455157.0
5300,1982,17341395.0
5300,1983,18064748.0
5300,1984,19741031.0
5300,1985,22085652.0
5300,1986,22764909.0
5300,1987,24287961.0
5300,1988,26224464.0
5300,1989,27533298.0
5300,1990,29228363.0
5300,1991,30839800.0
5300,1992,33189069.0
5300,1993,34468352.0
5300,1994,36909879.0
5300,1995,37931181.0
5300,1996,38425999.0
5300,1997,39647998.0
5300,1998,41855038.0
5300,1999,42817643.0
5300,2000,45424716.0
5300,2001,45820356.0
5300,2002,47441269.0
5300,2003,49828471.0
5300,2004,50369051.0
5300,2005,52355278.0
5300,2006,54636387.0
5300,2007,55722368.0
5300,2008,58347565.0
5300,2009,60235935.0
5300,2010,62196690.0
5300,2011,62641941.0
5300,2012,65765711.0
5300,2013,67444732.0
5301,1992,285576.0
5301,1993,249802.0
5301,1994,199443.0
5301,1995,153501.0
5301,1996,148356.0
5301,1997,118976.0
5301,1998,133681.0
5301,1999,149007.0
5301,2000,186156.0
5301,2001,232478.0
5301,2002,232032.0
5301,2003,239922.0
5301,2004,252753.0
5301,2005,268131.0
5301,2006,289062.0
5301,2007,298611.0
5301,2008,328213.0
5301,2009,319961.0
5301,2010,295406.0
5301,2011,339403.0
5301,2012,242080.0
5301,2013,241378.0
5302,1961,1907114.0
5302,1962,2442818.0
5302,1963,3968917.0
5302,1964,5197144.0
5302,1965,5950958.0
5302,1966,6618513.0
5302,1967,7035156.0
5302,1968,6947287.0
5302,1969,6828869.0
5302,1970,6942776.0
5302,1971,7974177.0
5302,1972,8811243.0
5302,1973,9011827.0
5302,1974,9096689.0
5302,1975,9273422.0
5302,1976,9336415.0
5302,1977,9517153.0
5302,1978,10392403.0
5302,1979,12765552.0
5302,1980,14035432.0
5302,1981,14561091.0
5302,1982,15407192.0
5302,1983,15983252.0
5302,1984,17395714.0
5302,1985,19678361.0
5302,1986,20277466.0
5302,1987,21636743.0
5302,1988,23429940.0
5302,1989,24532522.0
5302,1990,25907700.0
5302,1991,27344636.0
5302,1992,29156413.0
5302,1993,30338108.0
5302,1994,32539567.0
5302,1995,33588426.0
5302,1996,33960545.0
5302,1997,35033254.0
5302,1998,37171438.0
5302,1999,38146188.0
5302,2000,40543647.0
5302,2001,40656100.0
5302,2002,41828383.0
5302,2003,43847661.0
5302,2004,44166065.0
5302,2005,45673527.0
5302,2006,47439932.0
5302,2007,48177341.0
5302,2008,50697194.0
5302,2009,52322163.0
5302,2010,54094757.0
5302,2011,54349857.0
5302,2012,57499597.0
5302,2013,59042940.0
5303,1961,159625.0
5303,1962,158758.0
5303,1963,157297.0
5303,1964,156544.0
5303,1965,154830.0
5303,1966,154383.0
5303,1967,164498.0
5303,1968,172899.0
5303,1969,172489.0
5303,1970,181396.0
5303,1971,201868.0
5303,1972,212502.0
5303,1973,212510.0
5303,1974,218598.0
5303,1975,222119.0
5303,1976,226259.0
5303,1977,234176.0
5303,1978,244389.0
5303,1979,258328.0
5303,1980,269528.0
5303,1981,286741.0
5303,1982,304168.0
5303,1983,307967.0
5303,1984,312975.0
5303,1985,368923.0
5303,1986,372619.0
5303,1987,374982.0
5303,1988,391668.0
5303,1989,406427.0
5303,1990,424542.0
5303,1991,439471.0
5303,1992,456935.0
5303,1993,460116.0
5303,1994,463509.0
5303,1995,467097.0
5303,1996,472259.0
5303,1997,476169.0
5303,1998,478655.0
5303,1999,480233.0
5303,2000,482622.0
5303,2001,483903.0
5303,2002,484926.0
5303,2003,487517.0
5303,2004,461940.0
5303,2005,443197.0
5303,2006,422345.0
5303,2007,402420.0
5303,2008,399538.0
5303,2009,396595.0
5303,2010,387875.0
5303,2011,383729.0
5303,2012,378020.0
5303,2013,374563.0
5304,1961,783466.0
5304,1962,838443.0
5304,1963,864931.0
5304,1964,919604.0
5304,1965,964934.0
5304,1966,1032948.0
5304,1967,1072901.0
5304,1968,1130612.0
5304,1969,1159046.0
5304,1970,1163559.0
5304,1971,1149808.0
5304,1972,1121478.0
5304,1973,1173246.0
5304,1974,1153374.0
5304,1975,1090832.0
5304,1976,1121430.0
5304,1977,1088644.0
5304,1978,1260925.0
5304,1979,1305715.0
5304,1980,1385868.0
5304,1981,1581482.0
5304,1982,1602152.0
5304,1983,1744111.0
5304,1984,2000676.0
5304,1985,2005665.0
5304,1986,2082626.0
5304,1987,2242082.0
5304,1988,2365405.0
5304,1989,2555727.0
5304,1990,2854381.0
5304,1991,3013273.0
5304,1992,3168241.0
5304,1993,3321507.0
5304,1994,3601655.0
5304,1995,3614347.0
5304,1996,3738799.0
5304,1997,3903140.0
5304,1998,3956635.0
5304,1999,3935431.0
5304,2000,4096663.0
5304,2001,4332163.0
5304,2002,4776857.0
5304,2003,5131969.0
5304,2004,5362054.0
5304,2005,5836929.0
5304,2006,6341755.0
5304,2007,6707238.0
5304,2008,6791988.0
5304,2009,7078668.0
5304,2010,7296539.0
5304,2011,7444416.0
5304,2012,7509236.0
5304,2013,7647681.0
5305,1961,7972.0
5305,1962,7961.0
5305,1963,8278.0
5305,1964,7333.0
5305,1965,8740.0
5305,1966,11549.0
5305,1967,12365.0
5305,1968,14141.0
5305,1969,16275.0
5305,1970,16772.0
5305,1971,17351.0
5305,1972,19740.0
5305,1973,22108.0
5305,1974,21636.0
5305,1975,20459.0
5305,1976,21839.0
5305,1977,24684.0
5305,1978,23023.0
5305,1979,23592.0
5305,1980,25333.0
5305,1981,25843.0
5305,1982,27882.0
5305,1983,29418.0
5305,1984,31667.0
5305,1985,32704.0
5305,1986,32198.0
5305,1987,34155.0
5305,1988,37451.0
5305,1989,38622.0
5305,1990,41740.0
5305,1991,42419.0
5305,1992,121904.0
5305,1993,98819.0
5305,1994,105704.0
5305,1995,107810.0
5305,1996,106039.0
5305,1997,116458.0
5305,1998,114628.0
5305,1999,106784.0
5305,2000,115627.0
5305,2001,115713.0
5305,2002,119071.0
5305,2003,121402.0
5305,2004,126238.0
5305,2005,133494.0
5305,2006,143294.0
5305,2007,136759.0
5305,2008,130632.0
5305,2009,118549.0
5305,2010,122112.0
5305,2011,124536.0
5305,2012,136777.0
5305,2013,138170.0
5400,1961,13985252.0
5400,1962,14434994.0
5400,1963,14680864.0
5400,1964,13822452.0
5400,1965,15916128.0
5400,1966,16205483.0
5400,1967,16472006.0
5400,1968,16841172.0
5400,1969,16573861.0
5400,1970,17204251.0
5400,1971,18761916.0
5400,1972,20089210.0
5400,1973,20681767.0
5400,1974,20812526.0
5400,1975,21809412.0
5400,1976,21499808.0
5400,1977,21241857.0
5400,1978,22820796.0
5400,1979,23635117.0
5400,1980,24135327.0
5400,1981,23874128.0
5400,1982,23921996.0
5400,1983,24847835.0
5400,1984,25192087.0
5400,1985,25540988.0
5400,1986,25433740.0
5400,1987,26496982.0
5400,1988,27562364.0
5400,1989,27559056.0
5400,1990,27309692.0
5400,1991,26108489.0
5400,1992,25037245.0
5400,1993,25046329.0
5400,1994,23927441.0
5400,1995,23956779.0
5400,1996,24323215.0
5400,1997,23172235.0
5400,1998,24720982.0
5400,1999,24696316.0
5400,2000,24109419.0
5400,2001,23838531.0
5400,2002,24286684.0
5400,2003,24811747.0
5400,2004,23954888.0
5400,2005,24180343.0
5400,2006,24344530.0
5400,2007,25203436.0
5400,2008,25305471.0
5400,2009,24965275.0
5400,2010,25593236.0
5400,2011,25611034.0
5400,2012,25758139.0
5400,2013,25685812.0
5401,1961,6066770.0
5401,1962,6351163.0
5401,1963,6527701.0
5401,1964,5219433.0
5401,1965,6827517.0
5401,1966,7151990.0
5401,1967,7043695.0
5401,1968,6912735.0
5401,1969,6700608.0
5401,1970,6875314.0
5401,1971,7727780.0
5401,1972,8776075.0
5401,1973,9260559.0
5401,1974,8794341.0
5401,1975,9769149.0
5401,1976,9270505.0
5401,1977,8559612.0
5401,1978,9383311.0
5401,1979,9647819.0
5401,1980,9655375.0
5401,1981,9269307.0
5401,1982,9312739.0
5401,1983,9959799.0
5401,1984,10038614.0
5401,1985,10310677.0
5401,1986,10022681.0
5401,1987,10669171.0
5401,1988,11279140.0
5401,1989,11495236.0
5401,1990,11188655.0
5401,1991,10452020.0
5401,1992,8925570.0
5401,1993,8475575.0
5401,1994,7525715.0
5401,1995,7597325.0
5401,1996,7550976.0
5401,1997,6671905.0
5401,1998,7141506.0
5401,1999,7149219.0
5401,2000,6620145.0
5401,2001,6337787.0
5401,2002,6750259.0
5401,2003,7085083.0
5401,2004,6730399.0
5401,2005,6711949.0
5401,2006,7075890.0
5401,2007,7602914.0
5401,2008,8001872.0
5401,2009,7823483.0
5401,2010,8155872.0
5401,2011,8391303.0
5401,2012,8492609.0
5401,2013,8507695.0
5402,1961,1878159.0
5402,1962,1951875.0
5402,1963,1933270.0
5402,1964,2010498.0
5402,1965,2140816.0
5402,1966,2080016.0
5402,1967,2042301.0
5402,1968,2095249.0
5402,1969,2123100.0
5402,1970,2168833.0
5402,1971,2281918.0
5402,1972,2291902.0
5402,1973,2235141.0
5402,1974,2216225.0
5402,1975,2097747.0
5402,1976,2148505.0
5402,1977,2236907.0
5402,1978,2307675.0
5402,1979,2406484.0
5402,1980,2413163.0
5402,1981,2366009.0
5402,1982,2329905.0
5402,1983,2368686.0
5402,1984,2303637.0
5402,1985,2344441.0
5402,1986,2388840.0
5402,1987,2454856.0
5402,1988,2476340.0
5402,1989,2434095.0
5402,1990,2414610.0
5402,1991,2421026.0
5402,1992,2604370.0
5402,1993,2525252.0
5402,1994,2618680.0
5402,1995,2623312.0
5402,1996,2662425.0
5402,1997,2598070.0
5402,1998,2724272.0
5402,1999,2503488.0
5402,2000,2469964.0
5402,2001,2547279.0
5402,2002,2566659.0
5402,2003,2692784.0
5402,2004,2698974.0
5402,2005,2810581.0
5402,2006,2849280.0
5402,2007,2964564.0
5402,2008,2818591.0
5402,2009,2775104.0
5402,2010,2809433.0
5402,2011,2852925.0
5402,2012,2880409.0
5402,2013,2848090.0
5403,1961,1158145.0
5403,1962,1157847.0
5403,1963,1207189.0
5403,1964,1326617.0
5403,1965,1384015.0
5403,1966,1414130.0
5403,1967,1583459.0
5403,1968,1661074.0
5403,1969,1614650.0
5403,1970,1795154.0
5403,1971,1997267.0
5403,1972,2036954.0
5403,1973,2229714.0
5403,1974,2533662.0
5403,1975,2527772.0
5403,1976,2600337.0
5403,1977,2813989.0
5403,1978,3135112.0
5403,1979,3330147.0
5403,1980,3597143.0
5403,1981,3750393.0
5403,1982,3880720.0
5403,1983,4004726.0
5403,1984,4286007.0
5403,1985,4169712.0
5403,1986,4271478.0
5403,1987,4500997.0
5403,1988,4751062.0
5403,1989,4836431.0
5403,1990,5055578.0
5403,1991,4997426.0
5403,1992,5171563.0
5403,1993,5358173.0
5403,1994,5413484.0
5403,1995,5492774.0
5403,1996,5759350.0
5403,1997,5753487.0
5403,1998,6232542.0
5403,1999,6341864.0
5403,2000,6378243.0
5403,2001,6528908.0
5403,2002,6591693.0
5403,2003,6578620.0
5403,2004,6309661.0
5403,2005,6364563.0
5403,2006,6319800.0
5403,2007,6570437.0
5403,2008,6209408.0
5403,2009,6039287.0
5403,2010,6246051.0
5403,2011,6122918.0
5403,2012,6115319.0
5403,2013,6156468.0
5404,1961,4882177.0
5404,1962,4974110.0
5404,1963,5012704.0
5404,1964,5265904.0
5404,1965,5563780.0
5404,1966,5559347.0
5404,1967,5802553.0
5404,1968,6172115.0
5404,1969,6135503.0
5404,1970,6364950.0
5404,1971,6754952.0
5404,1972,6984279.0
5404,1973,6956353.0
5404,1974,7268298.0
5404,1975,7414744.0
5404,1976,7480461.0
5404,1977,7631350.0
5404,1978,7994698.0
5404,1979,8250667.0
5404,1980,8469645.0
5404,1981,8488419.0
5404,1982,8398632.0
5404,1983,8514623.0
5404,1984,8563829.0
5404,1985,8716157.0
5404,1986,8750740.0
5404,1987,8871957.0
5404,1988,9055821.0
5404,1989,8793293.0
5404,1990,8650849.0
5404,1991,8238017.0
5404,1992,8335743.0
5404,1993,8687328.0
5404,1994,8369561.0
5404,1995,8243367.0
5404,1996,8350465.0
5404,1997,8148773.0
5404,1998,8622663.0
5404,1999,8701745.0
5404,2000,8641067.0
5404,2001,8424557.0
5404,2002,8378073.0
5404,2003,8455261.0
5404,2004,8215855.0
5404,2005,8293250.0
5404,2006,8099559.0
5404,2007,8065522.0
5404,2008,8275600.0
5404,2009,8327401.0
5404,2010,8381880.0
5404,2011,8243889.0
5404,2012,8269802.0
5404,2013,8173559.0
5500,1961,151013.0
5500,1962,164201.0
5500,1963,161216.0
5500,1964,162344.0
5500,1965,169876.0
5500,1966,175729.0
5500,1967,180902.0
5500,1968,189550.0
5500,1969,201441.0
5500,1970,213506.0
5500,1971,228813.0
5500,1972,235765.0
5500,1973,258630.0
5500,1974,246766.0
5500,1975,217012.0
5500,1976,208886.0
5500,1977,227480.0
5500,1978,241424.0
5500,1979,237408.0
5500,1980,261100.0
5500,1981,272376.0
5500,1982,278476.0
5500,1983,288036.0
5500,1984,308406.0
5500,1985,318466.0
5500,1986,330332.0
5500,1987,338031.0
5500,1988,350971.0
5500,1989,362804.0
5500,1990,371471.0
5500,1991,373035.0
5500,1992,400410.0
5500,1993,393279.0
5500,1994,410354.0
5500,1995,424936.0
5500,1996,416331.0
5500,1997,428410.0
5500,1998,445872.0
5500,1999,446934.0
5500,2000,451476.0
5500,2001,433504.0
5500,2002,485607.0
5500,2003,514251.0
5500,2004,512775.0
5500,2005,557909.0
5500,2006,562061.0
5500,2007,600421.0
5500,2008,599516.0
5500,2009,592663.0
5500,2010,618575.0
5500,2011,633999.0
5500,2012,680906.0
5500,2013,689117.0
5501,1961,145649.0
5501,1962,158367.0
5501,1963,155666.0
5501,1964,156535.0
5501,1965,163586.0
5501,1966,169272.0
5501,1967,174151.0
5501,1968,182727.0
5501,1969,194659.0
5501,1970,206164.0
5501,1971,221281.0
5501,1972,227808.0
5501,1973,250261.0
5501,1974,238049.0
5501,1975,208551.0
5501,1976,200277.0
5501,1977,218577.0
5501,1978,232667.0
5501,1979,228015.0
5501,1980,251148.0
5501,1981,261873.0
5501,1982,267508.0
5501,1983,276244.0
5501,1984,295065.0
5501,1985,303982.0
5501,1986,315608.0
5501,1987,323326.0
5501,1988,335764.0
5501,1989,347296.0
5501,1990,356392.0
5501,1991,357561.0
5501,1992,384694.0
5501,1993,376885.0
5501,1994,394086.0
5501,1995,408700.0
5501,1996,399592.0
5501,1997,410207.0
5501,1998,428025.0
5501,1999,428436.0
5501,2000,432582.0
5501,2001,413921.0
5501,2002,465518.0
5501,2003,493670.0
5501,2004,492189.0
5501,2005,537280.0
5501,2006,540934.0
5501,2007,578978.0
5501,2008,576422.0
5501,2009,569748.0
5501,2010,595700.0
5501,2011,610870.0
5501,2012,656554.0
5501,2013,663981.0
5502,1961,3211.0
5502,1962,3378.0
5502,1963,3468.0
5502,1964,3577.0
5502,1965,3803.0
5502,1966,3861.0
5502,1967,4043.0
5502,1968,4067.0
5502,1969,4166.0
5502,1970,4578.0
5502,1971,4777.0
5502,1972,5149.0
5502,1973,5515.0
5502,1974,5659.0
5502,1975,5563.0
5502,1976,5658.0
5502,1977,5982.0
5502,1978,5983.0
5502,1979,6364.0
5502,1980,6589.0
5502,1981,6828.0
5502,1982,7018.0
5502,1983,7453.0
5502,1984,7464.0
5502,1985,8166.0
5502,1986,8100.0
5502,1987,7913.0
5502,1988,7618.0
5502,1989,7802.0
5502,1990,8063.0
5502,1991,8755.0
5502,1992,8851.0
5502,1993,9143.0
5502,1994,9321.0
5502,1995,9151.0
5502,1996,9631.0
5502,1997,11210.0
5502,1998,10594.0
5502,1999,11321.0
5502,2000,11173.0
5502,2001,11707.0
5502,2002,11844.0
5502,2003,12041.0
5502,2004,12453.0
5502,2005,12616.0
5502,2006,12997.0
5502,2007,13458.0
5502,2008,14538.0
5502,2009,14351.0
5502,2010,14182.0
5502,2011,14402.0
5502,2012,15318.0
5502,2013,15361.0
5503,1961,496.0
5503,1962,496.0
5503,1963,496.0
5503,1964,594.0
5503,1965,594.0
5503,1966,509.0
5503,1967,509.0
5503,1968,509.0
5503,1969,509.0
5503,1970,509.0
5503,1971,512.0
5503,1972,512.0
5503,1973,512.0
5503,1974,512.0
5503,1975,520.0
5503,1976,525.0
5503,1977,523.0
5503,1978,519.0
5503,1979,524.0
5503,1980,531.0
5503,1981,531.0
5503,1982,526.0
5503,1983,526.0
5503,1984,523.0
5503,1985,522.0
5503,1986,536.0
5503,1987,559.0
5503,1988,543.0
5503,1989,547.0
5503,1990,549.0
5503,1991,557.0
5503,1992,545.0
5503,1993,617.0
5503,1994,633.0
5503,1995,679.0
5503,1996,642.0
5503,1997,679.0
5503,1998,658.0
5503,1999,702.0
5503,2000,819.0
5503,2001,904.0
5503,2002,1022.0
5503,2003,1089.0
5503,2004,1053.0
5503,2005,927.0
5503,2006,958.0
5503,2007,981.0
5503,2008,1018.0
5503,2009,921.0
5503,2010,979.0
5503,2011,906.0
5503,2012,925.0
5503,2013,1213.0
5504,1961,1657.0
5504,1962,1960.0
5504,1963,1586.0
5504,1964,1638.0
5504,1965,1893.0
5504,1966,2087.0
5504,1967,2199.0
5504,1968,2247.0
5504,1969,2108.0
5504,1970,2256.0
5504,1971,2243.0
5504,1972,2297.0
5504,1973,2341.0
5504,1974,2546.0
5504,1975,2378.0
5504,1976,2426.0
5504,1977,2398.0
5504,1978,2255.0
5504,1979,2505.0
5504,1980,2832.0
5504,1981,3144.0
5504,1982,3425.0
5504,1983,3813.0
5504,1984,5355.0
5504,1985,5796.0
5504,1986,6088.0
5504,1987,6233.0
5504,1988,7046.0
5504,1989,7159.0
5504,1990,6466.0
5504,1991,6163.0
5504,1992,6320.0
5504,1993,6634.0
5504,1994,6314.0
5504,1995,6406.0
5504,1996,6466.0
5504,1997,6314.0
5504,1998,6595.0
5504,1999,6475.0
5504,2000,6902.0
5504,2001,6971.0
5504,2002,7223.0
5504,2003,7451.0
5504,2004,7079.0
5504,2005,7086.0
5504,2006,7171.0
5504,2007,7003.0
5504,2008,7538.0
5504,2009,7642.0
5504,2010,7714.0
5504,2011,7821.0
5504,2012,8109.0
5504,2013,8562.0
5706,1961,9199702.0
5706,1962,9400499.0
5706,1963,9369738.0
5706,1964,9843825.0
5706,1965,10485612.0
5706,1966,10506692.0
5706,1967,10856554.0
5706,1968,11394934.0
5706,1969,11357100.0
5706,1970,11798443.0
5706,1971,12651461.0
5706,1972,13381659.0
5706,1973,13529613.0
5706,1974,14170431.0
5706,1975,14480741.0
5706,1976,14309936.0
5706,1977,14704510.0
5706,1978,15613990.0
5706,1979,16344608.0
5706,1980,16731774.0
5706,1981,16674307.0
5706,1982,16662912.0
5706,1983,16943153.0
5706,1984,17076806.0
5706,1985,17254298.0
5706,1986,17605707.0
5706,1987,18094966.0
5706,1988,18602625.0
5706,1989,18506798.0
5706,1990,18411980.0
5706,1991,18226316.0
5706,1992,18718822.0
5706,1993,19938171.0
5706,1994,19399409.0
5706,1995,19334347.0
5706,1996,19724355.0
5706,1997,19203921.0
5706,1998,20491681.0
5706,1999,20394220.0
5706,2000,20148577.0
5706,2001,20063670.0
5706,2002,20165315.0
5706,2003,20532210.0
5706,2004,19949589.0
5706,2005,20243100.0
5706,2006,20431148.0
5706,2007,20824259.0
5706,2008,20555339.0
5706,2009,20353527.0
5706,2010,20557730.0
5706,2011,20370974.0
5706,2012,20100588.0
5706,2013,19877550.0
5801,1961,133405.0
5801,1962,138232.0
5801,1963,149494.0
5801,1964,164818.0
5801,1965,175468.0
5801,1966,189049.0
5801,1967,204982.0
5801,1968,207268.0
5801,1969,222584.0
5801,1970,232941.0
5801,1971,242047.0
5801,1972,247356.0
5801,1973,246053.0
5801,1974,236642.0
5801,1975,237467.0
5801,1976,237935.0
5801,1977,238533.0
5801,1978,248291.0
5801,1979,253448.0
5801,1980,264593.0
5801,1981,275533.0
5801,1982,295057.0
5801,1983,310001.0
5801,1984,335734.0
5801,1985,344636.0
5801,1986,356909.0
5801,1987,382280.0
5801,1988,393933.0
5801,1989,420312.0
5801,1990,414118.0
5801,1991,425661.0
5801,1992,465400.0
5801,1993,480874.0
5801,1994,522290.0
5801,1995,649603.0
5801,1996,681563.0
5801,1997,713685.0
5801,1998,703774.0
5801,1999,709604.0
5801,2000,704554.0
5801,2001,731325.0
5801,2002,803786.0
5801,2003,842497.0
5801,2004,916232.0
5801,2005,1027548.0
5801,2006,1082739.0
5801,2007,1185785.0
5801,2008,1285098.0
5801,2009,1367523.0
5801,2010,1416364.0
5801,2011,1522634.0
5801,2012,1563945.0
5801,2013,1631433.0
5802,1961,76051.0
5802,1962,77993.0
5802,1963,81919.0
5802,1964,89028.0
5802,1965,93685.0
5802,1966,98578.0
5802,1967,105793.0
5802,1968,111387.0
5802,1969,114462.0
5802,1970,119081.0
5802,1971,121392.0
5802,1972,128320.0
5802,1973,133387.0
5802,1974,137455.0
5802,1975,146482.0
5802,1976,157283.0
5802,1977,165060.0
5802,1978,175102.0
5802,1979,184527.0
5802,1980,204587.0
5802,1981,220587.0
5802,1982,230061.0
5802,1983,246056.0
5802,1984,237895.0
5802,1985,239329.0
5802,1986,249840.0
5802,1987,272329.0
5802,1988,277023.0
5802,1989,299294.0
5802,1990,338663.0
5802,1991,341814.0
5802,1992,780988.0
5802,1993,696347.0
5802,1994,694879.0
5802,1995,662980.0
5802,1996,646940.0
5802,1997,626555.0
5802,1998,661805.0
5802,1999,669879.0
5802,2000,721157.0
5802,2001,783471.0
5802,2002,801271.0
5802,2003,823024.0
5802,2004,855422.0
5802,2005,890233.0
5802,2006,954846.0
5802,2007,994774.0
5802,2008,1021014.0
5802,2009,993033.0
5802,2010,996503.0
5802,2011,1074322.0
5802,2012,1022983.0
5802,2013,1071599.0
5803,1961,96005.0
5803,1962,99387.0
5803,1963,102083.0
5803,1964,106302.0
5803,1965,107767.0
5803,1966,111992.0
5803,1967,111834.0
5803,1968,114093.0
5803,1969,114436.0
5803,1970,120962.0
5803,1971,132840.0
5803,1972,138334.0
5803,1973,144157.0
5803,1974,138652.0
5803,1975,135825.0
5803,1976,147318.0
5803,1977,184278.0
5803,1978,157703.0
5803,1979,155389.0
5803,1980,143929.0
5803,1981,137631.0
5803,1982,141150.0
5803,1983,145781.0
5803,1984,156609.0
5803,1985,173276.0
5803,1986,179120.0
5803,1987,188403.0
5803,1988,186795.0
5803,1989,195021.0
5803,1990,207038.0
5803,1991,215667.0
5803,1992,221930.0
5803,1993,264187.0
5803,1994,273200.0
5803,1995,268407.0
5803,1996,275408.0
5803,1997,260485.0
5803,1998,272806.0
5803,1999,295197.0
5803,2000,297594.0
5803,2001,296358.0
5803,2002,313346.0
5803,2003,315066.0
5803,2004,313644.0
5803,2005,350669.0
5803,2006,384168.0
5803,2007,465467.0
5803,2008,483653.0
5803,2009,475580.0
5803,2010,485124.0
5803,2011,493371.0
5803,2012,456752.0
5803,2013,495009.0
5815,1961,324122.0
5815,1962,325004.0
5815,1963,330049.0
5815,1964,339759.0
5815,1965,342353.0
5815,1966,352812.0
5815,1967,374333.0
5815,1968,393763.0
5815,1969,404574.0
5815,1970,434202.0
5815,1971,468409.0
5815,1972,497574.0
5815,1973,495961.0
5815,1974,523797.0
5815,1975,542443.0
5815,1976,561933.0
5815,1977,589445.0
5815,1978,616746.0
5815,1979,643818.0
5815,1980,653823.0
5815,1981,688472.0
5815,1982,702227.0
5815,1983,724044.0
5815,1984,749245.0
5815,1985,831654.0
5815,1986,875586.0
5815,1987,917014.0
5815,1988,947754.0
5815,1989,1009072.0
5815,1990,1044548.0
5815,1991,1097412.0
5815,1992,1109595.0
5815,1993,1083089.0
5815,1994,1064091.0
5815,1995,1183236.0
5815,1996,1191705.0
5815,1997,1188732.0
5815,1998,1229693.0
5815,1999,1262860.0
5815,2000,1269738.0
5815,2001,1297670.0
5815,2002,1381697.0
5815,2003,1343015.0
5815,2004,1378967.0
5815,2005,1406185.0
5815,2006,1391605.0
5815,2007,1398926.0
5815,2008,1416662.0
5815,2009,1420257.0
5815,2010,1431692.0
5815,2011,1489503.0
5815,2012,1531588.0
5815,2013,1599310.0
5817,1961,299452.0
5817,1962,312042.0
5817,1963,328077.0
5817,1964,351267.0
5817,1965,354150.0
5817,1966,369763.0
5817,1967,386533.0
5817,1968,395663.0
5817,1969,420181.0
5817,1970,433141.0
5817,1971,456667.0
5817,1972,473407.0
5817,1973,501044.0
5817,1974,480078.0
5817,1975,488606.0
5817,1976,506910.0
5817,1977,549781.0
5817,1978,539171.0
5817,1979,539194.0
5817,1980,541233.0
5817,1981,561785.0
5817,1982,571463.0
5817,1983,595283.0
5817,1984,633152.0
5817,1985,667215.0
5817,1986,706671.0
5817,1987,746542.0
5817,1988,781842.0
5817,1989,810147.0
5817,1990,781485.0
5817,1991,804588.0
5817,1992,868746.0
5817,1993,924960.0
5817,1994,964792.0
5817,1995,1107134.0
5817,1996,1143817.0
5817,1997,1152888.0
5817,1998,1135547.0
5817,1999,1190301.0
5817,2000,1186157.0
5817,2001,1197083.0
5817,2002,1274201.0
5817,2003,1322158.0
5817,2004,1436528.0
5817,2005,1587364.0
5817,2006,1730285.0
5817,2007,1969197.0
5817,2008,2109634.0
5817,2009,2150544.0
5817,2010,2237602.0
5817,2011,2363515.0
5817,2012,2337593.0
5817,2013,2487966.0
