geo,year,fruits_excluding_wine_food_supply_quantity_g_capita_day_fce
2,1961,112.68
2,1962,104.1
2,1963,104.8
2,1964,131.28
2,1965,133.41
2,1966,126.73
2,1967,149.88
2,1968,153.26
2,1969,151.57
2,1970,139.82
2,1971,101.56
2,1972,123.77
2,1973,132.49
2,1974,126.14
2,1975,124.72
2,1976,113.93
2,1977,67.57
2,1978,89.49
2,1979,78.22
2,1980,87.63
2,1981,70.96
2,1982,71.08
2,1983,69.32
2,1984,75.68
2,1985,77.7
2,1986,79.03
2,1987,79.08
2,1988,94.3
2,1989,89.76
2,1990,99.17
2,1991,107.04
2,1992,89.96
2,1993,86.56
2,1994,82.76
2,1995,79.85
2,1996,76.1
2,1997,76.18
2,1998,76.29
2,1999,70.17
2,2000,67.78
2,2001,76.41
2,2002,70.38
2,2003,57.16
2,2004,59.2
2,2005,59.72
2,2006,60.93
2,2007,55.45
2,2008,50.85
2,2009,56.59
2,2010,69.51
2,2011,71.75
2,2012,92.08
2,2013,93.29
3,1961,156.56
3,1962,136.6
3,1963,87.4
3,1964,112.92
3,1965,106.74
3,1966,136.27
3,1967,112.93
3,1968,127.34
3,1969,127.49
3,1970,121.7
3,1971,109.68
3,1972,109.67
3,1973,117.15
3,1974,113.42
3,1975,122.25
3,1976,129.73
3,1977,119.71
3,1978,126.84
3,1979,117.4
3,1980,112.24
3,1981,110.76
3,1982,136.86
3,1983,130.11
3,1984,110.78
3,1985,108.83
3,1986,105.66
3,1987,99.72
3,1988,97.68
3,1989,112.68
3,1990,87.57
3,1991,72.19
3,1992,53.65
3,1993,95.54
3,1994,105.51
3,1995,110.46
3,1996,126.15
3,1997,113.17
3,1998,131.6
3,1999,157.91
3,2000,193.25
3,2001,228.99
3,2002,239.28
3,2003,252.08
3,2004,258.49
3,2005,281.9
3,2006,303.62
3,2007,325.56
3,2008,325.93
3,2009,344.04
3,2010,362.48
3,2011,366.0
3,2012,382.88
3,2013,389.05
4,1961,86.75
4,1962,75.41
4,1963,75.33
4,1964,102.32
4,1965,87.73
4,1966,83.48
4,1967,94.01
4,1968,93.33
4,1969,97.61
4,1970,109.01
4,1971,113.93
4,1972,115.88
4,1973,111.03
4,1974,123.4
4,1975,128.53
4,1976,120.14
4,1977,107.07
4,1978,94.53
4,1979,114.19
4,1980,113.09
4,1981,107.2
4,1982,107.71
4,1983,93.28
4,1984,108.39
4,1985,118.86
4,1986,117.61
4,1987,98.61
4,1988,100.51
4,1989,99.98
4,1990,91.35
4,1991,100.76
4,1992,107.44
4,1993,102.52
4,1994,95.65
4,1995,98.32
4,1996,107.28
4,1997,96.3
4,1998,105.24
4,1999,119.54
4,2000,112.13
4,2001,129.49
4,2002,156.35
4,2003,169.27
4,2004,170.06
4,2005,188.32
4,2006,206.03
4,2007,182.98
4,2008,208.81
4,2009,239.89
4,2010,247.43
4,2011,280.35
4,2012,289.94
4,2013,312.84
7,1961,132.99
7,1962,135.8
7,1963,140.8
7,1964,141.35
7,1965,142.38
7,1966,139.23
7,1967,139.43
7,1968,135.13
7,1969,146.42
7,1970,156.48
7,1971,149.36
7,1972,121.93
7,1973,133.18
7,1974,142.92
7,1975,120.75
7,1976,134.35
7,1977,125.44
7,1978,126.35
7,1979,123.67
7,1980,132.84
7,1981,125.67
7,1982,121.25
7,1983,119.21
7,1984,113.04
7,1985,106.64
7,1986,107.18
7,1987,107.81
7,1988,105.18
7,1989,100.15
7,1990,94.63
7,1991,96.16
7,1992,94.52
7,1993,89.6
7,1994,88.29
7,1995,88.32
7,1996,88.41
7,1997,85.48
7,1998,85.69
7,1999,75.79
7,2000,77.36
7,2001,83.9
7,2002,102.29
7,2003,122.61
7,2004,134.6
7,2005,152.91
7,2006,161.19
7,2007,172.13
7,2008,177.33
7,2009,218.89
7,2010,223.51
7,2011,216.05
7,2012,215.08
7,2013,247.5
8,1961,294.52
8,1962,300.92
8,1963,287.12
8,1964,297.99
8,1965,289.98
8,1966,357.45
8,1967,339.85
8,1968,355.65
8,1969,341.52
8,1970,376.11
8,1971,341.28
8,1972,309.88
8,1973,275.64
8,1974,280.94
8,1975,299.69
8,1976,287.63
8,1977,272.45
8,1978,294.44
8,1979,315.2
8,1980,388.38
8,1981,372.8
8,1982,378.28
8,1983,360.92
8,1984,429.63
8,1985,419.78
8,1986,431.84
8,1987,459.08
8,1988,484.54
8,1989,392.1
8,1990,403.89
8,1991,396.01
8,1992,497.65
8,1993,563.97
8,1994,508.66
8,1995,411.37
8,1996,455.0
8,1997,383.7
8,1998,337.58
8,1999,429.1
8,2000,451.81
8,2001,422.75
8,2002,405.89
8,2003,415.77
8,2004,428.19
8,2005,522.83
8,2006,513.88
8,2007,619.67
8,2008,528.63
8,2009,532.24
8,2010,500.97
8,2011,476.1
8,2012,413.43
8,2013,432.26
9,1961,211.04
9,1962,198.45
9,1963,191.1
9,1964,199.51
9,1965,188.68
9,1966,203.28
9,1967,213.92
9,1968,215.27
9,1969,251.31
9,1970,270.17
9,1971,276.32
9,1972,252.93
9,1973,231.53
9,1974,311.26
9,1975,275.01
9,1976,240.01
9,1977,256.84
9,1978,219.51
9,1979,249.37
9,1980,275.87
9,1981,252.15
9,1982,222.02
9,1983,228.19
9,1984,215.26
9,1985,227.45
9,1986,205.65
9,1987,226.61
9,1988,209.66
9,1989,171.68
9,1990,172.22
9,1991,227.81
9,1992,241.57
9,1993,248.6
9,1994,272.51
9,1995,258.62
9,1996,247.52
9,1997,289.38
9,1998,274.5
9,1999,267.44
9,2000,299.99
9,2001,319.73
9,2002,233.92
9,2003,230.51
9,2004,231.96
9,2005,211.11
9,2006,213.31
9,2007,180.56
9,2008,206.41
9,2009,205.82
9,2010,204.51
9,2011,250.24
9,2012,220.48
9,2013,209.37
1,1992,167.77
1,1993,101.29
1,1994,148.93
1,1995,177.55
1,1996,185.64
1,1997,141.96
1,1998,143.58
1,1999,112.77
1,2000,132.26
1,2001,133.18
1,2002,118.16
1,2003,110.37
1,2004,128.56
1,2005,275.2
1,2006,265.07
1,2007,248.98
1,2008,306.66
1,2009,327.28
1,2010,192.95
1,2011,225.53
1,2012,322.23
1,2013,303.76
10,1961,212.89
10,1962,211.59
10,1963,228.1
10,1964,218.59
10,1965,227.72
10,1966,211.05
10,1967,226.54
10,1968,225.07
10,1969,234.59
10,1970,242.43
10,1971,255.51
10,1972,245.17
10,1973,237.15
10,1974,212.51
10,1975,246.59
10,1976,235.85
10,1977,223.12
10,1978,209.69
10,1979,230.48
10,1980,245.37
10,1981,229.24
10,1982,219.24
10,1983,227.95
10,1984,236.71
10,1985,255.5
10,1986,243.83
10,1987,245.41
10,1988,234.01
10,1989,246.4
10,1990,247.7
10,1991,228.42
10,1992,240.4
10,1993,259.36
10,1994,248.14
10,1995,231.99
10,1996,224.8
10,1997,247.31
10,1998,237.2
10,1999,240.6
10,2000,249.22
10,2001,264.49
10,2002,261.12
10,2003,282.11
10,2004,277.02
10,2005,296.05
10,2006,276.01
10,2007,288.21
10,2008,278.44
10,2009,270.47
10,2010,274.06
10,2011,260.1
10,2012,250.6
10,2013,241.53
11,1961,367.01
11,1962,327.47
11,1963,346.52
11,1964,347.47
11,1965,278.07
11,1966,324.01
11,1967,308.32
11,1968,312.19
11,1969,311.68
11,1970,313.22
11,1971,298.87
11,1972,271.0
11,1973,330.39
11,1974,291.7
11,1975,313.6
11,1976,328.61
11,1977,305.8
11,1978,309.22
11,1979,341.68
11,1980,335.24
11,1981,281.44
11,1982,359.86
11,1983,338.48
11,1984,342.12
11,1985,315.98
11,1986,365.3
11,1987,335.48
11,1988,385.1
11,1989,406.94
11,1990,379.94
11,1991,384.49
11,1992,400.83
11,1993,452.76
11,1994,418.99
11,1995,328.83
11,1996,272.24
11,1997,327.26
11,1998,250.92
11,1999,309.23
11,2000,348.68
11,2001,355.6
11,2002,329.61
11,2003,384.47
11,2004,386.62
11,2005,393.76
11,2006,394.84
11,2007,410.14
11,2008,429.41
11,2009,357.55
11,2010,358.19
11,2011,426.86
11,2012,428.55
11,2013,422.21
52,1992,241.71
52,1993,204.43
52,1994,215.93
52,1995,225.08
52,1996,198.59
52,1997,123.45
52,1998,162.43
52,1999,169.39
52,2000,159.31
52,2001,163.06
52,2002,152.27
52,2003,143.67
52,2004,112.82
52,2005,155.52
52,2006,168.98
52,2007,148.27
52,2008,152.67
52,2009,173.81
52,2010,178.44
52,2011,191.57
52,2012,213.53
52,2013,205.29
12,1961,201.18
12,1962,198.01
12,1963,206.19
12,1964,203.12
12,1965,211.31
12,1966,225.28
12,1967,223.73
12,1968,240.96
12,1969,250.7
12,1970,255.22
12,1971,270.44
12,1972,261.06
12,1973,251.97
12,1974,250.12
12,1975,243.68
12,1976,252.13
12,1977,243.28
12,1978,246.82
12,1979,241.87
12,1980,291.35
12,1981,285.94
12,1982,325.12
12,1983,313.19
12,1984,313.87
12,1985,300.69
12,1986,339.57
12,1987,439.58
12,1988,392.61
12,1989,377.09
12,1990,331.62
12,1991,298.76
12,1992,319.09
12,1993,301.1
12,1994,276.56
12,1995,301.65
12,1996,300.64
12,1997,551.5
12,1998,598.5
12,1999,731.55
12,2000,820.33
12,2001,735.9
12,2002,677.6
12,2003,586.72
12,2004,891.73
12,2005,842.85
12,2006,650.94
12,2007,563.03
12,2008,635.47
12,2009,622.5
12,2010,715.28
12,2011,721.26
12,2012,798.93
12,2013,764.08
16,1961,57.56
16,1962,59.7
16,1963,58.19
16,1964,62.04
16,1965,61.0
16,1966,65.15
16,1967,67.31
16,1968,68.97
16,1969,62.09
16,1970,52.39
16,1971,51.26
16,1972,48.12
16,1973,47.18
16,1974,44.88
16,1975,43.92
16,1976,43.59
16,1977,42.49
16,1978,40.43
16,1979,38.84
16,1980,39.51
16,1981,39.78
16,1982,38.83
16,1983,37.07
16,1984,35.66
16,1985,35.29
16,1986,36.13
16,1987,34.22
16,1988,31.65
16,1989,31.84
16,1990,31.55
16,1991,30.3
16,1992,30.35
16,1993,29.78
16,1994,29.75
16,1995,30.53
16,1996,29.72
16,1997,30.08
16,1998,29.13
16,1999,27.46
16,2000,27.67
16,2001,28.97
16,2002,28.55
16,2003,30.9
16,2004,36.39
16,2005,53.34
16,2006,56.39
16,2007,62.48
16,2008,64.2
16,2009,65.85
16,2010,69.99
16,2011,64.51
16,2012,63.0
16,2013,63.93
14,1961,105.66
14,1962,105.01
14,1963,104.15
14,1964,110.82
14,1965,106.82
14,1966,133.32
14,1967,146.51
14,1968,148.03
14,1969,129.59
14,1970,169.51
14,1971,157.88
14,1972,178.49
14,1973,124.4
14,1974,118.05
14,1975,137.94
14,1976,144.97
14,1977,133.71
14,1978,160.19
14,1979,149.83
14,1980,175.39
14,1981,188.55
14,1982,173.8
14,1983,152.13
14,1984,163.06
14,1985,210.78
14,1986,205.71
14,1987,231.05
14,1988,252.57
14,1989,208.06
14,1990,189.43
14,1991,247.67
14,1992,190.78
14,1993,204.51
14,1994,216.64
14,1995,225.84
14,1996,205.27
14,1997,240.77
14,1998,219.03
14,1999,278.17
14,2000,235.48
14,2001,274.31
14,2002,319.18
14,2003,324.35
14,2004,256.57
14,2005,317.57
14,2006,319.64
14,2007,343.43
14,2008,353.76
14,2009,333.48
14,2010,339.0
14,2011,312.02
14,2012,279.01
14,2013,263.61
57,1992,105.1
57,1993,123.36
57,1994,109.27
57,1995,114.03
57,1996,109.72
57,1997,106.33
57,1998,54.64
57,1999,68.66
57,2000,71.9
57,2001,94.25
57,2002,149.22
57,2003,140.8
57,2004,144.38
57,2005,146.38
57,2006,183.79
57,2007,183.15
57,2008,184.12
57,2009,182.41
57,2010,188.65
57,2011,169.82
57,2012,196.21
57,2013,196.7
255,2000,199.43
255,2001,192.44
255,2002,193.99
255,2003,203.82
255,2004,237.56
255,2005,191.59
255,2006,238.86
255,2007,230.41
255,2008,247.54
255,2009,213.89
255,2010,193.58
255,2011,163.76
255,2012,169.0
255,2013,195.54
15,1961,159.76
15,1962,158.94
15,1963,151.63
15,1964,168.14
15,1965,171.97
15,1966,188.71
15,1967,200.72
15,1968,187.28
15,1969,215.05
15,1970,224.2
15,1971,225.58
15,1972,217.39
15,1973,206.29
15,1974,187.22
15,1975,188.63
15,1976,199.31
15,1977,171.81
15,1978,215.22
15,1979,222.62
15,1980,231.18
15,1981,198.43
15,1982,222.75
15,1983,247.64
15,1984,239.06
15,1985,199.91
15,1986,236.96
15,1987,249.84
15,1988,306.62
15,1989,309.12
15,1990,336.79
15,1991,375.61
15,1992,451.56
15,1993,291.47
15,1994,363.82
15,1995,314.12
15,1996,386.71
15,1997,310.46
15,1998,316.5
15,1999,314.91
23,1961,247.71
23,1962,370.97
23,1963,353.83
23,1964,341.33
23,1965,333.92
23,1966,228.35
23,1967,213.13
23,1968,170.14
23,1969,170.03
23,1970,137.75
23,1971,266.43
23,1972,275.63
23,1973,348.0
23,1974,283.08
23,1975,390.37
23,1976,215.22
23,1977,191.21
23,1978,230.89
23,1979,178.74
23,1980,495.25
23,1981,585.34
23,1982,578.06
23,1983,150.77
23,1984,361.39
23,1985,363.66
23,1986,417.02
23,1987,628.58
23,1988,557.03
23,1989,581.46
23,1990,729.45
23,1991,630.69
23,1992,826.92
23,1993,749.84
23,1994,606.92
23,1995,686.14
23,1996,615.79
23,1997,631.43
23,1998,628.77
23,1999,677.92
23,2000,665.48
23,2001,733.33
23,2002,669.61
23,2003,683.38
23,2004,604.24
23,2005,694.37
23,2006,674.46
23,2007,731.57
23,2008,788.89
23,2009,655.53
23,2010,680.96
23,2011,548.73
23,2012,566.01
23,2013,466.62
53,1961,118.35
53,1962,115.84
53,1963,113.7
53,1964,111.31
53,1965,107.97
53,1966,105.13
53,1967,104.61
53,1968,103.83
53,1969,104.46
53,1970,103.53
53,1971,101.73
53,1972,100.87
53,1973,100.05
53,1974,100.18
53,1975,99.63
53,1976,98.68
53,1977,98.54
53,1978,97.36
53,1979,95.9
53,1980,95.0
53,1981,93.68
53,1982,93.84
53,1983,93.09
53,1984,93.49
53,1985,90.25
53,1986,88.2
53,1987,86.3
53,1988,88.42
53,1989,92.24
53,1990,89.55
53,1991,87.39
53,1992,85.21
53,1993,83.55
53,1994,82.17
53,1995,81.09
53,1996,97.27
53,1997,82.19
53,1998,64.67
53,1999,83.08
53,2000,60.36
53,2001,64.26
53,2002,73.52
53,2003,80.97
53,2004,78.74
53,2005,82.59
53,2006,68.94
53,2007,85.7
53,2008,86.52
53,2009,110.65
53,2010,122.52
53,2011,116.42
53,2012,145.34
53,2013,135.95
17,1961,336.48
17,1962,327.75
17,1963,366.1
17,1964,372.23
17,1965,373.94
17,1966,340.3
17,1967,368.16
17,1968,407.82
17,1969,381.56
17,1970,419.02
17,1971,390.06
17,1972,466.26
17,1973,471.23
17,1974,396.33
17,1975,391.96
17,1976,346.66
17,1977,311.41
17,1978,314.55
17,1979,316.63
17,1980,312.37
17,1981,314.29
17,1982,325.44
17,1983,350.88
17,1984,359.73
17,1985,373.24
17,1986,365.21
17,1987,343.56
17,1988,350.31
17,1989,364.66
17,1990,422.76
17,1991,378.79
17,1992,528.37
17,1993,534.43
17,1994,583.22
17,1995,692.5
17,1996,641.96
17,1997,548.56
17,1998,553.03
17,1999,531.94
17,2000,496.46
17,2001,376.19
17,2002,310.22
17,2003,262.16
17,2004,262.84
17,2005,243.79
17,2006,259.88
17,2007,249.63
17,2008,248.36
17,2009,265.06
17,2010,221.72
17,2011,167.41
17,2012,192.23
17,2013,589.58
19,1961,180.72
19,1962,195.24
19,1963,208.48
19,1964,219.32
19,1965,226.59
19,1966,233.18
19,1967,241.84
19,1968,246.22
19,1969,238.84
19,1970,247.55
19,1971,260.42
19,1972,262.6
19,1973,265.3
19,1974,275.49
19,1975,279.7
19,1976,256.69
19,1977,248.24
19,1978,219.73
19,1979,225.93
19,1980,237.27
19,1981,233.59
19,1982,222.63
19,1983,208.83
19,1984,195.55
19,1985,220.54
19,1986,235.54
19,1987,264.04
19,1988,269.24
19,1989,265.69
19,1990,254.52
19,1991,254.02
19,1992,247.2
19,1993,245.33
19,1994,237.93
19,1995,250.82
19,1996,249.65
19,1997,260.9
19,1998,256.54
19,1999,259.39
19,2000,267.12
19,2001,268.43
19,2002,261.82
19,2003,233.95
19,2004,195.32
19,2005,190.64
19,2006,179.21
19,2007,178.0
19,2008,176.64
19,2009,192.14
19,2010,196.72
19,2011,190.78
19,2012,195.62
19,2013,190.16
80,1992,62.58
80,1993,68.82
80,1994,65.75
80,1995,77.34
80,1996,87.38
80,1997,106.94
80,1998,91.09
80,1999,67.47
80,2000,81.1
80,2001,83.99
80,2002,82.08
80,2003,156.12
80,2004,287.27
80,2005,275.01
80,2006,238.35
80,2007,237.74
80,2008,239.17
80,2009,264.94
80,2010,245.36
80,2011,248.86
80,2012,214.72
80,2013,292.49
20,1961,31.78
20,1962,31.48
20,1963,32.01
20,1964,32.33
20,1965,32.26
20,1966,32.57
20,1967,32.03
20,1968,31.42
20,1969,32.04
20,1970,32.13
20,1971,32.83
20,1972,32.77
20,1973,32.3
20,1974,32.44
20,1975,35.47
20,1976,34.05
20,1977,35.05
20,1978,35.52
20,1979,39.42
20,1980,41.63
20,1981,42.45
20,1982,40.86
20,1983,41.59
20,1984,41.94
20,1985,39.26
20,1986,37.23
20,1987,37.75
20,1988,46.05
20,1989,68.28
20,1990,91.73
20,1991,106.65
20,1992,112.42
20,1993,132.08
20,1994,96.24
20,1995,89.77
20,1996,90.62
20,1997,106.41
20,1998,114.6
20,1999,166.52
20,2000,178.31
20,2001,127.52
20,2002,175.06
20,2003,122.83
20,2004,105.31
20,2005,107.65
20,2006,117.63
20,2007,137.32
20,2008,156.43
20,2009,130.75
20,2010,139.86
20,2011,128.94
20,2012,161.35
20,2013,181.11
21,1961,193.27
21,1962,203.31
21,1963,213.67
21,1964,210.91
21,1965,217.51
21,1966,217.55
21,1967,230.28
21,1968,236.38
21,1969,251.43
21,1970,256.33
21,1971,245.77
21,1972,270.75
21,1973,216.02
21,1974,246.58
21,1975,231.37
21,1976,259.07
21,1977,251.09
21,1978,224.65
21,1979,239.14
21,1980,258.23
21,1981,201.02
21,1982,240.65
21,1983,222.01
21,1984,172.77
21,1985,301.56
21,1986,208.97
21,1987,246.86
21,1988,281.75
21,1989,307.54
21,1990,246.83
21,1991,278.08
21,1992,279.94
21,1993,225.82
21,1994,213.44
21,1995,295.38
21,1996,293.55
21,1997,335.76
21,1998,288.31
21,1999,325.11
21,2000,299.86
21,2001,231.86
21,2002,304.85
21,2003,270.65
21,2004,286.32
21,2005,272.28
21,2006,299.63
21,2007,299.43
21,2008,313.79
21,2009,320.86
21,2010,355.08
21,2011,381.38
21,2012,296.51
21,2013,255.31
26,1961,93.6
26,1962,98.42
26,1963,129.34
26,1964,98.8
26,1965,130.78
26,1966,144.8
26,1967,141.25
26,1968,133.14
26,1969,136.92
26,1970,152.8
26,1971,161.2
26,1972,161.74
26,1973,156.01
26,1974,163.1
26,1975,168.6
26,1976,169.21
26,1977,146.87
26,1978,191.21
26,1979,180.39
26,1980,212.88
26,1981,235.18
26,1982,223.12
26,1983,203.46
26,1984,198.42
26,1985,193.37
26,1986,198.5
26,1987,188.84
26,1988,213.12
26,1989,192.64
26,1990,196.41
26,1991,190.85
26,1992,239.13
26,1993,219.13
26,1994,272.5
26,1995,203.68
26,1996,255.78
26,1997,245.98
26,1998,280.6
26,1999,215.33
26,2000,196.62
26,2001,250.58
26,2002,266.72
26,2003,272.89
26,2004,244.65
26,2005,261.01
26,2006,242.25
26,2007,235.74
26,2008,245.7
26,2009,254.92
26,2010,265.75
26,2011,196.62
26,2012,221.66
26,2013,209.62
27,1961,217.96
27,1962,249.86
27,1963,284.14
27,1964,276.15
27,1965,316.25
27,1966,332.03
27,1967,321.56
27,1968,381.99
27,1969,375.53
27,1970,363.63
27,1971,333.33
27,1972,281.2
27,1973,283.8
27,1974,256.35
27,1975,270.05
27,1976,278.01
27,1977,233.6
27,1978,235.39
27,1979,217.71
27,1980,220.44
27,1981,231.93
27,1982,225.25
27,1983,233.32
27,1984,239.65
27,1985,218.25
27,1986,235.86
27,1987,212.74
27,1988,207.0
27,1989,218.05
27,1990,223.52
27,1991,188.0
27,1992,196.38
27,1993,149.85
27,1994,148.17
27,1995,184.37
27,1996,167.54
27,1997,150.08
27,1998,126.42
27,1999,135.45
27,2000,141.31
27,2001,138.95
27,2002,121.37
27,2003,103.81
27,2004,113.4
27,2005,89.73
27,2006,92.01
27,2007,136.17
27,2008,94.0
27,2009,99.88
27,2010,98.16
27,2011,127.22
27,2012,155.75
27,2013,192.96
233,1961,15.37
233,1962,15.42
233,1963,16.23
233,1964,15.45
233,1965,15.56
233,1966,16.25
233,1967,16.76
233,1968,17.55
233,1969,18.12
233,1970,18.74
233,1971,19.45
233,1972,18.6
233,1973,17.4
233,1974,15.67
233,1975,16.3
233,1976,16.79
233,1977,17.64
233,1978,18.78
233,1979,20.76
233,1980,20.7
233,1981,21.13
233,1982,21.27
233,1983,21.78
233,1984,20.58
233,1985,20.55
233,1986,20.44
233,1987,20.02
233,1988,19.87
233,1989,19.32
233,1990,19.19
233,1991,19.11
233,1992,19.0
233,1993,19.05
233,1994,18.96
233,1995,19.09
233,1996,19.67
233,1997,20.62
233,1998,20.62
233,1999,22.13
233,2000,21.4
233,2001,19.17
233,2002,19.37
233,2003,15.3
233,2004,16.43
233,2005,17.19
233,2006,13.55
233,2007,15.11
233,2008,15.12
233,2009,15.55
233,2010,16.75
233,2011,17.26
233,2012,17.08
233,2013,17.54
35,1961,87.24
35,1962,84.48
35,1963,73.7
35,1964,85.76
35,1965,97.47
35,1966,71.82
35,1967,79.01
35,1968,69.08
35,1969,87.41
35,1970,77.82
35,1971,63.77
35,1972,60.68
35,1973,72.71
35,1974,69.39
35,1975,70.9
35,1976,75.57
35,1977,98.11
35,1978,115.73
35,1979,106.38
35,1980,99.09
35,1981,88.9
35,1982,63.78
35,1983,69.46
35,1984,82.21
35,1985,87.6
35,1986,75.07
35,1987,88.49
35,1988,89.29
35,1989,91.61
35,1990,89.2
35,1991,94.02
35,1992,113.15
35,1993,128.73
35,1994,122.23
35,1995,142.75
35,1996,130.01
35,1997,124.94
35,1998,135.71
35,1999,134.14
35,2000,124.35
35,2001,124.64
35,2002,140.4
35,2003,147.89
35,2004,161.87
35,2005,128.15
35,2006,181.53
35,2007,176.27
35,2008,198.9
35,2009,227.44
35,2010,224.08
35,2011,228.99
35,2012,225.64
35,2013,219.68
115,1961,110.61
115,1962,87.41
115,1963,112.84
115,1964,119.81
115,1965,104.25
115,1966,102.4
115,1967,100.37
115,1968,87.52
115,1969,86.96
115,1970,91.36
115,1971,63.17
115,1972,58.45
115,1973,60.66
115,1974,61.6
115,1975,57.64
115,1976,60.01
115,1977,62.31
115,1978,54.08
115,1979,43.91
115,1980,46.36
115,1981,50.52
115,1982,54.72
115,1983,59.1
115,1984,59.33
115,1985,62.35
115,1986,65.07
115,1987,66.31
115,1988,66.72
115,1989,66.52
115,1990,66.82
115,1991,67.14
115,1992,65.19
115,1993,65.45
115,1994,65.54
115,1995,65.94
115,1996,70.36
115,1997,71.78
115,1998,70.99
115,1999,69.76
115,2000,68.39
115,2001,67.47
115,2002,69.79
115,2003,66.16
115,2004,65.58
115,2005,71.16
115,2006,74.95
115,2007,74.17
115,2008,78.04
115,2009,77.12
115,2010,74.91
115,2011,70.34
115,2012,71.96
115,2013,71.91
32,1961,191.01
32,1962,231.38
32,1963,236.2
32,1964,312.16
32,1965,195.47
32,1966,236.39
32,1967,280.04
32,1968,283.32
32,1969,231.01
32,1970,254.15
32,1971,267.07
32,1972,274.37
32,1973,291.2
32,1974,328.68
32,1975,295.99
32,1976,276.49
32,1977,300.72
32,1978,362.68
32,1979,355.2
32,1980,362.58
32,1981,371.13
32,1982,372.43
32,1983,410.98
32,1984,363.28
32,1985,403.56
32,1986,402.82
32,1987,311.74
32,1988,286.38
32,1989,313.13
32,1990,286.44
32,1991,299.0
32,1992,312.2
32,1993,320.74
32,1994,326.1
32,1995,323.62
32,1996,326.23
32,1997,286.41
32,1998,279.87
32,1999,226.44
32,2000,210.44
32,2001,206.32
32,2002,218.64
32,2003,213.76
32,2004,221.93
32,2005,249.36
32,2006,253.18
32,2007,254.23
32,2008,254.12
32,2009,269.68
32,2010,279.98
32,2011,281.04
32,2012,295.92
32,2013,307.54
33,1961,261.68
33,1962,262.64
33,1963,251.44
33,1964,239.94
33,1965,241.43
33,1966,229.37
33,1967,234.98
33,1968,228.5
33,1969,238.18
33,1970,231.91
33,1971,239.09
33,1972,237.17
33,1973,249.17
33,1974,256.74
33,1975,279.67
33,1976,294.49
33,1977,289.01
33,1978,300.55
33,1979,318.7
33,1980,319.41
33,1981,329.82
33,1982,315.1
33,1983,314.65
33,1984,318.5
33,1985,311.24
33,1986,309.73
33,1987,332.27
33,1988,301.35
33,1989,320.28
33,1990,306.51
33,1991,294.68
33,1992,306.8
33,1993,307.47
33,1994,328.37
33,1995,329.19
33,1996,326.59
33,1997,339.2
33,1998,341.27
33,1999,352.49
33,2000,345.25
33,2001,340.08
33,2002,340.58
33,2003,326.55
33,2004,330.28
33,2005,354.11
33,2006,361.35
33,2007,391.03
33,2008,363.71
33,2009,367.19
33,2010,365.28
33,2011,352.32
33,2012,344.57
33,2013,371.66
37,1961,132.16
37,1962,132.96
37,1963,135.27
37,1964,138.19
37,1965,138.58
37,1966,135.79
37,1967,133.66
37,1968,131.57
37,1969,130.91
37,1970,135.58
37,1971,137.67
37,1972,139.58
37,1973,141.75
37,1974,143.54
37,1975,144.81
37,1976,145.76
37,1977,147.17
37,1978,147.83
37,1979,147.95
37,1980,145.92
37,1981,144.45
37,1982,141.09
37,1983,139.77
37,1984,139.34
37,1985,136.96
37,1986,136.57
37,1987,137.72
37,1988,138.63
37,1989,140.0
37,1990,138.99
37,1991,138.74
37,1992,137.8
37,1993,138.45
37,1994,139.19
37,1995,137.54
37,1996,140.24
37,1997,144.34
37,1998,146.08
37,1999,136.61
37,2000,144.62
37,2001,143.27
37,2002,135.96
37,2003,128.43
37,2004,130.82
37,2005,126.77
37,2006,128.22
37,2007,127.75
37,2008,128.78
37,2009,127.93
37,2010,128.12
37,2011,129.38
37,2012,130.54
37,2013,127.2
39,1961,43.34
39,1962,47.0
39,1963,45.88
39,1964,47.5
39,1965,50.24
39,1966,53.98
39,1967,53.8
39,1968,55.68
39,1969,55.44
39,1970,55.68
39,1971,55.75
39,1972,54.97
39,1973,50.0
39,1974,52.31
39,1975,51.76
39,1976,51.67
39,1977,50.09
39,1978,50.83
39,1979,50.94
39,1980,49.42
39,1981,50.47
39,1982,51.41
39,1983,53.86
39,1984,49.09
39,1985,50.96
39,1986,49.5
39,1987,48.1
39,1988,47.29
39,1989,45.78
39,1990,43.36
39,1991,44.96
39,1992,44.99
39,1993,41.92
39,1994,41.71
39,1995,30.45
39,1996,29.37
39,1997,34.58
39,1998,32.89
39,1999,29.72
39,2000,28.77
39,2001,27.98
39,2002,27.44
39,2003,27.07
39,2004,26.6
39,2005,26.05
39,2006,27.43
39,2007,28.02
39,2008,27.5
39,2009,25.2
39,2010,24.48
39,2011,24.35
39,2012,24.3
39,2013,23.3
40,1961,100.2
40,1962,103.55
40,1963,101.03
40,1964,101.28
40,1965,104.57
40,1966,108.26
40,1967,118.43
40,1968,123.15
40,1969,133.52
40,1970,125.4
40,1971,127.63
40,1972,120.47
40,1973,112.29
40,1974,124.81
40,1975,112.29
40,1976,93.06
40,1977,97.05
40,1978,97.05
40,1979,114.88
40,1980,101.8
40,1981,113.02
40,1982,125.22
40,1983,119.53
40,1984,114.83
40,1985,114.83
40,1986,100.79
40,1987,103.26
40,1988,104.91
40,1989,130.0
40,1990,133.82
40,1991,116.86
40,1992,131.32
40,1993,163.25
40,1994,162.77
40,1995,164.37
40,1996,182.59
40,1997,151.89
40,1998,144.97
40,1999,145.68
40,2000,151.03
40,2001,126.17
40,2002,160.91
40,2003,151.56
40,2004,156.98
40,2005,157.97
40,2006,153.87
40,2007,161.12
40,2008,166.94
40,2009,172.66
40,2010,179.49
40,2011,148.37
40,2012,157.35
40,2013,175.12
351,1961,11.7
351,1962,11.4
351,1963,11.76
351,1964,12.05
351,1965,12.71
351,1966,13.21
351,1967,13.96
351,1968,14.36
351,1969,13.99
351,1970,13.83
351,1971,13.57
351,1972,15.05
351,1973,17.26
351,1974,17.35
351,1975,17.14
351,1976,17.36
351,1977,17.52
351,1978,19.31
351,1979,20.48
351,1980,19.96
351,1981,22.42
351,1982,21.52
351,1983,25.54
351,1984,26.12
351,1985,30.01
351,1986,33.62
351,1987,40.7
351,1988,40.03
351,1989,43.7
351,1990,43.9
351,1991,49.46
351,1992,53.14
351,1993,65.63
351,1994,74.04
351,1995,86.5
351,1996,94.75
351,1997,102.75
351,1998,105.27
351,1999,120.14
351,2000,119.84
351,2001,128.46
351,2002,132.69
351,2003,142.17
351,2004,155.68
351,2005,161.38
351,2006,171.65
351,2007,179.8
351,2008,188.76
351,2009,201.92
351,2010,213.05
351,2011,231.81
351,2012,251.95
351,2013,258.06
96,1961,88.71
96,1962,94.48
96,1963,102.33
96,1964,106.19
96,1965,124.72
96,1966,133.2
96,1967,139.52
96,1968,152.77
96,1969,163.77
96,1970,182.21
96,1971,191.31
96,1972,194.62
96,1973,195.84
96,1974,191.47
96,1975,200.2
96,1976,189.45
96,1977,201.58
96,1978,225.4
96,1979,194.33
96,1980,208.08
96,1981,203.98
96,1982,195.85
96,1983,202.86
96,1984,192.19
96,1985,204.77
96,1986,214.06
96,1987,218.38
96,1988,206.31
96,1989,205.69
96,1990,209.15
96,1991,206.21
96,1992,227.29
96,1993,244.73
96,1994,245.88
96,1995,251.0
96,1996,235.8
96,1997,265.59
96,1998,250.97
96,1999,238.94
96,2000,235.14
96,2001,242.75
96,2002,244.25
96,2003,239.26
96,2004,209.34
96,2005,224.85
96,2006,260.66
96,2007,249.09
96,2008,224.76
96,2009,212.52
96,2010,209.45
96,2011,217.04
96,2012,217.88
96,2013,218.31
128,1961,49.82
128,1962,49.78
128,1963,73.73
128,1964,52.94
128,1965,59.36
128,1966,62.9
128,1967,50.28
128,1968,59.44
128,1969,58.66
128,1970,64.85
128,1971,74.01
128,1972,81.97
128,1973,78.38
128,1974,76.88
128,1975,68.51
128,1976,93.08
128,1977,86.04
128,1978,90.39
128,1979,89.57
128,1980,102.56
128,1981,125.39
128,1982,141.83
128,1983,128.83
128,1984,130.37
128,1985,125.7
128,1986,140.84
128,1987,138.89
128,1988,124.62
128,1989,142.03
128,1990,162.79
128,1991,176.3
128,1992,177.27
128,1993,168.39
128,1994,168.22
128,1995,159.65
128,1996,165.36
128,1997,148.61
128,1998,143.69
128,1999,118.44
128,2000,122.36
128,2001,128.07
128,2002,122.21
128,2003,131.73
128,2004,186.85
128,2005,149.73
128,2006,181.39
128,2007,251.84
128,2008,185.89
128,2009,160.2
128,2010,147.74
128,2011,172.11
128,2012,188.19
128,2013,189.35
41,1961,10.58
41,1962,10.0
41,1963,10.45
41,1964,10.48
41,1965,10.93
41,1966,11.14
41,1967,11.22
41,1968,11.31
41,1969,11.35
41,1970,10.82
41,1971,10.81
41,1972,12.27
41,1973,14.09
41,1974,13.73
41,1975,13.95
41,1976,13.94
41,1977,14.26
41,1978,16.04
41,1979,17.02
41,1980,16.08
41,1981,18.3
41,1982,17.62
41,1983,21.62
41,1984,22.11
41,1985,25.69
41,1986,29.52
41,1987,35.93
41,1988,34.78
41,1989,38.27
41,1990,38.65
41,1991,44.29
41,1992,48.19
41,1993,60.26
41,1994,68.99
41,1995,81.66
41,1996,90.26
41,1997,97.83
41,1998,101.05
41,1999,115.64
41,2000,115.95
41,2001,124.43
41,2002,128.44
41,2003,138.08
41,2004,152.26
41,2005,158.55
41,2006,168.41
41,2007,177.01
41,2008,186.5
41,2009,200.28
41,2010,211.22
41,2011,230.17
41,2012,251.03
41,2013,257.31
214,1961,56.53
214,1962,69.5
214,1963,60.24
214,1964,73.09
214,1965,79.57
214,1966,93.8
214,1967,130.6
214,1968,144.95
214,1969,118.94
214,1970,135.56
214,1971,119.61
214,1972,122.88
214,1973,148.32
214,1974,175.02
214,1975,148.09
214,1976,162.69
214,1977,149.18
214,1978,143.65
214,1979,162.61
214,1980,180.03
214,1981,196.32
214,1982,184.66
214,1983,189.33
214,1984,198.4
214,1985,217.85
214,1986,209.34
214,1987,256.37
214,1988,288.79
214,1989,306.11
214,1990,296.57
214,1991,301.5
214,1992,288.98
214,1993,325.64
214,1994,317.82
214,1995,320.32
214,1996,314.42
214,1997,340.75
214,1998,306.77
214,1999,346.69
214,2000,311.05
214,2001,327.62
214,2002,345.41
214,2003,349.97
214,2004,337.33
214,2005,306.69
214,2006,332.57
214,2007,319.78
214,2008,310.21
214,2009,295.49
214,2010,323.07
214,2011,333.87
214,2012,318.31
214,2013,316.62
44,1961,251.51
44,1962,250.69
44,1963,245.22
44,1964,245.64
44,1965,242.57
44,1966,240.15
44,1967,256.47
44,1968,241.93
44,1969,251.99
44,1970,260.15
44,1971,242.88
44,1972,246.9
44,1973,258.36
44,1974,248.59
44,1975,261.32
44,1976,257.09
44,1977,251.0
44,1978,259.36
44,1979,261.66
44,1980,261.6
44,1981,256.76
44,1982,220.78
44,1983,239.14
44,1984,214.93
44,1985,218.88
44,1986,228.21
44,1987,242.18
44,1988,244.9
44,1989,259.74
44,1990,216.36
44,1991,232.11
44,1992,292.22
44,1993,274.31
44,1994,263.37
44,1995,295.88
44,1996,258.12
44,1997,268.58
44,1998,233.95
44,1999,298.9
44,2000,324.41
44,2001,330.46
44,2002,334.95
44,2003,328.45
44,2004,334.82
44,2005,331.25
44,2006,369.22
44,2007,366.64
44,2008,363.6
44,2009,336.24
44,2010,355.58
44,2011,337.3
44,2012,360.79
44,2013,398.7
46,1961,128.32
46,1962,127.61
46,1963,129.21
46,1964,128.06
46,1965,126.72
46,1966,130.09
46,1967,127.95
46,1968,125.74
46,1969,127.39
46,1970,128.02
46,1971,127.3
46,1972,139.14
46,1973,141.11
46,1974,129.65
46,1975,132.28
46,1976,133.06
46,1977,130.26
46,1978,129.82
46,1979,135.42
46,1980,156.2
46,1981,157.18
46,1982,144.54
46,1983,146.2
46,1984,145.46
46,1985,140.14
46,1986,139.92
46,1987,142.8
46,1988,137.29
46,1989,132.91
46,1990,141.33
46,1991,143.0
46,1992,144.79
46,1993,144.53
46,1994,144.73
46,1995,160.46
46,1996,169.48
46,1997,168.73
46,1998,224.09
46,1999,180.18
46,2000,179.41
46,2001,177.85
46,2002,167.18
46,2003,160.87
46,2004,160.87
46,2005,159.81
46,2006,162.49
46,2007,162.36
46,2008,167.44
46,2009,165.25
46,2010,166.5
46,2011,168.62
46,2012,169.77
46,2013,178.66
48,1961,232.44
48,1962,231.27
48,1963,231.81
48,1964,234.97
48,1965,242.84
48,1966,242.5
48,1967,245.1
48,1968,252.66
48,1969,256.25
48,1970,259.87
48,1971,266.84
48,1972,281.18
48,1973,280.12
48,1974,274.84
48,1975,268.26
48,1976,266.93
48,1977,252.99
48,1978,217.76
48,1979,229.39
48,1980,213.27
48,1981,206.09
48,1982,194.19
48,1983,203.5
48,1984,190.56
48,1985,227.14
48,1986,238.9
48,1987,240.61
48,1988,239.85
48,1989,429.8
48,1990,413.39
48,1991,418.84
48,1992,471.86
48,1993,414.8
48,1994,444.13
48,1995,283.0
48,1996,373.76
48,1997,377.61
48,1998,348.78
48,1999,458.02
48,2000,432.24
48,2001,460.86
48,2002,429.56
48,2003,330.58
48,2004,229.32
48,2005,414.6
48,2006,434.91
48,2007,274.52
48,2008,233.39
48,2009,233.21
48,2010,289.83
48,2011,333.18
48,2012,384.24
48,2013,365.46
107,1961,327.86
107,1962,358.17
107,1963,332.55
107,1964,338.25
107,1965,336.48
107,1966,333.98
107,1967,328.54
107,1968,319.04
107,1969,312.21
107,1970,306.58
107,1971,306.66
107,1972,300.92
107,1973,283.14
107,1974,291.51
107,1975,443.78
107,1976,415.42
107,1977,378.09
107,1978,391.39
107,1979,385.0
107,1980,301.51
107,1981,297.44
107,1982,288.09
107,1983,242.74
107,1984,267.33
107,1985,264.2
107,1986,255.29
107,1987,247.71
107,1988,240.34
107,1989,236.66
107,1990,231.42
107,1991,243.44
107,1992,242.86
107,1993,242.49
107,1994,270.63
107,1995,259.89
107,1996,251.25
107,1997,275.24
107,1998,278.75
107,1999,259.71
107,2000,246.03
107,2001,197.68
107,2002,234.04
107,2003,225.84
107,2004,226.71
107,2005,232.93
107,2006,226.48
107,2007,221.06
107,2008,230.44
107,2009,204.35
107,2010,211.81
107,2011,207.94
107,2012,204.51
107,2013,210.96
98,1992,161.01
98,1993,188.2
98,1994,211.51
98,1995,251.38
98,1996,263.98
98,1997,228.63
98,1998,231.13
98,1999,236.91
98,2000,226.3
98,2001,230.99
98,2002,225.23
98,2003,250.03
98,2004,223.78
98,2005,204.57
98,2006,269.72
98,2007,291.69
98,2008,292.1
98,2009,299.96
98,2010,289.06
98,2011,297.16
98,2012,257.84
98,2013,296.43
49,1961,108.83
49,1962,104.26
49,1963,117.82
49,1964,113.12
49,1965,116.86
49,1966,119.76
49,1967,107.91
49,1968,123.51
49,1969,106.81
49,1970,83.7
49,1971,91.54
49,1972,123.6
49,1973,128.54
49,1974,123.71
49,1975,111.23
49,1976,119.79
49,1977,133.48
49,1978,129.95
49,1979,126.0
49,1980,159.85
49,1981,150.15
49,1982,151.49
49,1983,168.14
49,1984,176.98
49,1985,188.98
49,1986,177.23
49,1987,186.15
49,1988,219.51
49,1989,185.75
49,1990,247.01
49,1991,241.74
49,1992,308.34
49,1993,247.78
49,1994,233.92
49,1995,268.33
49,1996,322.85
49,1997,327.31
49,1998,332.84
49,1999,323.62
49,2000,400.14
49,2001,455.91
49,2002,360.07
49,2003,503.1
49,2004,503.4
49,2005,382.13
49,2006,411.7
49,2007,437.19
49,2008,381.88
49,2009,373.52
49,2010,395.19
49,2011,417.37
49,2012,426.39
49,2013,379.62
50,1961,338.11
50,1962,312.75
50,1963,166.9
50,1964,363.88
50,1965,391.05
50,1966,471.37
50,1967,472.55
50,1968,582.1
50,1969,670.5
50,1970,668.61
50,1971,625.41
50,1972,549.21
50,1973,410.55
50,1974,419.56
50,1975,510.54
50,1976,465.76
50,1977,405.6
50,1978,444.84
50,1979,470.05
50,1980,480.19
50,1981,586.36
50,1982,559.17
50,1983,602.81
50,1984,633.06
50,1985,662.56
50,1986,255.05
50,1987,347.76
50,1988,263.36
50,1989,316.52
50,1990,383.34
50,1991,288.22
50,1992,355.2
50,1993,337.22
50,1994,234.76
50,1995,295.46
50,1996,257.17
50,1997,290.12
50,1998,361.74
50,1999,358.69
50,2000,309.99
50,2001,267.07
50,2002,257.88
50,2003,226.61
50,2004,259.94
50,2005,269.14
50,2006,291.53
50,2007,300.55
50,2008,252.02
50,2009,260.01
50,2010,247.49
50,2011,264.72
50,2012,198.14
50,2013,177.62
167,1993,182.4
167,1994,203.14
167,1995,214.74
167,1996,229.91
167,1997,203.57
167,1998,204.51
167,1999,202.28
167,2000,194.07
167,2001,173.83
167,2002,157.14
167,2003,182.69
167,2004,202.45
167,2005,190.88
167,2006,188.86
167,2007,192.4
167,2008,210.38
167,2009,207.67
167,2010,197.2
167,2011,187.82
167,2012,160.94
167,2013,179.83
51,1961,126.15
51,1962,91.62
51,1963,119.8
51,1964,107.1
51,1965,116.57
51,1966,142.3
51,1967,112.05
51,1968,127.87
51,1969,134.71
51,1970,130.93
51,1971,102.94
51,1972,108.5
51,1973,130.51
51,1974,140.02
51,1975,133.33
51,1976,135.88
51,1977,133.92
51,1978,149.08
51,1979,130.18
51,1980,154.22
51,1981,132.48
51,1982,182.55
51,1983,177.93
51,1984,153.85
51,1985,158.23
51,1986,170.03
51,1987,153.87
51,1988,163.01
51,1989,181.27
51,1990,157.57
51,1991,154.46
51,1992,152.57
116,1961,26.16
116,1962,26.79
116,1963,26.68
116,1964,27.71
116,1965,28.41
116,1966,29.47
116,1967,29.61
116,1968,29.39
116,1969,29.24
116,1970,30.38
116,1971,50.74
116,1972,58.05
116,1973,64.81
116,1974,73.68
116,1975,82.1
116,1976,95.1
116,1977,103.32
116,1978,112.46
116,1979,114.69
116,1980,118.0
116,1981,123.05
116,1982,127.21
116,1983,135.84
116,1984,143.11
116,1985,146.73
116,1986,152.06
116,1987,156.73
116,1988,156.97
116,1989,158.12
116,1990,159.64
116,1991,160.2
116,1992,159.68
116,1993,148.14
116,1994,157.55
116,1995,147.12
116,1996,164.3
116,1997,174.59
116,1998,147.0
116,1999,147.56
116,2000,144.3
116,2001,149.52
116,2002,149.65
116,2003,150.06
116,2004,162.17
116,2005,149.02
116,2006,147.92
116,2007,143.41
116,2008,147.0
116,2009,155.61
116,2010,157.78
116,2011,156.9
116,2012,159.2
116,2013,157.29
54,1961,135.86
54,1962,164.92
54,1963,159.79
54,1964,175.39
54,1965,177.99
54,1966,182.42
54,1967,188.66
54,1968,182.42
54,1969,181.28
54,1970,188.53
54,1971,174.67
54,1972,168.47
54,1973,188.03
54,1974,173.71
54,1975,177.46
54,1976,192.66
54,1977,194.15
54,1978,172.87
54,1979,173.15
54,1980,158.52
54,1981,135.82
54,1982,131.33
54,1983,139.16
54,1984,147.27
54,1985,167.11
54,1986,196.77
54,1987,206.02
54,1988,208.6
54,1989,209.16
54,1990,210.26
54,1991,208.84
54,1992,206.29
54,1993,181.77
54,1994,168.94
54,1995,184.94
54,1996,201.81
54,1997,254.91
54,1998,210.01
54,1999,259.08
54,2000,282.62
54,2001,256.87
54,2002,450.08
54,2003,378.47
54,2004,369.73
54,2005,373.71
54,2006,347.8
54,2007,304.44
54,2008,304.16
54,2009,334.28
54,2010,275.23
54,2011,270.49
54,2012,343.09
54,2013,333.09
72,1961,0.0
72,1962,0.0
72,1963,0.0
72,1964,0.0
72,1965,0.0
72,1966,23.9
72,1967,27.13
72,1968,23.39
72,1969,23.96
72,1970,121.58
72,1971,142.66
72,1972,122.45
72,1973,126.23
72,1974,112.26
72,1975,103.96
72,1976,55.01
72,1977,48.99
72,1978,38.41
72,1979,34.68
72,1980,28.01
72,1981,37.29
72,1982,59.95
72,1983,50.59
72,1984,50.87
72,1985,37.14
72,1986,32.41
72,1987,14.0
72,1988,15.86
72,1989,15.31
72,1990,23.36
72,1991,21.41
72,1992,23.84
72,1993,24.89
72,1994,23.94
72,1995,23.44
72,1996,21.48
72,1997,21.07
72,1998,20.06
72,1999,22.52
72,2000,26.18
72,2001,21.79
72,2002,43.73
72,2003,40.89
72,2004,25.71
72,2005,49.54
72,2006,52.07
72,2007,55.45
72,2008,55.96
72,2009,57.32
72,2010,53.35
72,2011,55.59
72,2012,48.33
72,2013,122.22
55,1961,456.93
55,1962,475.88
55,1963,537.87
55,1964,490.79
55,1965,422.91
55,1966,413.87
55,1967,495.37
55,1968,498.41
55,1969,506.58
55,1970,487.27
55,1971,513.95
55,1972,498.24
55,1973,565.54
55,1974,539.42
55,1975,618.04
55,1976,791.77
55,1977,773.76
55,1978,670.21
55,1979,629.53
55,1980,681.57
55,1981,665.53
55,1982,613.33
55,1983,486.21
55,1984,515.34
55,1985,611.53
55,1986,633.33
55,1987,993.3
55,1988,1253.15
55,1989,1096.26
55,1990,792.69
55,1991,725.65
55,1992,866.77
55,1993,747.38
55,1994,687.02
55,1995,671.13
55,1996,1043.76
55,1997,1147.19
55,1998,1093.08
55,1999,1039.77
55,2000,1028.27
55,2001,958.17
55,2002,815.79
55,2003,964.31
55,2004,974.92
55,2005,855.99
55,2006,944.37
55,2007,970.35
55,2008,912.09
55,2009,1022.91
55,2010,955.42
55,2011,949.16
55,2012,929.69
55,2013,972.0
56,1961,669.68
56,1962,653.29
56,1963,648.76
56,1964,652.75
56,1965,636.71
56,1966,631.89
56,1967,565.14
56,1968,559.93
56,1969,617.86
56,1970,619.2
56,1971,616.36
56,1972,599.96
56,1973,588.15
56,1974,584.71
56,1975,554.14
56,1976,579.62
56,1977,558.32
56,1978,584.94
56,1979,531.61
56,1980,550.1
56,1981,552.29
56,1982,526.87
56,1983,521.59
56,1984,509.26
56,1985,497.69
56,1986,550.28
56,1987,543.15
56,1988,517.43
56,1989,521.34
56,1990,346.29
56,1991,367.06
56,1992,331.73
56,1993,374.4
56,1994,351.28
56,1995,327.55
56,1996,314.59
56,1997,335.35
56,1998,294.69
56,1999,304.87
56,2000,326.32
56,2001,401.17
56,2002,431.27
56,2003,461.66
56,2004,397.33
56,2005,404.1
56,2006,419.22
56,2007,442.2
56,2008,340.25
56,2009,498.62
56,2010,601.87
56,2011,544.35
56,2012,673.81
56,2013,715.33
58,1961,699.8
58,1962,703.47
58,1963,695.74
58,1964,750.74
58,1965,812.19
58,1966,805.55
58,1967,697.36
58,1968,713.25
58,1969,673.97
58,1970,658.09
58,1971,632.33
58,1972,632.27
58,1973,603.08
58,1974,661.39
58,1975,665.4
58,1976,681.09
58,1977,830.47
58,1978,812.63
58,1979,745.97
58,1980,766.71
58,1981,710.46
58,1982,674.85
58,1983,581.15
58,1984,551.52
58,1985,635.2
58,1986,538.87
58,1987,554.85
58,1988,575.63
58,1989,469.51
58,1990,457.52
58,1991,370.59
58,1992,483.41
58,1993,567.17
58,1994,624.47
58,1995,459.98
58,1996,514.57
58,1997,684.26
58,1998,519.18
58,1999,617.42
58,2000,556.41
58,2001,547.25
58,2002,496.84
58,2003,460.31
58,2004,460.42
58,2005,419.78
58,2006,349.36
58,2007,351.79
58,2008,368.21
58,2009,448.73
58,2010,477.5
58,2011,416.85
58,2012,420.66
58,2013,280.8
59,1961,77.98
59,1962,94.62
59,1963,97.82
59,1964,94.56
59,1965,92.66
59,1966,100.04
59,1967,100.3
59,1968,90.45
59,1969,97.28
59,1970,90.53
59,1971,101.83
59,1972,107.2
59,1973,97.39
59,1974,112.4
59,1975,110.22
59,1976,111.64
59,1977,97.91
59,1978,113.91
59,1979,128.97
59,1980,117.84
59,1981,118.49
59,1982,146.14
59,1983,148.96
59,1984,138.46
59,1985,136.75
59,1986,153.56
59,1987,161.78
59,1988,159.89
59,1989,174.24
59,1990,195.04
59,1991,191.27
59,1992,217.97
59,1993,204.22
59,1994,215.97
59,1995,235.75
59,1996,248.57
59,1997,241.38
59,1998,236.28
59,1999,255.96
59,2000,257.59
59,2001,261.89
59,2002,273.41
59,2003,266.86
59,2004,273.47
59,2005,279.34
59,2006,299.8
59,2007,295.27
59,2008,296.27
59,2009,288.32
59,2010,278.89
59,2011,263.24
59,2012,300.81
59,2013,281.09
60,1961,101.44
60,1962,100.69
60,1963,100.74
60,1964,102.53
60,1965,103.13
60,1966,113.65
60,1967,117.49
60,1968,115.45
60,1969,112.79
60,1970,117.01
60,1971,111.56
60,1972,108.42
60,1973,103.34
60,1974,105.0
60,1975,109.08
60,1976,112.22
60,1977,120.47
60,1978,148.69
60,1979,151.24
60,1980,158.08
60,1981,154.25
60,1982,144.43
60,1983,141.5
60,1984,136.65
60,1985,133.58
60,1986,134.38
60,1987,138.45
60,1988,144.17
60,1989,149.79
60,1990,171.97
60,1991,175.44
60,1992,178.18
60,1993,170.91
60,1994,172.33
60,1995,159.2
60,1996,118.36
60,1997,130.24
60,1998,111.53
60,1999,128.38
60,2000,154.73
60,2001,162.45
60,2002,173.4
60,2003,178.12
60,2004,181.32
60,2005,203.46
60,2006,200.4
60,2007,212.7
60,2008,224.54
60,2009,201.82
60,2010,142.96
60,2011,135.1
60,2012,159.35
60,2013,147.17
63,1992,74.87
63,1993,128.68
63,1994,77.68
63,1995,155.75
63,1996,144.67
63,1997,185.65
63,1998,196.05
63,1999,200.61
63,2000,229.54
63,2001,219.57
63,2002,196.57
63,2003,196.65
63,2004,208.12
63,2005,194.26
63,2006,179.18
63,2007,218.03
63,2008,227.37
63,2009,226.37
63,2010,203.75
63,2011,197.08
63,2012,221.26
63,2013,222.07
238,1993,9.61
238,1994,8.99
238,1995,9.41
238,1996,9.41
238,1997,10.35
238,1998,10.38
238,1999,10.26
238,2000,14.73
238,2001,12.95
238,2002,14.41
238,2003,15.01
238,2004,15.53
238,2005,21.59
238,2006,22.85
238,2007,23.59
238,2008,17.53
238,2009,19.79
238,2010,20.48
238,2011,21.59
238,2012,20.04
238,2013,19.53
62,1961,8.78
62,1962,9.63
62,1963,9.59
62,1964,9.75
62,1965,9.79
62,1966,10.31
62,1967,10.13
62,1968,10.32
62,1969,10.85
62,1970,11.68
62,1971,11.43
62,1972,11.42
62,1973,11.81
62,1974,11.5
62,1975,11.7
62,1976,11.93
62,1977,12.18
62,1978,12.22
62,1979,12.3
62,1980,12.45
62,1981,12.53
62,1982,12.1
62,1983,11.97
62,1984,11.57
62,1985,11.43
62,1986,11.07
62,1987,10.72
62,1988,10.76
62,1989,10.42
62,1990,10.29
62,1991,9.97
62,1992,9.84
66,1961,23.08
66,1962,30.04
66,1963,30.28
66,1964,31.99
66,1965,33.24
66,1966,30.05
66,1967,34.33
66,1968,36.38
66,1969,34.55
66,1970,36.41
66,1971,44.68
66,1972,41.34
66,1973,54.28
66,1974,48.38
66,1975,51.67
66,1976,50.22
66,1977,50.77
66,1978,51.24
66,1979,57.49
66,1980,51.47
66,1981,55.54
66,1982,53.61
66,1983,53.49
66,1984,53.99
66,1985,53.23
66,1986,49.83
66,1987,46.58
66,1988,59.89
66,1989,61.23
66,1990,50.14
66,1991,50.27
66,1992,51.15
66,1993,64.32
66,1994,69.37
66,1995,67.22
66,1996,71.98
66,1997,79.58
66,1998,69.76
66,1999,65.3
66,2000,78.07
66,2001,77.78
66,2002,64.25
66,2003,87.93
66,2004,88.73
66,2005,93.65
66,2006,107.58
66,2007,122.01
66,2008,147.2
66,2009,97.89
66,2010,104.57
66,2011,102.92
66,2012,94.78
66,2013,118.18
67,1961,113.99
67,1962,122.23
67,1963,115.76
67,1964,126.75
67,1965,111.43
67,1966,125.33
67,1967,136.11
67,1968,125.87
67,1969,144.07
67,1970,140.95
67,1971,148.46
67,1972,153.17
67,1973,157.46
67,1974,196.14
67,1975,228.46
67,1976,234.86
67,1977,204.94
67,1978,211.36
67,1979,231.17
67,1980,242.95
67,1981,229.41
67,1982,220.23
67,1983,224.6
67,1984,212.32
67,1985,168.29
67,1986,172.72
67,1987,211.74
67,1988,203.27
67,1989,223.64
67,1990,215.56
67,1991,217.45
67,1992,217.53
67,1993,205.82
67,1994,212.0
67,1995,144.17
67,1996,189.81
67,1997,191.99
67,1998,195.29
67,1999,230.89
67,2000,225.07
67,2001,248.36
67,2002,228.88
67,2003,251.59
67,2004,262.37
67,2005,258.44
67,2006,246.04
67,2007,256.33
67,2008,240.19
67,2009,246.04
67,2010,245.2
67,2011,259.27
67,2012,276.3
67,2013,260.92
68,1961,147.03
68,1962,192.01
68,1963,201.6
68,1964,224.63
68,1965,200.72
68,1966,212.62
68,1967,217.51
68,1968,225.29
68,1969,229.53
68,1970,230.69
68,1971,222.26
68,1972,208.54
68,1973,203.54
68,1974,191.39
68,1975,178.47
68,1976,189.86
68,1977,166.45
68,1978,181.24
68,1979,170.86
68,1980,173.66
68,1981,170.39
68,1982,184.99
68,1983,177.51
68,1984,203.58
68,1985,187.86
68,1986,217.25
68,1987,198.55
68,1988,215.41
68,1989,214.78
68,1990,220.25
68,1991,214.36
68,1992,248.66
68,1993,230.93
68,1994,249.1
68,1995,257.71
68,1996,242.13
68,1997,228.69
68,1998,233.06
68,1999,244.12
68,2000,266.85
68,2001,264.68
68,2002,276.39
68,2003,262.59
68,2004,294.48
68,2005,307.21
68,2006,303.7
68,2007,318.44
68,2008,315.8
68,2009,317.7
68,2010,309.5
68,2011,312.03
68,2012,295.63
68,2013,313.26
70,1961,105.25
70,1962,104.42
70,1963,79.4
70,1964,115.92
70,1965,148.24
70,1966,260.6
70,1967,163.58
70,1968,185.42
70,1969,176.12
70,1970,183.79
70,1971,139.57
70,1972,135.48
70,1973,141.85
70,1974,140.59
70,1975,152.46
70,1976,149.81
70,1977,135.09
70,1978,121.95
70,1979,185.52
70,1980,155.72
70,1981,156.43
70,1982,142.34
70,1983,144.35
70,1984,156.45
70,1985,167.84
70,1986,153.08
70,1987,150.81
70,1988,165.1
70,1989,165.11
70,1990,166.75
70,1991,165.24
70,1992,195.22
70,1993,185.79
70,1994,187.3
70,1995,195.41
70,1996,165.82
70,1997,167.59
70,1998,171.93
70,1999,168.4
70,2000,185.51
70,2001,152.21
70,2002,165.98
70,2003,183.42
70,2004,177.95
70,2005,221.51
70,2006,212.42
70,2007,250.13
70,2008,256.76
70,2009,236.98
70,2010,221.8
70,2011,221.97
70,2012,242.77
70,2013,241.44
74,1961,498.94
74,1962,484.91
74,1963,499.58
74,1964,483.68
74,1965,496.57
74,1966,491.19
74,1967,501.67
74,1968,496.39
74,1969,529.39
74,1970,520.3
74,1971,531.23
74,1972,512.47
74,1973,462.25
74,1974,450.19
74,1975,445.42
74,1976,436.53
74,1977,452.52
74,1978,481.94
74,1979,492.53
74,1980,506.23
74,1981,438.05
74,1982,482.96
74,1983,507.12
74,1984,541.11
74,1985,528.97
74,1986,527.39
74,1987,491.83
74,1988,497.67
74,1989,491.22
74,1990,457.5
74,1991,501.67
74,1992,493.17
74,1993,473.15
74,1994,474.11
74,1995,434.61
74,1996,462.25
74,1997,463.96
74,1998,468.56
74,1999,437.49
74,2000,437.03
74,2001,429.22
74,2002,411.81
74,2003,405.24
74,2004,399.36
74,2005,394.34
74,2006,400.86
74,2007,389.81
74,2008,386.71
74,2009,453.89
74,2010,465.99
74,2011,415.53
74,2012,415.69
74,2013,417.31
75,1961,16.75
75,1962,16.44
75,1963,16.22
75,1964,16.2
75,1965,15.93
75,1966,15.55
75,1967,15.1
75,1968,17.57
75,1969,17.3
75,1970,16.77
75,1971,16.36
75,1972,16.08
75,1973,15.83
75,1974,17.45
75,1975,18.75
75,1976,19.06
75,1977,17.29
75,1978,16.4
75,1979,16.04
75,1980,15.71
75,1981,15.29
75,1982,14.75
75,1983,14.46
75,1984,13.48
75,1985,13.3
75,1986,12.69
75,1987,12.11
75,1988,11.55
75,1989,11.01
75,1990,8.97
75,1991,9.66
75,1992,9.74
75,1993,10.57
75,1994,10.58
75,1995,13.71
75,1996,13.59
75,1997,13.68
75,1998,13.86
75,1999,21.13
75,2000,17.51
75,2001,15.57
75,2002,19.86
75,2003,14.15
75,2004,14.8
75,2005,14.03
75,2006,14.26
75,2007,17.44
75,2008,18.38
75,2009,20.25
75,2010,29.34
75,2011,28.1
75,2012,26.87
75,2013,23.66
73,1992,242.43
73,1993,149.24
73,1994,152.45
73,1995,169.89
73,1996,183.11
73,1997,165.98
73,1998,159.87
73,1999,121.01
73,2000,133.97
73,2001,122.64
73,2002,101.27
73,2003,112.86
73,2004,106.37
73,2005,162.62
73,2006,112.58
73,2007,112.77
73,2008,106.28
73,2009,99.43
73,2010,93.91
73,2011,115.09
73,2012,114.65
73,2013,136.79
79,1961,215.39
79,1962,243.79
79,1963,250.58
79,1964,225.88
79,1965,234.23
79,1966,259.24
79,1967,276.8
79,1968,314.63
79,1969,293.24
79,1970,289.61
79,1971,291.41
79,1972,281.28
79,1973,307.87
79,1974,261.81
79,1975,290.11
79,1976,283.98
79,1977,265.17
79,1978,285.95
79,1979,284.31
79,1980,282.34
79,1981,243.43
79,1982,303.93
79,1983,262.98
79,1984,288.18
79,1985,280.92
79,1986,309.87
79,1987,299.22
79,1988,320.82
79,1989,308.52
79,1990,317.98
79,1991,281.8
79,1992,318.18
79,1993,242.65
79,1994,244.92
79,1995,219.62
79,1996,265.42
79,1997,235.98
79,1998,233.67
79,1999,228.86
79,2000,311.4
79,2001,242.64
79,2002,263.9
79,2003,246.99
79,2004,230.8
79,2005,238.66
79,2006,230.84
79,2007,227.66
79,2008,222.08
79,2009,223.47
79,2010,215.51
79,2011,241.56
79,2012,240.79
79,2013,242.36
81,1961,250.11
81,1962,244.89
81,1963,253.3
81,1964,245.43
81,1965,251.02
81,1966,251.25
81,1967,263.31
81,1968,270.57
81,1969,280.9
81,1970,293.77
81,1971,291.34
81,1972,280.47
81,1973,304.47
81,1974,320.33
81,1975,373.24
81,1976,351.62
81,1977,254.36
81,1978,240.98
81,1979,207.17
81,1980,222.49
81,1981,232.14
81,1982,205.81
81,1983,199.74
81,1984,283.15
81,1985,292.85
81,1986,233.19
81,1987,224.37
81,1988,239.69
81,1989,204.54
81,1990,153.95
81,1991,218.85
81,1992,200.46
81,1993,235.79
81,1994,257.45
81,1995,284.03
81,1996,313.81
81,1997,307.28
81,1998,316.87
81,1999,328.25
81,2000,309.24
81,2001,322.41
81,2002,341.19
81,2003,343.92
81,2004,352.59
81,2005,401.87
81,2006,398.84
81,2007,446.02
81,2008,452.55
81,2009,470.85
81,2010,466.85
81,2011,520.77
81,2012,529.18
81,2013,537.5
84,1961,365.79
84,1962,353.91
84,1963,333.58
84,1964,377.46
84,1965,352.46
84,1966,387.02
84,1967,351.77
84,1968,395.78
84,1969,370.97
84,1970,346.27
84,1971,321.21
84,1972,313.95
84,1973,348.73
84,1974,360.51
84,1975,311.55
84,1976,322.92
84,1977,287.56
84,1978,276.03
84,1979,260.21
84,1980,335.93
84,1981,425.69
84,1982,362.86
84,1983,404.31
84,1984,417.9
84,1985,379.04
84,1986,351.31
84,1987,359.24
84,1988,486.19
84,1989,459.98
84,1990,453.84
84,1991,389.7
84,1992,465.52
84,1993,468.64
84,1994,491.4
84,1995,393.7
84,1996,388.42
84,1997,387.58
84,1998,380.72
84,1999,491.29
84,2000,451.56
84,2001,468.35
84,2002,455.17
84,2003,413.12
84,2004,506.61
84,2005,468.35
84,2006,416.16
84,2007,433.08
84,2008,384.35
84,2009,399.57
84,2010,338.99
84,2011,346.64
84,2012,321.52
84,2013,332.94
86,1961,361.22
86,1962,365.56
86,1963,374.55
86,1964,381.63
86,1965,384.49
86,1966,409.3
86,1967,404.65
86,1968,393.05
86,1969,383.75
86,1970,378.7
86,1971,396.62
86,1972,393.87
86,1973,412.34
86,1974,377.97
86,1975,356.38
86,1976,360.88
86,1977,368.19
86,1978,423.37
86,1979,425.13
86,1980,402.58
86,1981,399.88
86,1982,397.44
86,1983,355.02
86,1984,341.77
86,1985,328.38
86,1986,306.25
86,1987,408.08
86,1988,401.25
86,1989,424.55
86,1990,422.91
86,1991,417.74
86,1992,403.91
86,1993,411.89
86,1994,448.14
86,1995,436.05
86,1996,465.13
86,1997,466.03
86,1998,524.1
86,1999,596.35
86,2000,404.05
86,2001,364.79
86,2002,445.34
86,2003,508.9
86,2004,434.15
86,2005,399.6
86,2006,435.31
86,2007,454.38
86,2008,392.5
86,2009,342.27
86,2010,378.75
86,2011,360.34
86,2012,381.94
86,2013,403.85
89,1961,99.52
89,1962,101.32
89,1963,103.76
89,1964,104.36
89,1965,102.5
89,1966,105.26
89,1967,103.97
89,1968,103.91
89,1969,99.51
89,1970,97.48
89,1971,97.59
89,1972,96.52
89,1973,96.9
89,1974,97.46
89,1975,98.84
89,1976,88.81
89,1977,92.4
89,1978,91.43
89,1979,84.2
89,1980,89.89
89,1981,113.6
89,1982,121.95
89,1983,118.41
89,1984,114.4
89,1985,126.77
89,1986,124.13
89,1987,120.54
89,1988,128.13
89,1989,139.0
89,1990,143.21
89,1991,134.58
89,1992,117.43
89,1993,164.93
89,1994,172.58
89,1995,186.82
89,1996,188.91
89,1997,192.15
89,1998,199.28
89,1999,191.21
89,2000,185.02
89,2001,163.26
89,2002,186.12
89,2003,153.15
89,2004,157.92
89,2005,181.06
89,2006,197.68
89,2007,182.47
89,2008,182.07
89,2009,188.03
89,2010,186.83
89,2011,186.33
89,2012,174.23
89,2013,164.34
90,1961,292.31
90,1962,318.25
90,1963,281.81
90,1964,300.59
90,1965,309.15
90,1966,287.93
90,1967,304.0
90,1968,290.49
90,1969,301.71
90,1970,285.0
90,1971,306.92
90,1972,316.6
90,1973,313.63
90,1974,299.67
90,1975,301.54
90,1976,327.1
90,1977,313.9
90,1978,302.17
90,1979,352.95
90,1980,349.4
90,1981,330.84
90,1982,319.24
90,1983,324.65
90,1984,334.0
90,1985,332.77
90,1986,329.67
90,1987,323.56
90,1988,315.11
90,1989,326.52
90,1990,333.58
90,1991,314.83
90,1992,330.4
90,1993,305.96
90,1994,315.04
90,1995,296.02
90,1996,286.49
90,1997,277.93
90,1998,280.26
90,1999,293.11
90,2000,267.45
90,2001,280.97
90,2002,298.3
90,2003,300.53
90,2004,303.02
90,2005,299.69
90,2006,270.18
90,2007,264.75
90,2008,262.67
90,2009,271.52
90,2010,262.02
90,2011,259.93
90,2012,257.81
90,2013,237.48
175,1961,119.92
175,1962,119.5
175,1963,118.84
175,1964,124.04
175,1965,123.47
175,1966,119.6
175,1967,121.02
175,1968,120.16
175,1969,121.77
175,1970,122.71
175,1971,122.64
175,1972,120.94
175,1973,121.58
175,1974,115.58
175,1975,116.54
175,1976,116.47
175,1977,118.19
175,1978,114.5
175,1979,121.14
175,1980,125.83
175,1981,119.29
175,1982,119.77
175,1983,121.04
175,1984,121.94
175,1985,121.78
175,1986,124.95
175,1987,132.64
175,1988,134.53
175,1989,138.27
175,1990,139.16
175,1991,144.21
175,1992,145.36
175,1993,145.96
175,1994,145.02
175,1995,144.68
175,1996,146.84
175,1997,146.51
175,1998,151.2
175,1999,152.54
175,2000,146.05
175,2001,143.73
175,2002,144.58
175,2003,135.46
175,2004,139.11
175,2005,145.43
175,2006,145.39
175,2007,134.38
175,2008,134.89
175,2009,141.45
175,2010,140.54
175,2011,142.85
175,2012,144.13
175,2013,142.74
91,1961,147.49
91,1962,150.78
91,1963,146.15
91,1964,170.14
91,1965,177.28
91,1966,198.89
91,1967,164.38
91,1968,152.88
91,1969,151.73
91,1970,149.39
91,1971,158.7
91,1972,155.75
91,1973,163.51
91,1974,97.46
91,1975,122.57
91,1976,122.07
91,1977,157.87
91,1978,133.29
91,1979,99.99
91,1980,100.22
91,1981,105.95
91,1982,117.95
91,1983,124.03
91,1984,155.96
91,1985,186.85
91,1986,190.3
91,1987,175.32
91,1988,186.11
91,1989,190.23
91,1990,164.18
91,1991,159.85
91,1992,177.67
91,1993,183.86
91,1994,221.63
91,1995,216.83
91,1996,177.33
91,1997,179.93
91,1998,127.46
91,1999,144.58
91,2000,242.16
91,2001,230.78
91,2002,184.52
91,2003,146.54
91,2004,113.81
91,2005,167.71
91,2006,116.99
91,2007,116.8
91,2008,102.12
91,2009,134.12
91,2010,139.3
91,2011,107.51
91,2012,123.68
91,2013,155.34
93,1961,305.99
93,1962,306.62
93,1963,310.47
93,1964,314.18
93,1965,314.38
93,1966,316.79
93,1967,320.97
93,1968,326.25
93,1969,329.5
93,1970,333.22
93,1971,334.97
93,1972,337.17
93,1973,341.38
93,1974,345.17
93,1975,343.01
93,1976,344.12
93,1977,336.09
93,1978,340.88
93,1979,346.81
93,1980,345.26
93,1981,349.46
93,1982,347.34
93,1983,345.17
93,1984,345.18
93,1985,342.68
93,1986,328.46
93,1987,323.93
93,1988,300.48
93,1989,301.52
93,1990,287.51
93,1991,260.59
93,1992,229.66
93,1993,194.7
93,1994,220.53
93,1995,211.45
93,1996,210.04
93,1997,208.06
93,1998,220.61
93,1999,220.04
93,2000,237.83
93,2001,220.37
93,2002,220.66
93,2003,217.58
93,2004,217.82
93,2005,217.63
93,2006,210.34
93,2007,223.83
93,2008,189.24
93,2009,206.28
93,2010,187.48
93,2011,182.34
93,2012,183.3
93,2013,180.81
95,1961,276.44
95,1962,254.74
95,1963,234.21
95,1964,233.29
95,1965,227.59
95,1966,247.67
95,1967,274.51
95,1968,265.21
95,1969,259.72
95,1970,249.52
95,1971,248.98
95,1972,250.67
95,1973,252.02
95,1974,255.61
95,1975,244.8
95,1976,242.77
95,1977,246.91
95,1978,252.9
95,1979,252.93
95,1980,237.01
95,1981,249.0
95,1982,254.15
95,1983,261.24
95,1984,243.85
95,1985,243.48
95,1986,234.91
95,1987,229.53
95,1988,240.02
95,1989,232.92
95,1990,193.5
95,1991,201.04
95,1992,216.15
95,1993,230.63
95,1994,244.2
95,1995,235.45
95,1996,252.2
95,1997,286.12
95,1998,204.96
95,1999,174.06
95,2000,125.39
95,2001,133.54
95,2002,195.55
95,2003,201.78
95,2004,197.4
95,2005,179.08
95,2006,191.34
95,2007,188.37
95,2008,187.25
95,2009,210.85
95,2010,198.72
95,2011,214.45
95,2012,244.69
95,2013,236.75
97,1961,159.09
97,1962,161.03
97,1963,156.64
97,1964,155.74
97,1965,135.94
97,1966,159.83
97,1967,170.32
97,1968,175.1
97,1969,177.43
97,1970,185.47
97,1971,177.97
97,1972,175.89
97,1973,183.79
97,1974,184.44
97,1975,178.4
97,1976,176.46
97,1977,182.55
97,1978,189.77
97,1979,179.35
97,1980,185.36
97,1981,178.29
97,1982,188.8
97,1983,182.74
97,1984,179.01
97,1985,174.79
97,1986,180.07
97,1987,177.84
97,1988,180.48
97,1989,181.64
97,1990,181.73
97,1991,177.27
97,1992,189.13
97,1993,196.75
97,1994,184.5
97,1995,147.43
97,1996,173.62
97,1997,160.42
97,1998,175.45
97,1999,189.18
97,2000,185.25
97,2001,160.72
97,2002,179.8
97,2003,204.5
97,2004,231.7
97,2005,221.53
97,2006,256.57
97,2007,201.77
97,2008,169.83
97,2009,225.3
97,2010,179.48
97,2011,141.81
97,2012,195.03
97,2013,159.96
99,1961,113.48
99,1962,119.93
99,1963,123.57
99,1964,139.78
99,1965,137.35
99,1966,144.07
99,1967,138.7
99,1968,141.36
99,1969,125.71
99,1970,135.67
99,1971,131.82
99,1972,147.26
99,1973,151.57
99,1974,146.74
99,1975,142.33
99,1976,161.39
99,1977,169.49
99,1978,170.4
99,1979,174.32
99,1980,168.76
99,1981,173.1
99,1982,174.96
99,1983,161.94
99,1984,165.88
99,1985,148.91
99,1986,171.48
99,1987,186.2
99,1988,274.01
99,1989,262.17
99,1990,221.01
99,1991,238.48
99,1992,246.88
99,1993,246.35
99,1994,234.07
99,1995,225.05
99,1996,222.68
99,1997,231.28
99,1998,226.63
99,1999,238.81
99,2000,272.09
99,2001,292.55
99,2002,312.63
99,2003,288.87
99,2004,292.89
99,2005,312.86
99,2006,375.18
99,2007,408.55
99,2008,393.01
99,2009,350.77
99,2010,339.35
99,2011,340.56
99,2012,374.99
99,2013,364.67
100,1961,70.24
100,1962,69.92
100,1963,69.83
100,1964,69.5
100,1965,71.58
100,1966,72.6
100,1967,72.09
100,1968,71.64
100,1969,70.65
100,1970,68.67
100,1971,70.48
100,1972,67.76
100,1973,67.82
100,1974,67.78
100,1975,66.17
100,1976,67.51
100,1977,67.53
100,1978,68.15
100,1979,69.37
100,1980,69.22
100,1981,69.38
100,1982,69.02
100,1983,70.47
100,1984,77.27
100,1985,75.91
100,1986,81.47
100,1987,78.54
100,1988,68.65
100,1989,72.81
100,1990,75.94
100,1991,76.14
100,1992,80.93
100,1993,89.1
100,1994,93.46
100,1995,89.66
100,1996,95.24
100,1997,99.12
100,1998,104.85
100,1999,104.62
100,2000,97.15
100,2001,98.7
100,2002,94.58
100,2003,99.17
100,2004,102.53
100,2005,106.82
100,2006,117.8
100,2007,126.02
100,2008,135.7
100,2009,134.89
100,2010,144.58
100,2011,141.1
100,2012,142.46
100,2013,154.39
101,1961,62.04
101,1962,60.67
101,1963,63.27
101,1964,62.08
101,1965,64.61
101,1966,64.6
101,1967,63.69
101,1968,64.18
101,1969,66.42
101,1970,76.82
101,1971,73.03
101,1972,75.53
101,1973,81.83
101,1974,77.59
101,1975,71.4
101,1976,55.71
101,1977,68.09
101,1978,57.43
101,1979,65.68
101,1980,72.24
101,1981,75.89
101,1982,75.97
101,1983,72.4
101,1984,79.55
101,1985,73.07
101,1986,82.99
101,1987,78.09
101,1988,78.23
101,1989,71.28
101,1990,74.19
101,1991,77.06
101,1992,76.71
101,1993,76.66
101,1994,87.35
101,1995,117.62
101,1996,94.4
101,1997,96.56
101,1998,85.31
101,1999,87.61
101,2000,98.96
101,2001,112.05
101,2002,129.94
101,2003,141.7
101,2004,159.26
101,2005,159.67
101,2006,171.35
101,2007,171.17
101,2008,178.66
101,2009,185.31
101,2010,156.66
101,2011,181.38
101,2012,183.04
101,2013,159.95
102,1961,111.4
102,1962,112.62
102,1963,107.4
102,1964,116.15
102,1965,120.18
102,1966,120.45
102,1967,123.48
102,1968,122.85
102,1969,132.45
102,1970,135.07
102,1971,132.59
102,1972,148.97
102,1973,148.78
102,1974,177.68
102,1975,186.96
102,1976,205.45
102,1977,194.08
102,1978,183.1
102,1979,177.74
102,1980,187.5
102,1981,215.55
102,1982,244.96
102,1983,247.54
102,1984,250.19
102,1985,270.31
102,1986,274.4
102,1987,272.28
102,1988,307.72
102,1989,281.62
102,1990,300.13
102,1991,295.89
102,1992,332.18
102,1993,358.54
102,1994,382.86
102,1995,392.29
102,1996,398.33
102,1997,424.35
102,1998,423.07
102,1999,428.02
102,2000,429.45
102,2001,431.56
102,2002,432.88
102,2003,436.94
102,2004,427.81
102,2005,469.35
102,2006,436.88
102,2007,432.54
102,2008,468.16
102,2009,423.62
102,2010,370.58
102,2011,374.73
102,2012,363.58
102,2013,364.8
103,1961,80.6
103,1962,85.27
103,1963,84.09
103,1964,83.72
103,1965,83.44
103,1966,85.05
103,1967,76.38
103,1968,80.95
103,1969,83.43
103,1970,79.77
103,1971,83.08
103,1972,96.1
103,1973,103.81
103,1974,128.06
103,1975,145.56
103,1976,162.17
103,1977,182.64
103,1978,201.0
103,1979,179.31
103,1980,141.38
103,1981,168.24
103,1982,175.62
103,1983,177.95
103,1984,196.68
103,1985,196.14
103,1986,184.2
103,1987,171.81
103,1988,173.65
103,1989,167.65
103,1990,172.6
103,1991,170.19
103,1992,173.42
103,1993,177.91
103,1994,158.28
103,1995,157.81
103,1996,154.9
103,1997,143.62
103,1998,147.53
103,1999,132.8
103,2000,118.42
103,2001,124.52
103,2002,123.87
103,2003,105.79
103,2004,60.85
103,2005,73.39
103,2006,86.56
103,2007,70.16
103,2008,66.83
103,2009,79.14
103,2010,116.68
103,2011,92.67
103,2012,83.56
103,2013,125.97
104,1961,108.97
104,1962,118.91
104,1963,129.04
104,1964,118.84
104,1965,124.27
104,1966,130.98
104,1967,136.33
104,1968,136.23
104,1969,142.62
104,1970,137.44
104,1971,140.77
104,1972,140.72
104,1973,139.3
104,1974,140.23
104,1975,131.23
104,1976,138.59
104,1977,133.25
104,1978,143.49
104,1979,148.17
104,1980,159.3
104,1981,160.96
104,1982,168.92
104,1983,164.38
104,1984,170.22
104,1985,164.67
104,1986,170.7
104,1987,194.08
104,1988,191.23
104,1989,191.28
104,1990,207.13
104,1991,169.23
104,1992,178.6
104,1993,187.53
104,1994,188.05
104,1995,157.37
104,1996,230.36
104,1997,178.19
104,1998,170.94
104,1999,150.39
104,2000,182.83
104,2001,219.86
104,2002,304.19
104,2003,369.86
104,2004,331.04
104,2005,306.27
104,2006,306.66
104,2007,381.02
104,2008,409.84
104,2009,391.4
104,2010,355.71
104,2011,338.34
104,2012,412.05
104,2013,434.42
105,1961,396.6
105,1962,369.04
105,1963,359.02
105,1964,551.47
105,1965,420.22
105,1966,450.4
105,1967,492.98
105,1968,539.09
105,1969,452.82
105,1970,449.78
105,1971,540.52
105,1972,605.03
105,1973,677.46
105,1974,615.41
105,1975,444.78
105,1976,490.88
105,1977,449.67
105,1978,376.09
105,1979,399.97
105,1980,383.22
105,1981,397.07
105,1982,637.08
105,1983,545.4
105,1984,516.33
105,1985,466.73
105,1986,421.3
105,1987,438.9
105,1988,369.15
105,1989,376.29
105,1990,486.18
105,1991,355.85
105,1992,447.88
105,1993,432.01
105,1994,347.85
105,1995,350.34
105,1996,397.52
105,1997,427.95
105,1998,364.27
105,1999,374.51
105,2000,385.43
105,2001,428.55
105,2002,435.64
105,2003,385.64
105,2004,463.84
105,2005,516.81
105,2006,403.16
105,2007,373.57
105,2008,326.03
105,2009,378.9
105,2010,330.07
105,2011,296.34
105,2012,349.19
105,2013,325.57
106,1961,263.98
106,1962,263.71
106,1963,303.24
106,1964,312.44
106,1965,308.29
106,1966,326.44
106,1967,330.16
106,1968,343.41
106,1969,344.83
106,1970,354.01
106,1971,343.43
106,1972,327.45
106,1973,334.26
106,1974,323.39
106,1975,308.54
106,1976,331.27
106,1977,285.94
106,1978,299.56
106,1979,291.74
106,1980,308.76
106,1981,303.3
106,1982,327.16
106,1983,326.64
106,1984,323.85
106,1985,314.71
106,1986,327.11
106,1987,329.12
106,1988,335.94
106,1989,350.89
106,1990,352.82
106,1991,342.83
106,1992,400.93
106,1993,375.75
106,1994,351.41
106,1995,326.78
106,1996,352.67
106,1997,323.68
106,1998,329.09
106,1999,375.71
106,2000,401.22
106,2001,365.94
106,2002,393.11
106,2003,367.34
106,2004,424.12
106,2005,420.79
106,2006,442.34
106,2007,442.67
106,2008,426.45
106,2009,477.78
106,2010,418.06
106,2011,394.44
106,2012,355.93
106,2013,383.0
109,1961,323.74
109,1962,352.05
109,1963,338.85
109,1964,346.91
109,1965,315.35
109,1966,295.71
109,1967,317.94
109,1968,279.87
109,1969,258.48
109,1970,275.53
109,1971,300.58
109,1972,338.42
109,1973,306.22
109,1974,296.8
109,1975,281.86
109,1976,272.5
109,1977,284.21
109,1978,303.97
109,1979,294.0
109,1980,315.99
109,1981,316.05
109,1982,344.04
109,1983,344.68
109,1984,319.7
109,1985,322.65
109,1986,311.37
109,1987,343.56
109,1988,332.1
109,1989,344.82
109,1990,283.55
109,1991,254.17
109,1992,264.28
109,1993,285.19
109,1994,371.91
109,1995,364.89
109,1996,403.73
109,1997,392.23
109,1998,377.61
109,1999,409.43
109,2000,384.43
109,2001,404.44
109,2002,397.63
109,2003,422.29
109,2004,406.88
109,2005,344.84
109,2006,362.03
109,2007,342.8
109,2008,295.43
109,2009,329.03
109,2010,306.97
109,2011,306.93
109,2012,302.88
109,2013,287.03
110,1961,81.48
110,1962,83.11
110,1963,93.38
110,1964,104.41
110,1965,106.84
110,1966,120.81
110,1967,123.52
110,1968,143.72
110,1969,138.44
110,1970,147.55
110,1971,145.96
110,1972,173.95
110,1973,171.18
110,1974,162.94
110,1975,169.5
110,1976,156.0
110,1977,166.7
110,1978,155.81
110,1979,169.04
110,1980,152.35
110,1981,145.37
110,1982,152.89
110,1983,152.39
110,1984,129.84
110,1985,142.15
110,1986,143.03
110,1987,151.73
110,1988,142.19
110,1989,142.95
110,1990,137.55
110,1991,128.95
110,1992,141.95
110,1993,136.62
110,1994,142.7
110,1995,145.82
110,1996,137.07
110,1997,145.9
110,1998,130.07
110,1999,145.84
110,2000,140.88
110,2001,146.7
110,2002,154.45
110,2003,151.32
110,2004,157.84
110,2005,165.25
110,2006,151.18
110,2007,158.44
110,2008,150.82
110,2009,143.9
110,2010,134.42
110,2011,140.17
110,2012,148.86
110,2013,144.8
112,1961,223.92
112,1962,236.72
112,1963,225.01
112,1964,242.48
112,1965,272.55
112,1966,238.46
112,1967,243.33
112,1968,194.31
112,1969,147.75
112,1970,120.21
112,1971,107.35
112,1972,101.36
112,1973,111.01
112,1974,125.69
112,1975,74.75
112,1976,101.76
112,1977,160.17
112,1978,147.9
112,1979,127.44
112,1980,131.03
112,1981,128.3
112,1982,180.81
112,1983,182.29
112,1984,123.11
112,1985,152.29
112,1986,132.99
112,1987,163.42
112,1988,203.24
112,1989,179.24
112,1990,199.42
112,1991,186.16
112,1992,183.03
112,1993,189.33
112,1994,198.36
112,1995,200.4
112,1996,139.35
112,1997,161.72
112,1998,167.42
112,1999,131.5
112,2000,149.38
112,2001,156.36
112,2002,184.1
112,2003,160.67
112,2004,168.32
112,2005,156.05
112,2006,153.35
112,2007,127.27
112,2008,131.44
112,2009,138.83
112,2010,145.17
112,2011,148.78
112,2012,150.64
112,2013,157.54
108,1992,39.62
108,1993,29.49
108,1994,28.99
108,1995,31.02
108,1996,26.35
108,1997,24.91
108,1998,18.28
108,1999,23.8
108,2000,43.45
108,2001,40.97
108,2002,46.99
108,2003,44.88
108,2004,66.7
108,2005,72.44
108,2006,69.09
108,2007,93.12
108,2008,91.19
108,2009,110.62
108,2010,133.64
108,2011,195.47
108,2012,229.36
108,2013,248.43
114,1961,144.95
114,1962,145.3
114,1963,137.25
114,1964,157.95
114,1965,129.25
114,1966,125.55
114,1967,119.26
114,1968,116.2
114,1969,112.47
114,1970,111.06
114,1971,107.58
114,1972,105.99
114,1973,103.37
114,1974,101.27
114,1975,71.67
114,1976,70.53
114,1977,70.36
114,1978,71.87
114,1979,158.43
114,1980,156.43
114,1981,152.65
114,1982,149.79
114,1983,133.98
114,1984,133.63
114,1985,131.78
114,1986,135.43
114,1987,130.48
114,1988,120.24
114,1989,123.53
114,1990,121.37
114,1991,126.11
114,1992,162.53
114,1993,162.47
114,1994,126.37
114,1995,109.45
114,1996,116.69
114,1997,139.76
114,1998,170.15
114,1999,169.76
114,2000,157.52
114,2001,164.93
114,2002,160.74
114,2003,133.24
114,2004,149.09
114,2005,156.64
114,2006,151.91
114,2007,151.49
114,2008,181.09
114,2009,183.62
114,2010,178.97
114,2011,144.3
114,2012,154.03
114,2013,150.1
83,1961,160.56
83,1962,159.88
83,1963,167.69
83,1964,171.84
83,1965,176.35
83,1966,178.01
83,1967,181.27
83,1968,184.47
83,1969,179.8
83,1970,181.9
83,1971,181.67
83,1972,190.17
83,1973,192.64
83,1974,195.8
83,1975,203.01
83,1976,200.21
83,1977,197.07
83,1978,195.1
83,1979,198.99
83,1980,198.07
83,1981,196.65
83,1982,196.18
83,1983,190.21
83,1984,191.75
83,1985,189.52
83,1986,187.36
83,1987,185.36
83,1988,168.72
83,1989,158.64
83,1990,174.52
83,1991,179.94
83,1992,178.51
83,1993,204.2
83,1994,179.4
83,1995,175.82
83,1996,184.46
83,1997,169.67
83,1998,180.53
83,1999,184.32
83,2000,210.47
83,2001,189.62
83,2002,170.92
83,2003,148.66
83,2004,178.99
83,2005,196.06
83,2006,187.88
83,2007,188.62
83,2008,189.68
83,2009,200.5
83,2010,199.5
83,2011,217.15
83,2012,201.6
83,2013,231.63
118,1961,186.15
118,1962,174.25
118,1963,171.39
118,1964,179.26
118,1965,231.67
118,1966,244.55
118,1967,269.28
118,1968,278.59
118,1969,236.79
118,1970,257.36
118,1971,244.29
118,1972,243.0
118,1973,225.41
118,1974,226.77
118,1975,259.03
118,1976,254.03
118,1977,234.71
118,1978,268.21
118,1979,281.12
118,1980,289.23
118,1981,282.15
118,1982,303.55
118,1983,299.54
118,1984,307.83
118,1985,302.33
118,1986,269.51
118,1987,282.23
118,1988,268.55
118,1989,264.09
118,1990,129.35
118,1991,41.58
118,1992,165.07
118,1993,208.47
118,1994,255.69
118,1995,280.26
118,1996,289.06
118,1997,286.34
118,1998,267.72
118,1999,261.14
118,2000,271.73
118,2001,267.46
118,2002,145.89
118,2003,136.77
118,2004,144.74
118,2005,163.24
118,2006,257.12
118,2007,214.41
118,2008,176.9
118,2009,207.71
118,2010,175.54
118,2011,189.28
118,2012,229.6
118,2013,298.1
113,1992,72.58
113,1993,25.25
113,1994,35.97
113,1995,24.22
113,1996,16.77
113,1997,31.02
113,1998,32.2
113,1999,23.79
113,2000,74.1
113,2001,85.96
113,2002,83.18
113,2003,78.71
113,2004,100.84
113,2005,95.39
113,2006,131.19
113,2007,116.2
113,2008,85.87
113,2009,88.37
113,2010,87.02
113,2011,85.17
113,2012,75.75
113,2013,79.75
120,1961,69.3
120,1962,69.27
120,1963,69.04
120,1964,68.37
120,1965,68.9
120,1966,70.67
120,1967,69.89
120,1968,68.92
120,1969,72.06
120,1970,74.66
120,1971,69.26
120,1972,69.49
120,1973,67.74
120,1974,67.11
120,1975,59.35
120,1976,62.18
120,1977,60.91
120,1978,56.53
120,1979,65.37
120,1980,72.29
120,1981,75.35
120,1982,78.17
120,1983,79.98
120,1984,84.41
120,1985,85.84
120,1986,87.19
120,1987,77.79
120,1988,71.83
120,1989,75.73
120,1990,79.14
120,1991,79.55
120,1992,83.61
120,1993,82.98
120,1994,83.24
120,1995,74.7
120,1996,77.39
120,1997,84.23
120,1998,88.72
120,1999,88.82
120,2000,92.93
120,2001,96.88
120,2002,118.79
120,2003,136.32
120,2004,163.6
120,2005,167.85
120,2006,173.94
120,2007,193.57
120,2008,144.72
120,2009,166.44
120,2010,168.25
120,2011,186.49
120,2012,220.48
120,2013,225.63
119,1992,70.93
119,1993,149.21
119,1994,100.78
119,1995,109.63
119,1996,103.24
119,1997,134.62
119,1998,117.55
119,1999,147.74
119,2000,160.12
119,2001,147.97
119,2002,161.46
119,2003,141.64
119,2004,143.34
119,2005,160.21
119,2006,157.95
119,2007,168.89
119,2008,144.33
119,2009,133.05
119,2010,126.88
119,2011,132.45
119,2012,129.89
119,2013,131.48
121,1961,401.93
121,1962,342.79
121,1963,362.71
121,1964,403.05
121,1965,318.78
121,1966,305.9
121,1967,290.99
121,1968,303.62
121,1969,244.01
121,1970,308.28
121,1971,328.01
121,1972,442.07
121,1973,345.97
121,1974,365.82
121,1975,329.2
121,1976,308.35
121,1977,387.48
121,1978,360.59
121,1979,341.95
121,1980,313.26
121,1981,288.91
121,1982,344.62
121,1983,413.71
121,1984,448.13
121,1985,471.0
121,1986,525.46
121,1987,629.89
121,1988,630.37
121,1989,654.89
121,1990,687.21
121,1991,698.38
121,1992,662.19
121,1993,655.7
121,1994,616.51
121,1995,633.18
121,1996,655.2
121,1997,563.89
121,1998,512.88
121,1999,560.74
121,2000,436.78
121,2001,403.02
121,2002,384.5
121,2003,439.34
121,2004,401.22
121,2005,351.24
121,2006,342.8
121,2007,316.34
121,2008,305.76
121,2009,277.68
121,2010,202.15
121,2011,244.41
121,2012,265.07
121,2013,291.18
122,1961,41.29
122,1962,40.54
122,1963,39.81
122,1964,45.0
122,1965,42.8
122,1966,40.72
122,1967,40.18
122,1968,39.37
122,1969,38.59
122,1970,40.43
122,1971,42.19
122,1972,44.5
122,1973,46.26
122,1974,48.6
122,1975,49.57
122,1976,55.71
122,1977,50.88
122,1978,46.65
122,1979,48.71
122,1980,43.87
122,1981,48.09
122,1982,50.81
122,1983,71.15
122,1984,64.68
122,1985,56.11
122,1986,45.77
122,1987,56.6
122,1988,61.45
122,1989,61.87
122,1990,60.14
122,1991,60.84
122,1992,58.18
122,1993,56.12
122,1994,55.4
122,1995,50.22
122,1996,50.92
122,1997,48.88
122,1998,45.64
122,1999,45.27
122,2000,46.75
122,2001,47.45
122,2002,46.91
122,2003,51.08
122,2004,49.13
122,2005,50.54
122,2006,51.84
122,2007,53.1
122,2008,54.19
122,2009,48.97
122,2010,48.19
122,2011,49.86
122,2012,51.5
122,2013,77.36
123,1961,194.17
123,1962,192.66
123,1963,189.95
123,1964,186.38
123,1965,181.0
123,1966,176.96
123,1967,174.75
123,1968,177.05
123,1969,174.46
123,1970,176.37
123,1971,171.87
123,1972,167.61
123,1973,164.53
123,1974,173.79
123,1975,172.68
123,1976,175.12
123,1977,175.3
123,1978,173.17
123,1979,166.65
123,1980,161.12
123,1981,156.95
123,1982,156.36
123,1983,152.91
123,1984,151.12
123,1985,150.23
123,1986,143.44
123,1987,133.91
123,1988,126.59
123,1989,137.47
123,1990,131.4
123,1991,136.19
123,1992,145.35
123,1993,154.49
123,1994,158.9
123,1995,165.7
123,1996,167.3
123,1997,160.18
123,1998,165.5
123,1999,142.03
123,2000,148.71
123,2001,147.62
123,2002,147.94
123,2003,145.91
123,2004,143.94
123,2005,136.52
123,2006,141.78
123,2007,131.27
123,2008,126.51
123,2009,126.3
123,2010,124.02
123,2011,121.75
123,2012,118.45
123,2013,119.12
126,1992,81.8
126,1993,161.18
126,1994,49.26
126,1995,85.82
126,1996,116.52
126,1997,211.29
126,1998,154.13
126,1999,173.01
126,2000,179.64
126,2001,200.48
126,2002,158.23
126,2003,180.86
126,2004,153.03
126,2005,201.38
126,2006,298.1
126,2007,271.39
126,2008,170.59
126,2009,157.34
126,2010,115.39
126,2011,113.89
126,2012,150.55
126,2013,134.47
256,2000,597.73
256,2001,583.48
256,2002,654.65
256,2003,657.56
256,2004,566.74
256,2005,518.21
256,2006,541.6
256,2007,514.74
256,2008,565.02
256,2009,486.31
256,2010,482.76
256,2011,553.9
256,2012,554.48
256,2013,550.22
129,1961,149.72
129,1962,155.28
129,1963,150.96
129,1964,158.74
129,1965,155.42
129,1966,163.26
129,1967,171.5
129,1968,190.05
129,1969,219.89
129,1970,221.93
129,1971,221.55
129,1972,225.31
129,1973,239.38
129,1974,324.29
129,1975,305.65
129,1976,265.44
129,1977,219.74
129,1978,204.68
129,1979,185.05
129,1980,197.55
129,1981,197.93
129,1982,198.4
129,1983,197.63
129,1984,175.44
129,1985,173.02
129,1986,174.42
129,1987,171.13
129,1988,168.13
129,1989,162.88
129,1990,161.96
129,1991,156.12
129,1992,152.64
129,1993,149.37
129,1994,136.96
129,1995,137.62
129,1996,138.26
129,1997,137.18
129,1998,134.35
129,1999,130.47
129,2000,130.22
129,2001,128.82
129,2002,128.79
129,2003,125.12
129,2004,124.43
129,2005,124.02
129,2006,123.69
129,2007,126.07
129,2008,119.86
129,2009,128.95
129,2010,131.6
129,2011,131.72
129,2012,129.71
129,2013,125.31
130,1961,148.93
130,1962,148.09
130,1963,146.59
130,1964,145.64
130,1965,144.61
130,1966,145.21
130,1967,145.73
130,1968,144.5
130,1969,142.82
130,1970,141.97
130,1971,142.58
130,1972,144.59
130,1973,146.4
130,1974,147.34
130,1975,149.55
130,1976,151.48
130,1977,149.59
130,1978,150.14
130,1979,148.98
130,1980,148.27
130,1981,149.65
130,1982,151.39
130,1983,151.21
130,1984,147.39
130,1985,144.32
130,1986,141.65
130,1987,135.33
130,1988,130.3
130,1989,128.0
130,1990,125.9
130,1991,127.39
130,1992,121.2
130,1993,126.29
130,1994,122.9
130,1995,124.96
130,1996,124.97
130,1997,119.79
130,1998,118.04
130,1999,162.72
130,2000,164.64
130,2001,162.31
130,2002,170.85
130,2003,177.67
130,2004,184.0
130,2005,180.23
130,2006,183.12
130,2007,181.68
130,2008,180.23
130,2009,181.77
130,2010,175.31
130,2011,169.21
130,2012,169.59
130,2013,170.73
131,1961,160.75
131,1962,167.04
131,1963,157.98
131,1964,161.03
131,1965,162.36
131,1966,143.38
131,1967,142.62
131,1968,141.99
131,1969,159.14
131,1970,163.66
131,1971,166.85
131,1972,162.12
131,1973,149.53
131,1974,152.77
131,1975,148.0
131,1976,144.24
131,1977,147.63
131,1978,151.88
131,1979,161.22
131,1980,157.12
131,1981,148.12
131,1982,144.52
131,1983,151.53
131,1984,148.71
131,1985,147.71
131,1986,145.35
131,1987,142.72
131,1988,158.55
131,1989,156.04
131,1990,144.12
131,1991,138.65
131,1992,145.54
131,1993,144.6
131,1994,148.19
131,1995,148.93
131,1996,146.23
131,1997,149.44
131,1998,138.88
131,1999,143.45
131,2000,148.07
131,2001,152.91
131,2002,151.28
131,2003,150.44
131,2004,149.91
131,2005,145.86
131,2006,129.43
131,2007,125.06
131,2008,126.76
131,2009,120.74
131,2010,127.05
131,2011,127.9
131,2012,130.51
131,2013,124.08
132,1961,131.57
132,1962,130.22
132,1963,131.59
132,1964,131.56
132,1965,131.62
132,1966,131.59
132,1967,131.64
132,1968,132.83
132,1969,131.65
132,1970,141.05
132,1971,143.09
132,1972,146.01
132,1973,143.51
132,1974,142.19
132,1975,140.36
132,1976,139.21
132,1977,138.97
132,1978,137.94
132,1979,136.05
132,1980,134.26
132,1981,132.33
132,1982,131.03
132,1983,131.7
132,1984,128.66
132,1985,124.63
132,1986,122.11
132,1987,114.9
132,1988,110.95
132,1989,165.91
132,1990,74.84
132,1991,81.49
132,1992,82.1
132,1993,194.49
132,1994,226.7
132,1995,199.28
132,1996,225.77
132,1997,199.6
132,1998,195.02
132,1999,170.32
132,2000,183.72
132,2001,183.35
132,2002,189.21
132,2003,193.56
132,2004,275.68
132,2005,232.22
132,2006,286.05
132,2007,286.86
132,2008,296.06
132,2009,262.12
132,2010,252.28
132,2011,283.43
132,2012,419.64
132,2013,432.53
133,1961,40.29
133,1962,39.49
133,1963,38.45
133,1964,38.35
133,1965,41.68
133,1966,41.44
133,1967,41.31
133,1968,40.76
133,1969,45.13
133,1970,46.47
133,1971,46.92
133,1972,45.88
133,1973,46.32
133,1974,47.77
133,1975,47.27
133,1976,48.07
133,1977,48.8
133,1978,50.75
133,1979,49.35
133,1980,49.84
133,1981,49.88
133,1982,49.2
133,1983,48.71
133,1984,49.85
133,1985,49.46
133,1986,52.28
133,1987,52.18
133,1988,50.52
133,1989,50.87
133,1990,53.4
133,1991,54.97
133,1992,56.37
133,1993,56.8
133,1994,62.83
133,1995,62.94
133,1996,73.16
133,1997,74.7
133,1998,76.98
133,1999,74.94
133,2000,67.9
133,2001,80.36
133,2002,67.56
133,2003,79.12
133,2004,85.12
133,2005,74.78
133,2006,84.96
133,2007,84.46
133,2008,76.71
133,2009,75.91
133,2010,84.8
133,2011,76.26
133,2012,85.59
133,2013,78.64
134,1961,144.28
134,1962,151.46
134,1963,138.85
134,1964,149.64
134,1965,126.12
134,1966,145.62
134,1967,150.43
134,1968,144.11
134,1969,165.21
134,1970,161.84
134,1971,167.92
134,1972,181.66
134,1973,160.83
134,1974,155.11
134,1975,184.25
134,1976,201.55
134,1977,152.8
134,1978,159.54
134,1979,164.6
134,1980,191.54
134,1981,184.46
134,1982,187.52
134,1983,166.95
134,1984,178.19
134,1985,198.34
134,1986,188.45
134,1987,203.8
134,1988,224.52
134,1989,201.68
134,1990,234.33
134,1991,226.25
134,1992,227.0
134,1993,262.09
134,1994,253.71
134,1995,306.51
134,1996,236.1
134,1997,241.34
134,1998,278.47
134,1999,263.93
134,2000,269.01
134,2001,259.49
134,2002,253.36
134,2003,278.87
134,2004,289.16
134,2005,313.91
134,2006,272.76
134,2007,257.29
134,2008,269.59
134,2009,272.36
134,2010,202.6
134,2011,232.8
134,2012,231.77
134,2013,208.76
136,1961,42.17
136,1962,38.74
136,1963,38.5
136,1964,39.69
136,1965,42.34
136,1966,36.36
136,1967,36.03
136,1968,34.25
136,1969,30.46
136,1970,37.09
136,1971,25.63
136,1972,25.16
136,1973,25.44
136,1974,24.21
136,1975,26.52
136,1976,29.74
136,1977,23.81
136,1978,23.2
136,1979,26.2
136,1980,24.38
136,1981,21.9
136,1982,22.29
136,1983,49.87
136,1984,82.64
136,1985,20.05
136,1986,19.66
136,1987,17.92
136,1988,19.3
136,1989,18.35
136,1990,16.7
136,1991,19.62
136,1992,15.77
136,1993,24.53
136,1994,30.49
136,1995,29.97
136,1996,27.16
136,1997,31.18
136,1998,18.43
136,1999,26.06
136,2000,28.26
136,2001,26.26
136,2002,29.81
136,2003,27.11
136,2004,27.89
136,2005,29.49
136,2006,24.24
136,2007,45.68
136,2008,47.1
136,2009,35.45
136,2010,33.24
136,2011,31.33
136,2012,39.54
136,2013,31.06
137,1961,19.97
137,1962,19.63
137,1963,31.17
137,1964,25.19
137,1965,44.2
137,1966,40.45
137,1967,42.91
137,1968,43.87
137,1969,42.4
137,1970,34.37
137,1971,45.86
137,1972,46.05
137,1973,41.29
137,1974,42.02
137,1975,32.5
137,1976,45.07
137,1977,46.59
137,1978,47.29
137,1979,40.76
137,1980,37.55
137,1981,37.18
137,1982,34.27
137,1983,35.88
137,1984,25.22
137,1985,29.23
137,1986,31.56
137,1987,34.96
137,1988,42.65
137,1989,44.94
137,1990,53.31
137,1991,63.91
137,1992,67.92
137,1993,81.31
137,1994,81.92
137,1995,80.52
137,1996,80.17
137,1997,83.41
137,1998,83.34
137,1999,87.93
137,2000,99.6
137,2001,106.35
137,2002,100.85
137,2003,120.89
137,2004,122.63
137,2005,116.47
137,2006,123.05
137,2007,124.25
137,2008,151.67
137,2009,157.32
137,2010,140.25
137,2011,148.31
137,2012,159.89
137,2013,183.38
138,1961,150.53
138,1962,164.66
138,1963,175.37
138,1964,173.34
138,1965,215.96
138,1966,224.48
138,1967,225.48
138,1968,214.19
138,1969,195.26
138,1970,192.83
138,1971,231.02
138,1972,214.94
138,1973,221.36
138,1974,209.07
138,1975,222.01
138,1976,225.74
138,1977,222.5
138,1978,236.77
138,1979,224.84
138,1980,247.47
138,1981,267.42
138,1982,285.24
138,1983,266.24
138,1984,284.4
138,1985,267.53
138,1986,268.57
138,1987,258.53
138,1988,262.62
138,1989,247.55
138,1990,243.5
138,1991,242.82
138,1992,258.26
138,1993,255.51
138,1994,274.69
138,1995,272.19
138,1996,287.55
138,1997,280.2
138,1998,247.71
138,1999,268.67
138,2000,292.53
138,2001,312.87
138,2002,308.1
138,2003,305.98
138,2004,312.39
138,2005,297.71
138,2006,307.88
138,2007,300.15
138,2008,304.67
138,2009,294.15
138,2010,266.98
138,2011,275.81
138,2012,268.67
138,2013,294.35
141,1961,6.72
141,1962,6.65
141,1963,6.57
141,1964,6.49
141,1965,6.63
141,1966,6.46
141,1967,6.6
141,1968,6.72
141,1969,6.83
141,1970,7.11
141,1971,9.8
141,1972,12.18
141,1973,11.75
141,1974,10.54
141,1975,9.95
141,1976,9.38
141,1977,9.38
141,1978,9.75
141,1979,11.84
141,1980,12.84
141,1981,18.13
141,1982,17.11
141,1983,7.86
141,1984,11.27
141,1985,10.87
141,1986,8.74
141,1987,10.29
141,1988,16.92
141,1989,14.46
141,1990,12.89
141,1991,8.01
141,1992,3.8
141,1993,4.32
141,1994,6.69
141,1995,11.67
141,1996,16.01
141,1997,24.24
141,1998,31.94
141,1999,25.36
141,2000,29.37
141,2001,29.48
141,2002,38.21
141,2003,46.94
141,2004,43.92
141,2005,35.88
141,2006,72.31
141,2007,105.89
141,2008,66.01
141,2009,68.93
141,2010,78.26
141,2011,79.6
141,2012,78.94
141,2013,82.49
273,2006,373.46
273,2007,504.05
273,2008,612.86
273,2009,551.04
273,2010,454.55
273,2011,468.68
273,2012,329.11
273,2013,375.15
143,1961,69.7
143,1962,66.99
143,1963,68.33
143,1964,80.84
143,1965,73.78
143,1966,81.09
143,1967,84.51
143,1968,92.6
143,1969,76.98
143,1970,84.98
143,1971,87.71
143,1972,87.76
143,1973,98.09
143,1974,104.37
143,1975,87.01
143,1976,88.56
143,1977,98.99
143,1978,109.8
143,1979,95.86
143,1980,88.13
143,1981,102.5
143,1982,105.65
143,1983,108.74
143,1984,119.66
143,1985,111.89
143,1986,140.83
143,1987,122.24
143,1988,146.35
143,1989,182.52
143,1990,141.79
143,1991,165.28
143,1992,152.29
143,1993,178.39
143,1994,172.33
143,1995,135.05
143,1996,160.93
143,1997,171.1
143,1998,184.28
143,1999,169.15
143,2000,184.75
143,2001,141.29
143,2002,174.12
143,2003,182.55
143,2004,188.79
143,2005,182.54
143,2006,195.29
143,2007,181.45
143,2008,164.19
143,2009,215.57
143,2010,215.25
143,2011,239.75
143,2012,249.7
143,2013,233.72
144,1961,72.86
144,1962,69.76
144,1963,73.91
144,1964,71.09
144,1965,70.74
144,1966,71.38
144,1967,68.7
144,1968,68.78
144,1969,74.97
144,1970,73.8
144,1971,83.64
144,1972,81.26
144,1973,81.16
144,1974,79.07
144,1975,65.1
144,1976,67.78
144,1977,69.17
144,1978,65.75
144,1979,63.89
144,1980,62.62
144,1981,63.2
144,1982,62.43
144,1983,62.2
144,1984,60.21
144,1985,59.82
144,1986,62.58
144,1987,64.85
144,1988,66.27
144,1989,66.73
144,1990,66.96
144,1991,60.62
144,1992,47.64
144,1993,54.84
144,1994,49.93
144,1995,52.3
144,1996,54.14
144,1997,54.16
144,1998,54.2
144,1999,53.29
144,2000,39.97
144,2001,41.39
144,2002,50.0
144,2003,50.85
144,2004,49.98
144,2005,51.07
144,2006,55.3
144,2007,59.23
144,2008,61.62
144,2009,64.88
144,2010,68.23
144,2011,66.2
144,2012,76.28
144,2013,71.34
28,1961,96.89
28,1962,97.81
28,1963,88.46
28,1964,84.46
28,1965,84.9
28,1966,85.06
28,1967,84.61
28,1968,82.71
28,1969,65.04
28,1970,66.06
28,1971,65.75
28,1972,65.46
28,1973,64.57
28,1974,64.84
28,1975,64.6
28,1976,64.91
28,1977,65.35
28,1978,62.43
28,1979,60.77
28,1980,59.49
28,1981,58.1
28,1982,57.67
28,1983,58.08
28,1984,56.78
28,1985,56.18
28,1986,57.26
28,1987,57.17
28,1988,57.54
28,1989,58.01
28,1990,57.19
28,1991,57.19
28,1992,56.33
28,1993,58.3
28,1994,61.69
28,1995,63.69
28,1996,63.34
28,1997,67.62
28,1998,72.81
28,1999,74.9
28,2000,76.1
28,2001,77.66
28,2002,81.11
28,2003,81.32
28,2004,88.85
28,2005,90.71
28,2006,98.99
28,2007,99.13
28,2008,97.18
28,2009,96.27
28,2010,97.32
28,2011,108.02
28,2012,105.6
28,2013,107.72
147,1961,79.93
147,1962,79.85
147,1963,85.48
147,1964,85.28
147,1965,86.64
147,1966,84.54
147,1967,84.02
147,1968,81.86
147,1969,81.32
147,1970,77.45
147,1971,81.27
147,1972,83.18
147,1973,80.66
147,1974,82.47
147,1975,80.29
147,1976,82.37
147,1977,83.06
147,1978,81.26
147,1979,82.11
147,1980,80.33
147,1981,81.08
147,1982,81.65
147,1983,79.76
147,1984,79.83
147,1985,77.26
147,1986,74.28
147,1987,71.18
147,1988,71.85
147,1989,68.85
147,1990,65.94
147,1991,67.25
147,1992,61.89
147,1993,61.68
147,1994,62.95
147,1995,61.76
147,1996,62.04
147,1997,70.21
147,1998,115.17
147,1999,91.16
147,2000,80.74
147,2001,92.91
147,2002,71.11
147,2003,66.2
147,2004,76.81
147,2005,80.2
147,2006,83.95
147,2007,74.6
147,2008,66.23
147,2009,56.33
147,2010,64.05
147,2011,73.31
147,2012,174.71
147,2013,199.5
149,1961,22.85
149,1962,22.96
149,1963,23.28
149,1964,23.34
149,1965,23.61
149,1966,23.62
149,1967,23.83
149,1968,24.02
149,1969,23.96
149,1970,23.89
149,1971,24.02
149,1972,24.12
149,1973,24.01
149,1974,23.89
149,1975,23.76
149,1976,23.43
149,1977,23.28
149,1978,23.33
149,1979,23.16
149,1980,23.2
149,1981,23.15
149,1982,23.91
149,1983,51.33
149,1984,53.16
149,1985,52.87
149,1986,55.33
149,1987,57.86
149,1988,57.57
149,1989,57.12
149,1990,63.45
149,1991,132.09
149,1992,129.25
149,1993,130.93
149,1994,131.53
149,1995,133.2
149,1996,84.38
149,1997,96.14
149,1998,92.58
149,1999,97.72
149,2000,95.39
149,2001,102.57
149,2002,98.97
149,2003,104.82
149,2004,109.19
149,2005,113.78
149,2006,111.59
149,2007,115.88
149,2008,124.77
149,2009,121.53
149,2010,132.81
149,2011,144.07
149,2012,185.4
149,2013,167.6
150,1961,174.01
150,1962,183.33
150,1963,192.72
150,1964,230.33
150,1965,204.37
150,1966,205.09
150,1967,247.36
150,1968,239.44
150,1969,242.68
150,1970,249.69
150,1971,236.78
150,1972,214.9
150,1973,218.44
150,1974,222.35
150,1975,231.83
150,1976,264.39
150,1977,247.84
150,1978,286.45
150,1979,298.64
150,1980,307.29
150,1981,264.27
150,1982,294.7
150,1983,291.39
150,1984,298.06
150,1985,256.81
150,1986,298.43
150,1987,308.42
150,1988,335.99
150,1989,320.41
150,1990,375.73
150,1991,387.73
150,1992,481.84
150,1993,359.32
150,1994,377.8
150,1995,395.48
150,1996,330.49
150,1997,291.99
150,1998,302.75
150,1999,333.56
150,2000,331.61
150,2001,334.62
150,2002,393.3
150,2003,364.35
150,2004,353.48
150,2005,348.0
150,2006,355.17
150,2007,369.77
150,2008,343.04
150,2009,305.27
150,2010,318.29
150,2011,424.9
150,2012,430.49
150,2013,482.47
151,1961,279.49
151,1962,292.49
151,1963,293.14
151,1964,267.5
151,1965,240.33
151,1966,235.4
151,1967,231.94
151,1968,236.65
151,1969,242.53
151,1970,277.09
151,1971,281.45
151,1972,278.95
151,1973,263.9
151,1974,280.53
151,1975,291.54
151,1976,366.63
151,1977,355.9
151,1978,321.86
151,1979,360.98
151,1980,341.6
151,1981,418.69
151,1982,457.82
151,1983,473.34
151,1984,511.56
151,1985,345.6
151,1986,378.11
151,1987,357.06
151,1988,282.15
151,1989,292.88
151,1990,348.08
151,1991,345.63
151,1992,349.08
151,1993,345.84
151,1994,277.1
151,1995,292.23
151,1996,256.97
151,1997,249.87
151,1998,252.41
151,1999,144.22
151,2000,141.38
151,2001,147.14
151,2002,131.54
151,2003,193.12
151,2004,185.35
151,2005,185.4
151,2006,183.82
151,2007,184.04
151,2008,182.99
151,2009,185.92
151,2010,175.62
153,1961,288.56
153,1962,274.56
153,1963,216.43
153,1964,238.08
153,1965,256.07
153,1966,256.72
153,1967,241.05
153,1968,239.38
153,1969,235.88
153,1970,268.94
153,1971,257.77
153,1972,261.7
153,1973,253.4
153,1974,243.99
153,1975,204.75
153,1976,201.36
153,1977,209.93
153,1978,202.97
153,1979,209.2
153,1980,259.85
153,1981,197.08
153,1982,185.31
153,1983,256.26
153,1984,210.9
153,1985,204.08
153,1986,178.22
153,1987,168.45
153,1988,175.84
153,1989,184.16
153,1990,123.71
153,1991,132.07
153,1992,128.0
153,1993,125.08
153,1994,126.81
153,1995,135.35
153,1996,147.63
153,1997,173.0
153,1998,191.34
153,1999,134.47
153,2000,137.29
153,2001,164.58
153,2002,153.88
153,2003,198.18
153,2004,227.15
153,2005,213.36
153,2006,233.44
153,2007,243.01
153,2008,211.03
153,2009,266.0
153,2010,259.47
153,2011,250.33
153,2012,311.86
153,2013,335.59
156,1961,173.52
156,1962,175.65
156,1963,182.28
156,1964,210.35
156,1965,177.87
156,1966,208.33
156,1967,193.27
156,1968,185.0
156,1969,179.82
156,1970,198.65
156,1971,181.33
156,1972,205.23
156,1973,196.81
156,1974,198.05
156,1975,183.02
156,1976,194.22
156,1977,191.58
156,1978,202.7
156,1979,200.88
156,1980,225.74
156,1981,247.39
156,1982,236.27
156,1983,230.66
156,1984,255.45
156,1985,270.36
156,1986,274.94
156,1987,323.61
156,1988,312.45
156,1989,320.43
156,1990,277.8
156,1991,264.91
156,1992,275.82
156,1993,308.42
156,1994,317.92
156,1995,317.51
156,1996,323.88
156,1997,315.04
156,1998,298.61
156,1999,311.74
156,2000,351.48
156,2001,334.57
156,2002,319.37
156,2003,297.1
156,2004,311.02
156,2005,326.28
156,2006,265.68
156,2007,312.77
156,2008,329.44
156,2009,302.24
156,2010,298.71
156,2011,250.64
156,2012,257.64
156,2013,271.27
157,1961,181.83
157,1962,174.13
157,1963,182.48
157,1964,179.29
157,1965,157.1
157,1966,157.35
157,1967,165.58
157,1968,169.28
157,1969,180.88
157,1970,182.45
157,1971,177.68
157,1972,159.2
157,1973,177.88
157,1974,171.48
157,1975,170.72
157,1976,174.23
157,1977,204.28
157,1978,183.45
157,1979,147.2
157,1980,159.18
157,1981,140.24
157,1982,172.98
157,1983,123.99
157,1984,145.77
157,1985,124.69
157,1986,128.73
157,1987,121.99
157,1988,113.93
157,1989,112.3
157,1990,103.75
157,1991,119.15
157,1992,153.16
157,1993,114.81
157,1994,104.61
157,1995,91.23
157,1996,92.72
157,1997,82.72
157,1998,94.3
157,1999,95.79
157,2000,85.02
157,2001,90.29
157,2002,81.38
157,2003,89.86
157,2004,90.52
157,2005,92.81
157,2006,91.48
157,2007,99.68
157,2008,123.15
157,2009,134.23
157,2010,127.1
157,2011,122.88
157,2012,104.99
157,2013,107.07
158,1961,17.38
158,1962,18.17
158,1963,18.22
158,1964,18.0
158,1965,17.28
158,1966,17.14
158,1967,17.09
158,1968,17.4
158,1969,16.85
158,1970,16.95
158,1971,13.73
158,1972,13.69
158,1973,12.35
158,1974,13.02
158,1975,15.26
158,1976,15.18
158,1977,14.99
158,1978,18.67
158,1979,17.91
158,1980,18.37
158,1981,18.2
158,1982,18.45
158,1983,19.93
158,1984,19.13
158,1985,17.45
158,1986,15.81
158,1987,16.11
158,1988,16.99
158,1989,17.95
158,1990,16.71
158,1991,15.61
158,1992,15.15
158,1993,14.51
158,1994,13.28
158,1995,15.63
158,1996,14.83
158,1997,14.98
158,1998,13.85
158,1999,15.38
158,2000,18.9
158,2001,29.86
158,2002,39.88
158,2003,49.43
158,2004,52.78
158,2005,56.91
158,2006,61.43
158,2007,66.85
158,2008,70.89
158,2009,86.79
158,2010,84.43
158,2011,80.29
158,2012,79.26
158,2013,77.97
159,1961,178.43
159,1962,176.59
159,1963,174.48
159,1964,172.41
159,1965,175.8
159,1966,173.89
159,1967,171.99
159,1968,170.19
159,1969,168.56
159,1970,195.7
159,1971,193.03
159,1972,188.53
159,1973,184.15
159,1974,180.89
159,1975,179.77
159,1976,176.69
159,1977,172.63
159,1978,168.34
159,1979,174.02
159,1980,171.94
159,1981,168.25
159,1982,165.49
159,1983,176.58
159,1984,172.77
159,1985,169.27
159,1986,168.08
159,1987,161.98
159,1988,154.77
159,1989,172.75
159,1990,163.22
159,1991,176.66
159,1992,180.1
159,1993,189.68
159,1994,178.59
159,1995,176.28
159,1996,178.2
159,1997,180.6
159,1998,185.26
159,1999,185.92
159,2000,185.42
159,2001,184.39
159,2002,187.43
159,2003,194.94
159,2004,202.43
159,2005,187.95
159,2006,167.7
159,2007,168.16
159,2008,159.88
159,2009,164.4
159,2010,167.14
159,2011,163.13
159,2012,162.58
159,2013,156.01
162,1961,174.39
162,1962,205.72
162,1963,193.79
162,1964,199.1
162,1965,197.48
162,1966,209.3
162,1967,201.99
162,1968,222.49
162,1969,216.67
162,1970,213.92
162,1971,211.94
162,1972,228.25
162,1973,216.71
162,1974,239.03
162,1975,215.62
162,1976,246.93
162,1977,237.8
162,1978,244.06
162,1979,235.23
162,1980,233.59
162,1981,253.7
162,1982,255.73
162,1983,253.03
162,1984,260.3
162,1985,268.62
162,1986,278.8
162,1987,294.26
162,1988,278.72
162,1989,282.08
162,1990,271.23
162,1991,255.47
162,1992,260.67
162,1993,283.3
162,1994,274.28
162,1995,267.36
162,1996,273.95
162,1997,280.93
162,1998,282.78
162,1999,293.13
162,2000,296.87
162,2001,296.61
162,2002,334.04
162,2003,341.55
162,2004,357.92
162,2005,361.2
162,2006,368.35
162,2007,390.47
162,2008,405.53
162,2009,353.48
162,2010,348.98
162,2011,377.59
162,2012,385.2
162,2013,385.94
221,1990,294.67
221,1991,336.71
221,1992,357.39
221,1993,366.0
221,1994,330.32
221,1995,329.15
221,1996,337.63
221,1997,308.99
221,1998,362.93
221,1999,396.0
221,2000,409.73
221,2001,437.81
221,2002,478.97
221,2003,473.29
221,2004,501.7
221,2005,525.27
221,2006,553.51
221,2007,581.51
221,2008,586.71
221,2009,691.68
221,2010,723.15
221,2011,685.07
221,2012,740.52
221,2013,627.99
165,1961,59.74
165,1962,66.8
165,1963,63.49
165,1964,70.37
165,1965,77.38
165,1966,73.95
165,1967,85.71
165,1968,82.32
165,1969,69.68
165,1970,72.66
165,1971,72.34
165,1972,78.49
165,1973,77.46
165,1974,79.4
165,1975,80.1
165,1976,77.84
165,1977,73.75
165,1978,79.1
165,1979,78.5
165,1980,80.47
165,1981,91.11
165,1982,95.44
165,1983,94.76
165,1984,96.37
165,1985,96.78
165,1986,98.37
165,1987,92.27
165,1988,92.2
165,1989,91.59
165,1990,91.36
165,1991,88.03
165,1992,88.35
165,1993,100.82
165,1994,105.62
165,1995,106.19
165,1996,105.39
165,1997,102.59
165,1998,101.05
165,1999,93.39
165,2000,92.71
165,2001,89.86
165,2002,85.58
165,2003,85.67
165,2004,89.72
165,2005,103.51
165,2006,100.3
165,2007,89.7
165,2008,99.84
165,2009,90.36
165,2010,89.18
165,2011,85.55
165,2012,82.18
165,2013,80.42
166,1961,275.97
166,1962,274.97
166,1963,277.21
166,1964,280.99
166,1965,281.19
166,1966,283.85
166,1967,301.85
166,1968,321.87
166,1969,323.1
166,1970,318.38
166,1971,316.88
166,1972,313.15
166,1973,304.11
166,1974,317.27
166,1975,306.3
166,1976,299.6
166,1977,291.51
166,1978,277.01
166,1979,281.94
166,1980,194.0
166,1981,179.0
166,1982,185.18
166,1983,185.0
166,1984,202.63
166,1985,206.66
166,1986,181.76
166,1987,266.59
166,1988,253.18
166,1989,265.03
166,1990,243.98
166,1991,183.81
166,1992,207.05
166,1993,191.18
166,1994,194.22
166,1995,216.74
166,1996,226.88
166,1997,194.35
166,1998,187.4
166,1999,206.87
166,2000,233.31
166,2001,203.23
166,2002,224.11
166,2003,222.93
166,2004,243.31
166,2005,221.52
166,2006,223.8
166,2007,249.13
166,2008,241.03
166,2009,235.44
166,2010,238.73
166,2011,219.39
166,2012,249.9
166,2013,245.11
169,1961,422.28
169,1962,459.45
169,1963,507.84
169,1964,501.06
169,1965,537.95
169,1966,505.68
169,1967,507.29
169,1968,507.14
169,1969,510.69
169,1970,519.88
169,1971,520.2
169,1972,493.16
169,1973,514.88
169,1974,491.22
169,1975,452.72
169,1976,500.52
169,1977,502.46
169,1978,484.97
169,1979,446.86
169,1980,424.31
169,1981,424.61
169,1982,412.37
169,1983,386.88
169,1984,399.43
169,1985,406.83
169,1986,383.16
169,1987,355.19
169,1988,286.32
169,1989,287.96
169,1990,285.24
169,1991,294.11
169,1992,290.92
169,1993,290.28
169,1994,269.53
169,1995,248.3
169,1996,234.08
169,1997,238.4
169,1998,238.33
169,1999,252.27
169,2000,230.51
169,2001,224.33
169,2002,229.7
169,2003,250.68
169,2004,236.18
169,2005,241.38
169,2006,232.32
169,2007,219.77
169,2008,201.86
169,2009,205.46
169,2010,213.33
169,2011,195.98
169,2012,205.45
169,2013,200.11
170,1961,198.9
170,1962,227.34
170,1963,224.08
170,1964,215.83
170,1965,239.3
170,1966,294.46
170,1967,296.81
170,1968,286.55
170,1969,318.08
170,1970,318.73
170,1971,312.56
170,1972,271.37
170,1973,264.46
170,1974,262.58
170,1975,239.42
170,1976,234.01
170,1977,233.0
170,1978,219.52
170,1979,208.53
170,1980,138.34
170,1981,137.28
170,1982,136.69
170,1983,120.8
170,1984,134.29
170,1985,135.5
170,1986,139.22
170,1987,146.44
170,1988,154.14
170,1989,153.79
170,1990,131.65
170,1991,142.63
170,1992,126.93
170,1993,134.59
170,1994,158.57
170,1995,187.51
170,1996,204.87
170,1997,217.17
170,1998,212.1
170,1999,223.29
170,2000,228.92
170,2001,234.43
170,2002,235.06
170,2003,244.84
170,2004,246.36
170,2005,245.05
170,2006,252.52
170,2007,254.93
170,2008,274.24
170,2009,272.97
170,2010,294.74
170,2011,298.8
170,2012,300.42
170,2013,323.86
171,1961,271.41
171,1962,262.54
171,1963,257.57
171,1964,247.92
171,1965,247.01
171,1966,243.19
171,1967,237.22
171,1968,225.25
171,1969,221.06
171,1970,220.02
171,1971,217.75
171,1972,193.61
171,1973,174.78
171,1974,185.15
171,1975,203.17
171,1976,220.74
171,1977,239.95
171,1978,275.61
171,1979,287.46
171,1980,319.05
171,1981,309.18
171,1982,313.45
171,1983,309.15
171,1984,304.5
171,1985,294.33
171,1986,310.95
171,1987,307.56
171,1988,294.48
171,1989,275.46
171,1990,313.2
171,1991,286.46
171,1992,306.04
171,1993,284.39
171,1994,286.78
171,1995,277.9
171,1996,317.45
171,1997,284.21
171,1998,260.81
171,1999,271.28
171,2000,249.46
171,2001,236.73
171,2002,265.31
171,2003,260.98
171,2004,261.52
171,2005,270.75
171,2006,247.98
171,2007,277.24
171,2008,296.6
171,2009,312.54
171,2010,317.13
171,2011,316.87
171,2012,302.63
171,2013,289.59
173,1961,49.86
173,1962,52.29
173,1963,49.75
173,1964,66.31
173,1965,63.81
173,1966,87.13
173,1967,83.39
173,1968,86.58
173,1969,78.32
173,1970,81.94
173,1971,78.31
173,1972,77.68
173,1973,81.59
173,1974,82.19
173,1975,84.83
173,1976,104.92
173,1977,122.13
173,1978,115.62
173,1979,115.56
173,1980,106.71
173,1981,89.72
173,1982,116.23
173,1983,103.55
173,1984,99.72
173,1985,78.37
173,1986,97.54
173,1987,51.18
173,1988,87.97
173,1989,86.37
173,1990,79.17
173,1991,106.3
173,1992,113.67
173,1993,125.84
173,1994,94.69
173,1995,114.22
173,1996,135.44
173,1997,122.42
173,1998,134.83
173,1999,138.37
173,2000,129.07
173,2001,147.8
173,2002,134.11
173,2003,133.69
173,2004,136.09
173,2005,140.2
173,2006,141.7
173,2007,123.97
173,2008,151.06
173,2009,149.81
173,2010,143.65
173,2011,147.56
173,2012,157.89
173,2013,164.85
174,1961,216.02
174,1962,201.79
174,1963,215.65
174,1964,229.29
174,1965,235.82
174,1966,176.16
174,1967,192.22
174,1968,157.63
174,1969,166.25
174,1970,195.59
174,1971,203.8
174,1972,205.01
174,1973,190.09
174,1974,196.05
174,1975,194.86
174,1976,178.91
174,1977,131.03
174,1978,124.32
174,1979,130.56
174,1980,138.65
174,1981,124.01
174,1982,146.33
174,1983,145.04
174,1984,130.78
174,1985,140.55
174,1986,185.25
174,1987,242.35
174,1988,210.03
174,1989,249.12
174,1990,275.23
174,1991,259.32
174,1992,280.8
174,1993,286.55
174,1994,276.51
174,1995,325.26
174,1996,290.59
174,1997,295.63
174,1998,305.25
174,1999,340.0
174,2000,320.95
174,2001,313.65
174,2002,316.62
174,2003,294.63
174,2004,348.47
174,2005,311.14
174,2006,324.91
174,2007,316.7
174,2008,315.14
174,2009,322.82
174,2010,293.42
174,2011,303.98
174,2012,292.21
174,2013,343.16
117,1961,14.23
117,1962,18.08
117,1963,16.13
117,1964,20.13
117,1965,26.93
117,1966,28.11
117,1967,30.07
117,1968,32.15
117,1969,33.49
117,1970,33.64
117,1971,32.13
117,1972,37.59
117,1973,41.35
117,1974,43.04
117,1975,40.11
117,1976,43.32
117,1977,55.26
117,1978,58.38
117,1979,65.34
117,1980,63.6
117,1981,73.17
117,1982,82.85
117,1983,93.81
117,1984,82.46
117,1985,96.34
117,1986,93.65
117,1987,104.24
117,1988,114.7
117,1989,148.48
117,1990,128.74
117,1991,156.62
117,1992,170.95
117,1993,159.41
117,1994,166.68
117,1995,190.62
117,1996,173.83
117,1997,191.08
117,1998,157.51
117,1999,177.85
117,2000,190.56
117,2001,197.32
117,2002,186.66
117,2003,178.29
117,2004,185.08
117,2005,208.52
117,2006,194.02
117,2007,218.97
117,2008,203.11
117,2009,199.6
117,2010,185.06
117,2011,183.91
117,2012,183.95
117,2013,183.17
146,1992,152.69
146,1993,224.67
146,1994,185.51
146,1995,164.34
146,1996,175.81
146,1997,208.82
146,1998,150.26
146,1999,151.39
146,2000,147.46
146,2001,152.74
146,2002,150.83
146,2003,138.17
146,2004,117.37
146,2005,116.04
146,2006,125.79
146,2007,127.6
146,2008,148.0
146,2009,104.85
146,2010,112.11
146,2011,119.74
146,2012,169.97
146,2013,152.07
183,1961,95.8
183,1962,62.21
183,1963,93.0
183,1964,51.02
183,1965,102.24
183,1966,134.3
183,1967,103.67
183,1968,90.92
183,1969,130.73
183,1970,76.19
183,1971,76.56
183,1972,88.21
183,1973,92.27
183,1974,80.77
183,1975,77.46
183,1976,113.49
183,1977,100.76
183,1978,101.53
183,1979,127.82
183,1980,106.27
183,1981,104.27
183,1982,171.25
183,1983,165.18
183,1984,174.46
183,1985,161.32
183,1986,142.42
183,1987,126.79
183,1988,128.36
183,1989,132.08
183,1990,158.83
183,1991,137.24
183,1992,125.27
183,1993,177.4
183,1994,141.47
183,1995,132.35
183,1996,156.62
183,1997,129.3
183,1998,125.72
183,1999,119.96
183,2000,141.18
183,2001,142.76
183,2002,135.83
183,2003,187.59
183,2004,191.71
183,2005,203.74
183,2006,187.64
183,2007,160.25
183,2008,157.34
183,2009,176.74
183,2010,190.65
183,2011,201.07
183,2012,195.12
183,2013,208.68
185,1992,109.39
185,1993,97.02
185,1994,96.55
185,1995,91.43
185,1996,97.01
185,1997,98.98
185,1998,92.23
185,1999,79.07
185,2000,99.55
185,2001,107.04
185,2002,124.24
185,2003,129.35
185,2004,146.21
185,2005,164.02
185,2006,177.63
185,2007,191.41
185,2008,182.39
185,2009,170.13
185,2010,181.13
185,2011,187.27
185,2012,188.27
185,2013,196.29
184,1961,904.29
184,1962,1198.08
184,1963,822.92
184,1964,976.21
184,1965,1022.05
184,1966,999.8
184,1967,1254.25
184,1968,1258.96
184,1969,1237.57
184,1970,1210.25
184,1971,1194.83
184,1972,1162.89
184,1973,1188.02
184,1974,1079.53
184,1975,1101.92
184,1976,1120.32
184,1977,1130.06
184,1978,1114.16
184,1979,1127.99
184,1980,1112.63
184,1981,1143.36
184,1982,1204.92
184,1983,1161.91
184,1984,1039.52
184,1985,1104.17
184,1986,990.42
184,1987,951.3
184,1988,953.23
184,1989,1165.01
184,1990,999.05
184,1991,923.54
184,1992,924.33
184,1993,880.34
184,1994,811.42
184,1995,1005.37
184,1996,1010.07
184,1997,978.95
184,1998,1035.1
184,1999,1037.75
184,2000,750.91
184,2001,585.78
184,2002,852.21
184,2003,757.98
184,2004,770.14
184,2005,798.1
184,2006,800.4
184,2007,791.01
184,2008,749.61
184,2009,844.99
184,2010,781.42
184,2011,838.8
184,2012,861.73
184,2013,856.12
188,1961,46.24
188,1962,46.78
188,1963,46.78
188,1964,45.0
188,1965,46.74
188,1966,48.72
188,1967,51.46
188,1968,52.84
188,1969,56.09
188,1970,53.85
188,1971,55.5
188,1972,57.81
188,1973,61.39
188,1974,58.86
188,1975,63.36
188,1976,63.03
188,1977,62.17
188,1978,62.67
188,1979,64.81
188,1980,72.14
188,1981,93.54
188,1982,94.42
188,1983,88.74
188,1984,142.76
188,1985,102.46
188,1986,120.05
188,1987,194.22
188,1988,186.59
188,1989,171.49
188,1990,151.97
188,1991,168.01
188,1992,173.69
188,1993,192.32
188,1994,223.06
188,1995,239.59
188,1996,268.07
188,1997,232.58
188,1998,239.42
188,1999,268.89
188,2000,304.8
188,2001,324.83
188,2002,255.02
188,2003,292.02
188,2004,250.59
188,2005,250.11
188,2006,304.99
188,2007,317.6
188,2008,231.52
188,2009,247.42
188,2010,254.76
188,2011,214.05
188,2012,188.54
188,2013,201.95
189,1961,645.97
189,1962,657.33
189,1963,632.57
189,1964,629.68
189,1965,630.1
189,1966,628.75
189,1967,636.99
189,1968,635.2
189,1969,633.85
189,1970,638.8
189,1971,633.23
189,1972,601.04
189,1973,570.23
189,1974,568.62
189,1975,555.17
189,1976,537.84
189,1977,545.11
189,1978,567.81
189,1979,569.41
189,1980,568.97
189,1981,565.97
189,1982,534.81
189,1983,532.56
189,1984,528.87
189,1985,526.36
189,1986,511.08
189,1987,551.33
189,1988,542.32
189,1989,525.5
189,1990,516.21
189,1991,550.03
189,1992,555.76
189,1993,549.9
189,1994,554.16
189,1995,559.45
189,1996,567.12
189,1997,627.22
189,1998,587.45
189,1999,466.71
189,2000,497.0
189,2001,435.82
189,2002,419.89
189,2003,440.99
189,2004,315.12
189,2005,332.63
189,2006,303.81
189,2007,311.51
189,2008,275.28
189,2009,278.57
189,2010,289.09
189,2011,258.42
189,2012,254.93
189,2013,240.75
191,1961,141.62
191,1962,146.79
191,1963,151.79
191,1964,153.17
191,1965,158.66
191,1966,158.38
191,1967,158.54
191,1968,163.31
191,1969,166.39
191,1970,170.69
191,1971,172.05
191,1972,172.91
191,1973,178.63
191,1974,180.48
191,1975,180.08
191,1976,178.6
191,1977,194.1
191,1978,201.51
191,1979,188.79
191,1980,198.17
191,1981,209.17
191,1982,191.52
191,1983,193.62
191,1984,187.82
191,1985,176.24
191,1986,188.66
191,1987,198.44
191,1988,189.51
191,1989,196.7
191,1990,200.56
191,1991,188.8
191,1992,201.16
191,1993,200.04
191,1994,173.77
191,1995,212.43
191,1996,185.24
191,1997,188.74
191,1998,183.13
191,1999,191.06
191,2000,220.01
191,2001,240.94
191,2002,371.03
191,2003,375.67
191,2004,386.32
191,2005,504.75
191,2006,506.79
191,2007,509.83
191,2008,540.23
191,2009,511.3
191,2010,497.55
191,2011,499.91
191,2012,498.02
191,2013,502.53
244,1961,540.82
244,1962,504.59
244,1963,513.46
244,1964,528.69
244,1965,541.24
244,1966,584.9
244,1967,655.5
244,1968,660.68
244,1969,629.59
244,1970,656.87
244,1971,658.32
244,1972,695.75
244,1973,719.78
244,1974,722.64
244,1975,737.71
244,1976,740.51
244,1977,710.05
244,1978,704.35
244,1979,689.4
244,1980,661.19
244,1981,687.24
244,1982,627.63
244,1983,599.3
244,1984,596.99
244,1985,587.83
244,1986,583.47
244,1987,576.84
244,1988,556.86
244,1989,418.73
244,1990,410.89
244,1991,357.92
244,1992,281.48
244,1993,289.11
244,1994,306.58
244,1995,371.11
244,1996,418.79
244,1997,446.63
244,1998,466.62
244,1999,467.04
244,2000,463.31
244,2001,487.94
244,2002,513.33
244,2003,458.04
244,2004,483.53
244,2005,473.95
244,2006,512.68
244,2007,511.92
244,2008,530.53
244,2009,539.67
244,2010,534.36
244,2011,502.57
244,2012,541.07
244,2013,551.38
193,1961,192.46
193,1962,195.55
193,1963,146.7
193,1964,221.39
193,1965,142.51
193,1966,110.76
193,1967,122.5
193,1968,119.16
193,1969,102.8
193,1970,91.95
193,1971,100.16
193,1972,96.22
193,1973,53.34
193,1974,64.77
193,1975,100.45
193,1976,102.98
193,1977,102.03
193,1978,102.74
193,1979,102.08
193,1980,105.12
193,1981,109.31
193,1982,112.08
193,1983,125.48
193,1984,160.92
193,1985,161.12
193,1986,196.57
193,1987,228.25
193,1988,148.61
193,1989,179.68
193,1990,185.13
193,1991,241.92
193,1992,276.67
193,1993,292.59
193,1994,303.54
193,1995,276.63
193,1996,276.15
193,1997,444.07
193,1998,441.98
193,1999,445.93
193,2000,449.71
193,2001,461.28
193,2002,483.66
193,2003,436.53
193,2004,426.98
193,2005,463.82
193,2006,496.58
193,2007,485.15
193,2008,487.74
193,2009,494.63
193,2010,474.8
193,2011,555.2
193,2012,544.43
193,2013,609.04
194,1961,136.12
194,1962,138.57
194,1963,135.56
194,1964,141.0
194,1965,142.56
194,1966,147.73
194,1967,147.69
194,1968,154.31
194,1969,162.44
194,1970,166.9
194,1971,165.3
194,1972,150.18
194,1973,201.59
194,1974,215.72
194,1975,216.42
194,1976,218.61
194,1977,309.57
194,1978,347.63
194,1979,364.39
194,1980,329.05
194,1981,325.67
194,1982,325.48
194,1983,354.12
194,1984,331.67
194,1985,255.82
194,1986,227.3
194,1987,233.12
194,1988,289.74
194,1989,271.06
194,1990,255.75
194,1991,250.86
194,1992,244.19
194,1993,253.74
194,1994,258.64
194,1995,262.14
194,1996,244.19
194,1997,250.57
194,1998,269.53
194,1999,256.98
194,2000,256.31
194,2001,259.94
194,2002,266.7
194,2003,275.67
194,2004,262.94
194,2005,282.41
194,2006,265.58
194,2007,255.61
194,2008,226.11
194,2009,201.41
194,2010,221.12
194,2011,236.68
194,2012,252.3
194,2013,250.73
195,1961,26.43
195,1962,27.97
195,1963,27.9
195,1964,27.65
195,1965,27.15
195,1966,29.59
195,1967,26.48
195,1968,26.33
195,1969,30.7
195,1970,29.47
195,1971,29.19
195,1972,27.28
195,1973,31.83
195,1974,29.14
195,1975,33.98
195,1976,35.69
195,1977,35.83
195,1978,35.34
195,1979,36.36
195,1980,33.84
195,1981,33.39
195,1982,35.74
195,1983,34.54
195,1984,32.48
195,1985,33.46
195,1986,34.85
195,1987,36.78
195,1988,38.95
195,1989,39.97
195,1990,35.19
195,1991,32.72
195,1992,32.61
195,1993,38.04
195,1994,38.44
195,1995,37.09
195,1996,38.23
195,1997,37.03
195,1998,37.76
195,1999,36.48
195,2000,35.56
195,2001,40.99
195,2002,39.67
195,2003,44.58
195,2004,35.58
195,2005,38.07
195,2006,42.66
195,2007,45.17
195,2008,46.56
195,2009,47.39
195,2010,43.31
195,2011,49.48
195,2012,59.65
195,2013,59.32
272,2006,273.86
272,2007,297.07
272,2008,318.96
272,2009,338.0
272,2010,176.93
272,2011,239.43
272,2012,168.37
272,2013,300.97
186,1992,219.09
186,1993,237.63
186,1994,186.57
186,1995,144.34
186,1996,287.95
186,1997,254.48
186,1998,266.6
186,1999,199.25
186,2000,178.57
186,2001,230.9
186,2002,199.92
186,2003,316.84
186,2004,324.33
186,2005,195.19
197,1961,97.1
197,1962,100.46
197,1963,100.74
197,1964,103.53
197,1965,105.15
197,1966,101.57
197,1967,101.77
197,1968,101.2
197,1969,101.71
197,1970,101.98
197,1971,99.94
197,1972,100.64
197,1973,99.38
197,1974,99.99
197,1975,98.5
197,1976,98.56
197,1977,97.77
197,1978,98.01
197,1979,97.97
197,1980,100.41
197,1981,101.54
197,1982,104.0
197,1983,103.85
197,1984,103.55
197,1985,103.12
197,1986,102.13
197,1987,100.43
197,1988,102.59
197,1989,105.39
197,1990,94.43
197,1991,95.65
197,1992,98.36
197,1993,96.94
197,1994,95.4
197,1995,94.76
197,1996,100.61
197,1997,103.52
197,1998,101.15
197,1999,100.39
197,2000,102.53
197,2001,102.47
197,2002,103.39
197,2003,101.59
197,2004,102.05
197,2005,102.75
197,2006,102.23
197,2007,102.31
197,2008,102.72
197,2009,103.23
197,2010,101.07
197,2011,104.41
197,2012,105.55
197,2013,103.89
199,1993,118.92
199,1994,128.12
199,1995,143.54
199,1996,203.69
199,1997,183.35
199,1998,214.68
199,1999,174.59
199,2000,180.69
199,2001,146.55
199,2002,155.25
199,2003,163.24
199,2004,140.27
199,2005,166.98
199,2006,158.02
199,2007,172.18
199,2008,180.26
199,2009,185.77
199,2010,174.6
199,2011,169.08
199,2012,143.85
199,2013,159.05
198,1992,133.85
198,1993,173.07
198,1994,225.71
198,1995,234.36
198,1996,356.57
198,1997,298.72
198,1998,337.09
198,1999,358.48
198,2000,432.1
198,2001,319.09
198,2002,406.32
198,2003,386.35
198,2004,447.61
198,2005,416.39
198,2006,357.96
198,2007,345.13
198,2008,333.91
198,2009,361.81
198,2010,334.82
198,2011,332.64
198,2012,303.03
198,2013,321.5
25,1961,165.02
25,1962,162.96
25,1963,160.96
25,1964,159.19
25,1965,159.48
25,1966,158.17
25,1967,156.47
25,1968,155.0
25,1969,151.78
25,1970,149.49
25,1971,148.04
25,1972,144.84
25,1973,141.61
25,1974,138.89
25,1975,136.48
25,1976,133.85
25,1977,131.65
25,1978,129.88
25,1979,129.01
25,1980,128.58
25,1981,131.69
25,1982,133.75
25,1983,129.66
25,1984,126.51
25,1985,126.71
25,1986,119.37
25,1987,119.69
25,1988,123.36
25,1989,128.42
25,1990,129.85
25,1991,129.34
25,1992,124.51
25,1993,110.58
25,1994,105.91
25,1995,107.49
25,1996,108.2
25,1997,110.36
25,1998,109.27
25,1999,83.79
25,2000,108.12
25,2001,113.58
25,2002,118.65
25,2003,122.53
25,2004,123.51
25,2005,132.22
25,2006,153.32
25,2007,162.95
25,2008,165.22
25,2009,167.67
25,2010,158.17
25,2011,155.46
25,2012,138.7
25,2013,141.45
202,1961,70.74
202,1962,65.95
202,1963,72.2
202,1964,72.33
202,1965,65.45
202,1966,60.29
202,1967,76.43
202,1968,78.6
202,1969,84.1
202,1970,93.56
202,1971,89.16
202,1972,104.7
202,1973,92.18
202,1974,92.5
202,1975,81.84
202,1976,84.04
202,1977,73.99
202,1978,75.31
202,1979,78.9
202,1980,78.17
202,1981,84.43
202,1982,83.11
202,1983,80.0
202,1984,79.57
202,1985,90.58
202,1986,92.81
202,1987,101.73
202,1988,110.59
202,1989,108.4
202,1990,107.98
202,1991,100.73
202,1992,95.28
202,1993,101.83
202,1994,89.82
202,1995,89.84
202,1996,106.94
202,1997,104.55
202,1998,93.01
202,1999,113.12
202,2000,121.29
202,2001,119.1
202,2002,117.78
202,2003,112.97
202,2004,104.5
202,2005,99.87
202,2006,102.94
202,2007,93.08
202,2008,99.19
202,2009,90.09
202,2010,92.05
202,2011,105.78
202,2012,89.59
202,2013,104.12
203,1961,143.25
203,1962,128.35
203,1963,168.48
203,1964,170.46
203,1965,163.39
203,1966,174.57
203,1967,161.46
203,1968,176.72
203,1969,189.55
203,1970,180.83
203,1971,202.35
203,1972,230.5
203,1973,253.9
203,1974,245.69
203,1975,228.87
203,1976,220.08
203,1977,206.21
203,1978,244.85
203,1979,256.46
203,1980,246.92
203,1981,253.43
203,1982,259.59
203,1983,266.51
203,1984,240.99
203,1985,269.08
203,1986,259.94
203,1987,297.57
203,1988,297.87
203,1989,336.18
203,1990,317.7
203,1991,309.71
203,1992,356.17
203,1993,324.35
203,1994,297.39
203,1995,248.99
203,1996,281.06
203,1997,318.09
203,1998,280.63
203,1999,314.38
203,2000,294.15
203,2001,304.14
203,2002,327.92
203,2003,291.97
203,2004,260.6
203,2005,274.61
203,2006,294.84
203,2007,236.83
203,2008,266.85
203,2009,209.84
203,2010,218.25
203,2011,205.21
203,2012,181.48
203,2013,197.89
38,1961,105.22
38,1962,104.72
38,1963,109.54
38,1964,114.44
38,1965,120.69
38,1966,125.88
38,1967,147.62
38,1968,112.07
38,1969,106.78
38,1970,104.7
38,1971,116.94
38,1972,112.21
38,1973,115.13
38,1974,135.7
38,1975,184.17
38,1976,193.76
38,1977,175.27
38,1978,172.86
38,1979,281.99
38,1980,332.81
38,1981,228.5
38,1982,177.24
38,1983,206.35
38,1984,153.54
38,1985,113.77
38,1986,133.91
38,1987,114.79
38,1988,110.19
38,1989,116.96
38,1990,101.8
38,1991,93.69
38,1992,96.61
38,1993,105.8
38,1994,110.04
38,1995,112.22
38,1996,112.11
38,1997,101.61
38,1998,111.72
38,1999,109.3
38,2000,108.34
38,2001,118.97
38,2002,96.09
38,2003,92.1
38,2004,93.11
38,2005,94.05
38,2006,85.67
38,2007,87.36
38,2008,89.83
38,2009,87.74
38,2010,96.31
38,2011,100.55
38,2012,100.31
38,2013,99.05
276,2012,219.06
276,2013,216.34
206,1961,101.6
206,1962,101.48
206,1963,100.64
206,1964,102.58
206,1965,100.15
206,1966,100.03
206,1967,99.85
206,1968,97.59
206,1969,96.45
206,1970,95.93
206,1971,99.41
206,1972,97.6
206,1973,102.37
206,1974,100.61
206,1975,96.43
206,1976,92.86
206,1977,90.76
206,1978,87.95
206,1979,88.71
206,1980,89.55
206,1981,86.61
206,1982,84.77
206,1983,83.13
206,1984,77.35
206,1985,79.13
206,1986,78.93
206,1987,78.08
206,1988,75.6
206,1989,73.27
206,1990,59.77
206,1991,73.54
206,1992,71.87
206,1993,66.95
206,1994,69.04
206,1995,70.54
206,1996,73.7
206,1997,73.9
206,1998,76.51
206,1999,80.3
206,2000,88.23
206,2001,92.6
206,2002,103.8
206,2003,127.11
206,2004,146.76
206,2005,151.64
206,2006,165.49
206,2007,145.42
206,2008,145.87
206,2009,151.63
206,2010,152.99
206,2011,159.72
207,1961,60.53
207,1962,107.15
207,1963,139.44
207,1964,104.69
207,1965,101.92
207,1966,116.85
207,1967,139.01
207,1968,138.03
207,1969,139.93
207,1970,129.7
207,1971,116.88
207,1972,115.8
207,1973,150.04
207,1974,129.14
207,1975,116.64
207,1976,116.63
207,1977,105.47
207,1978,62.75
207,1979,100.33
207,1980,105.38
207,1981,119.86
207,1982,96.77
207,1983,107.84
207,1984,117.93
207,1985,120.94
207,1986,108.31
207,1987,167.6
207,1988,173.06
207,1989,193.7
207,1990,193.42
207,1991,247.64
207,1992,228.19
207,1993,268.68
207,1994,271.76
207,1995,262.14
207,1996,215.49
207,1997,213.5
207,1998,206.82
207,1999,205.06
207,2000,186.84
207,2001,192.88
207,2002,161.63
207,2003,167.07
207,2004,209.26
207,2005,210.22
207,2006,204.34
207,2007,235.18
207,2008,223.88
207,2009,239.32
207,2010,294.31
207,2011,270.76
207,2012,286.95
207,2013,319.06
209,1961,84.16
209,1962,92.99
209,1963,87.85
209,1964,95.0
209,1965,102.32
209,1966,127.49
209,1967,156.94
209,1968,132.03
209,1969,140.84
209,1970,137.11
209,1971,121.54
209,1972,97.3
209,1973,110.34
209,1974,147.53
209,1975,140.11
209,1976,118.14
209,1977,138.47
209,1978,127.0
209,1979,142.88
209,1980,159.18
209,1981,151.83
209,1982,153.36
209,1983,140.41
209,1984,158.64
209,1985,162.8
209,1986,176.31
209,1987,212.53
209,1988,251.37
209,1989,244.62
209,1990,247.2
209,1991,216.98
209,1992,186.27
209,1993,167.72
209,1994,144.57
209,1995,98.5
209,1996,119.31
209,1997,68.72
209,1998,74.53
209,1999,83.44
209,2000,112.9
209,2001,162.41
209,2002,214.04
209,2003,182.66
209,2004,208.68
209,2005,232.72
209,2006,192.09
209,2007,184.5
209,2008,198.52
209,2009,203.37
209,2010,218.09
209,2011,221.65
209,2012,235.34
209,2013,241.71
210,1961,166.99
210,1962,200.1
210,1963,187.14
210,1964,211.22
210,1965,198.3
210,1966,192.87
210,1967,209.78
210,1968,222.19
210,1969,208.93
210,1970,237.31
210,1971,230.49
210,1972,228.24
210,1973,228.64
210,1974,225.86
210,1975,235.08
210,1976,250.38
210,1977,239.08
210,1978,220.66
210,1979,239.62
210,1980,221.02
210,1981,231.32
210,1982,215.93
210,1983,211.63
210,1984,210.25
210,1985,206.83
210,1986,215.84
210,1987,227.5
210,1988,241.96
210,1989,259.68
210,1990,265.33
210,1991,242.06
210,1992,243.4
210,1993,238.45
210,1994,251.2
210,1995,225.09
210,1996,226.87
210,1997,253.27
210,1998,252.92
210,1999,269.95
210,2000,270.29
210,2001,277.43
210,2002,298.32
210,2003,315.18
210,2004,312.15
210,2005,300.47
210,2006,305.83
210,2007,321.53
210,2008,367.4
210,2009,322.33
210,2010,326.81
210,2011,320.39
210,2012,322.48
210,2013,342.46
211,1961,378.79
211,1962,467.42
211,1963,391.58
211,1964,397.09
211,1965,438.98
211,1966,421.53
211,1967,581.02
211,1968,394.78
211,1969,524.43
211,1970,392.57
211,1971,413.21
211,1972,323.42
211,1973,407.14
211,1974,355.09
211,1975,406.26
211,1976,354.65
211,1977,361.65
211,1978,382.01
211,1979,421.75
211,1980,394.71
211,1981,343.03
211,1982,401.73
211,1983,351.97
211,1984,359.15
211,1985,345.38
211,1986,357.91
211,1987,343.97
211,1988,369.95
211,1989,353.99
211,1990,350.15
211,1991,321.21
211,1992,341.09
211,1993,326.8
211,1994,318.7
211,1995,317.77
211,1996,332.71
211,1997,307.28
211,1998,318.92
211,1999,260.44
211,2000,246.07
211,2001,240.69
211,2002,240.01
211,2003,219.67
211,2004,209.21
211,2005,197.07
211,2006,203.57
211,2007,217.59
211,2008,236.99
211,2009,262.29
211,2010,282.26
211,2011,288.71
211,2012,299.45
211,2013,283.87
208,1992,75.4
208,1993,77.14
208,1994,68.2
208,1995,77.41
208,1996,87.17
208,1997,86.02
208,1998,35.62
208,1999,36.72
208,2000,54.73
208,2001,47.38
208,2002,33.69
208,2003,13.84
208,2004,46.95
208,2005,43.13
208,2006,52.11
208,2007,49.09
208,2008,61.45
208,2009,61.72
208,2010,62.45
208,2011,77.82
208,2012,85.67
208,2013,90.99
216,1961,187.92
216,1962,174.32
216,1963,179.1
216,1964,166.85
216,1965,199.42
216,1966,206.1
216,1967,196.1
216,1968,185.69
216,1969,183.29
216,1970,180.11
216,1971,180.95
216,1972,175.28
216,1973,191.16
216,1974,200.33
216,1975,246.57
216,1976,299.44
216,1977,292.89
216,1978,289.09
216,1979,323.87
216,1980,336.25
216,1981,281.38
216,1982,250.41
216,1983,241.63
216,1984,238.17
216,1985,258.57
216,1986,256.39
216,1987,241.49
216,1988,238.58
216,1989,251.96
216,1990,229.17
216,1991,234.9
216,1992,242.51
216,1993,267.84
216,1994,264.08
216,1995,255.48
216,1996,248.54
216,1997,257.17
216,1998,251.88
216,1999,306.87
216,2000,356.7
216,2001,343.0
216,2002,356.31
216,2003,337.65
216,2004,305.11
216,2005,318.36
216,2006,337.36
216,2007,368.67
216,2008,309.88
216,2009,293.77
216,2010,292.35
216,2011,291.63
216,2012,305.83
216,2013,282.51
154,1992,201.53
154,1993,174.34
154,1994,226.07
154,1995,216.8
154,1996,226.81
154,1997,240.9
154,1998,247.87
154,1999,269.77
154,2000,319.31
154,2001,221.72
154,2002,197.32
154,2003,254.63
154,2004,276.62
154,2005,300.27
154,2006,217.64
154,2007,304.98
154,2008,325.27
154,2009,322.07
154,2010,281.92
154,2011,292.37
154,2012,254.34
154,2013,269.36
176,1961,116.26
176,1962,114.24
176,1963,112.29
176,1964,110.2
176,1965,110.24
176,1966,108.13
176,1967,107.94
176,1968,107.7
176,1969,107.6
176,1970,107.75
176,1971,107.17
176,1972,106.2
176,1973,105.9
176,1974,103.29
176,1975,108.57
176,1976,112.73
176,1977,105.34
176,1978,102.18
176,1979,109.61
176,1980,113.72
176,1981,100.43
176,1982,85.53
176,1983,84.81
176,1984,67.74
176,1985,58.63
176,1986,60.41
176,1987,64.01
176,1988,59.86
176,1989,59.81
176,1990,66.02
176,1991,61.3
176,1992,61.19
176,1993,49.16
176,1994,77.02
176,1995,63.1
176,1996,54.86
176,1997,62.52
176,1998,49.82
176,1999,42.15
176,2000,45.6
176,2001,47.49
176,2002,51.51
176,2003,36.28
176,2004,36.87
176,2005,37.28
176,2006,39.21
176,2007,41.02
176,2008,39.94
176,2009,39.47
176,2010,37.94
176,2011,46.6
176,2012,47.35
176,2013,46.35
217,1961,36.71
217,1962,36.66
217,1963,36.41
217,1964,36.05
217,1965,35.28
217,1966,37.35
217,1967,36.66
217,1968,35.82
217,1969,35.46
217,1970,35.38
217,1971,35.11
217,1972,35.11
217,1973,35.18
217,1974,35.68
217,1975,35.39
217,1976,35.56
217,1977,35.75
217,1978,35.34
217,1979,35.61
217,1980,37.44
217,1981,37.25
217,1982,36.26
217,1983,35.86
217,1984,33.07
217,1985,33.64
217,1986,33.47
217,1987,33.68
217,1988,32.8
217,1989,31.81
217,1990,29.22
217,1991,31.88
217,1992,31.33
217,1993,30.54
217,1994,30.29
217,1995,29.49
217,1996,30.08
217,1997,30.6
217,1998,32.72
217,1999,33.91
217,2000,31.87
217,2001,32.13
217,2002,30.96
217,2003,31.8
217,2004,31.12
217,2005,23.36
217,2006,25.25
217,2007,24.64
217,2008,22.78
217,2009,24.2
217,2010,24.65
217,2011,25.92
217,2012,26.84
217,2013,26.15
220,1961,101.36
220,1962,112.53
220,1963,115.02
220,1964,145.34
220,1965,159.17
220,1966,166.39
220,1967,179.37
220,1968,183.98
220,1969,195.18
220,1970,190.37
220,1971,189.6
220,1972,192.35
220,1973,193.88
220,1974,175.53
220,1975,182.47
220,1976,181.3
220,1977,222.64
220,1978,215.41
220,1979,298.68
220,1980,308.02
220,1981,255.69
220,1982,281.01
220,1983,291.77
220,1984,257.84
220,1985,252.21
220,1986,174.83
220,1987,212.63
220,1988,189.0
220,1989,147.5
220,1990,156.59
220,1991,228.62
220,1992,206.32
220,1993,210.33
220,1994,152.84
220,1995,151.48
220,1996,161.52
220,1997,153.96
220,1998,176.18
220,1999,175.51
220,2000,177.56
220,2001,184.3
220,2002,187.42
220,2003,205.62
220,2004,171.47
220,2005,201.74
220,2006,203.65
220,2007,196.54
220,2008,195.94
220,2009,189.34
220,2010,207.34
220,2011,313.26
220,2012,324.53
220,2013,306.44
222,1961,125.88
222,1962,114.79
222,1963,112.4
222,1964,108.04
222,1965,116.96
222,1966,109.27
222,1967,120.11
222,1968,99.5
222,1969,94.77
222,1970,95.94
222,1971,98.71
222,1972,117.45
222,1973,99.36
222,1974,112.66
222,1975,125.45
222,1976,138.29
222,1977,140.58
222,1978,142.58
222,1979,143.89
222,1980,144.47
222,1981,154.37
222,1982,146.34
222,1983,157.06
222,1984,168.3
222,1985,168.53
222,1986,178.56
222,1987,185.98
222,1988,181.37
222,1989,190.97
222,1990,184.41
222,1991,188.57
222,1992,191.75
222,1993,239.06
222,1994,204.05
222,1995,189.37
222,1996,207.39
222,1997,216.12
222,1998,222.56
222,1999,229.84
222,2000,241.86
222,2001,232.87
222,2002,235.7
222,2003,233.38
222,2004,250.72
222,2005,226.3
222,2006,255.47
222,2007,227.27
222,2008,248.25
222,2009,244.98
222,2010,244.26
222,2011,265.36
222,2012,259.25
222,2013,248.19
223,1961,357.18
223,1962,357.51
223,1963,301.39
223,1964,309.9
223,1965,342.47
223,1966,320.2
223,1967,376.73
223,1968,397.32
223,1969,362.09
223,1970,393.12
223,1971,373.09
223,1972,344.35
223,1973,330.55
223,1974,355.36
223,1975,343.01
223,1976,326.83
223,1977,329.26
223,1978,351.83
223,1979,367.98
223,1980,371.19
223,1981,355.39
223,1982,363.98
223,1983,363.67
223,1984,357.53
223,1985,334.56
223,1986,340.26
223,1987,324.84
223,1988,338.91
223,1989,332.83
223,1990,323.77
223,1991,336.48
223,1992,340.59
223,1993,342.86
223,1994,318.81
223,1995,307.73
223,1996,312.59
223,1997,311.32
223,1998,317.76
223,1999,311.64
223,2000,319.76
223,2001,293.27
223,2002,296.81
223,2003,320.61
223,2004,287.41
223,2005,330.19
223,2006,310.84
223,2007,320.07
223,2008,338.62
223,2009,348.87
223,2010,330.84
223,2011,334.68
223,2012,348.17
223,2013,348.4
213,1992,87.45
213,1993,90.96
213,1994,65.78
213,1995,66.58
213,1996,64.16
213,1997,69.5
213,1998,86.23
213,1999,85.96
213,2000,114.04
213,2001,116.9
213,2002,137.51
213,2003,153.08
213,2004,167.43
213,2005,179.45
213,2006,182.63
213,2007,200.92
213,2008,145.81
213,2009,151.15
213,2010,154.37
213,2011,150.57
213,2012,154.42
213,2013,153.69
226,1961,368.61
226,1962,371.91
226,1963,388.94
226,1964,390.08
226,1965,385.61
226,1966,364.31
226,1967,453.66
226,1968,496.3
226,1969,421.21
226,1970,348.85
226,1971,338.66
226,1972,370.82
226,1973,379.44
226,1974,396.22
226,1975,410.6
226,1976,357.79
226,1977,359.49
226,1978,382.91
226,1979,559.67
226,1980,498.04
226,1981,507.16
226,1982,576.34
226,1983,548.89
226,1984,505.06
226,1985,543.93
226,1986,527.62
226,1987,540.1
226,1988,547.24
226,1989,544.91
226,1990,551.63
226,1991,561.41
226,1992,526.13
226,1993,542.55
226,1994,581.38
226,1995,604.37
226,1996,610.76
226,1997,604.54
226,1998,580.44
226,1999,550.96
226,2000,552.93
226,2001,555.38
226,2002,545.07
226,2003,515.54
226,2004,497.22
226,2005,443.59
226,2006,443.62
226,2007,434.29
226,2008,382.48
226,2009,374.85
226,2010,375.6
226,2011,366.28
226,2012,342.04
226,2013,322.67
230,1992,104.59
230,1993,110.04
230,1994,74.34
230,1995,92.04
230,1996,96.62
230,1997,112.0
230,1998,80.32
230,1999,62.88
230,2000,84.32
230,2001,78.48
230,2002,81.1
230,2003,99.24
230,2004,103.64
230,2005,110.62
230,2006,106.75
230,2007,116.59
230,2008,130.68
230,2009,125.15
230,2010,112.95
230,2011,157.46
230,2012,159.97
230,2013,168.53
225,1961,79.4
225,1962,74.9
225,1963,73.21
225,1964,73.6
225,1965,71.31
225,1966,94.05
225,1967,96.75
225,1968,120.38
225,1969,127.64
225,1970,129.77
225,1971,108.8
225,1972,121.49
225,1973,326.71
225,1974,232.14
225,1975,422.83
225,1976,476.54
225,1977,460.44
225,1978,466.79
225,1979,423.72
225,1980,304.29
225,1981,324.41
225,1982,303.55
225,1983,327.6
225,1984,567.25
225,1985,508.19
225,1986,528.4
225,1987,565.04
225,1988,378.29
225,1989,397.3
225,1990,388.34
225,1991,377.2
225,1992,362.99
225,1993,352.3
225,1994,403.35
225,1995,345.55
225,1996,380.65
225,1997,336.96
225,1998,323.94
225,1999,344.49
225,2000,299.16
225,2001,336.59
225,2002,379.82
225,2003,327.12
225,2004,289.43
225,2005,167.78
225,2006,292.77
225,2007,276.43
225,2008,253.44
225,2009,214.69
225,2010,187.19
225,2011,224.83
225,2012,236.05
225,2013,319.77
229,1961,149.54
229,1962,172.04
229,1963,159.57
229,1964,168.07
229,1965,160.82
229,1966,154.7
229,1967,150.09
229,1968,162.66
229,1969,159.08
229,1970,167.58
229,1971,171.59
229,1972,164.02
229,1973,179.55
229,1974,160.71
229,1975,150.53
229,1976,156.0
229,1977,144.77
229,1978,148.07
229,1979,161.47
229,1980,159.94
229,1981,163.82
229,1982,166.27
229,1983,175.47
229,1984,178.76
229,1985,177.5
229,1986,186.62
229,1987,195.91
229,1988,201.04
229,1989,213.75
229,1990,208.81
229,1991,205.39
229,1992,212.91
229,1993,216.76
229,1994,222.41
229,1995,216.04
229,1996,223.93
229,1997,218.07
229,1998,245.73
229,1999,236.78
229,2000,232.05
229,2001,251.9
229,2002,268.33
229,2003,316.73
229,2004,318.31
229,2005,348.04
229,2006,381.04
229,2007,347.71
229,2008,367.71
229,2009,342.82
229,2010,337.79
229,2011,344.45
229,2012,345.35
229,2013,349.07
215,1961,142.23
215,1962,138.67
215,1963,145.43
215,1964,149.47
215,1965,147.39
215,1966,172.74
215,1967,134.39
215,1968,118.94
215,1969,140.21
215,1970,167.51
215,1971,132.63
215,1972,121.88
215,1973,118.24
215,1974,124.22
215,1975,124.27
215,1976,152.67
215,1977,151.86
215,1978,145.48
215,1979,142.0
215,1980,140.22
215,1981,138.25
215,1982,134.9
215,1983,132.59
215,1984,129.91
215,1985,126.76
215,1986,124.79
215,1987,123.45
215,1988,121.94
215,1989,113.39
215,1990,117.23
215,1991,108.49
215,1992,107.25
215,1993,104.72
215,1994,97.44
215,1995,84.84
215,1996,87.18
215,1997,111.98
215,1998,135.09
215,1999,123.49
215,2000,117.66
215,2001,126.63
215,2002,216.46
215,2003,163.47
215,2004,201.62
215,2005,209.77
215,2006,250.34
215,2007,219.22
215,2008,217.33
215,2009,210.81
215,2010,224.26
215,2011,234.28
215,2012,200.87
215,2013,212.01
231,1961,210.3
231,1962,215.13
231,1963,192.32
231,1964,198.89
231,1965,208.76
231,1966,221.11
231,1967,231.05
231,1968,211.83
231,1969,249.66
231,1970,242.39
231,1971,255.81
231,1972,239.04
231,1973,266.63
231,1974,260.45
231,1975,276.5
231,1976,270.55
231,1977,282.1
231,1978,279.46
231,1979,283.97
231,1980,302.57
231,1981,291.96
231,1982,278.7
231,1983,305.23
231,1984,317.83
231,1985,298.98
231,1986,331.97
231,1987,352.8
231,1988,324.12
231,1989,322.65
231,1990,324.81
231,1991,289.8
231,1992,298.26
231,1993,322.96
231,1994,329.0
231,1995,304.54
231,1996,308.43
231,1997,329.02
231,1998,326.75
231,1999,306.68
231,2000,343.43
231,2001,308.58
231,2002,302.42
231,2003,313.32
231,2004,318.3
231,2005,300.92
231,2006,297.31
231,2007,301.08
231,2008,315.4
231,2009,299.33
231,2010,282.64
231,2011,267.68
231,2012,283.2
231,2013,286.38
234,1961,147.39
234,1962,142.68
234,1963,139.69
234,1964,146.63
234,1965,131.79
234,1966,152.77
234,1967,158.53
234,1968,149.4
234,1969,167.29
234,1970,179.04
234,1971,156.66
234,1972,151.5
234,1973,127.37
234,1974,136.34
234,1975,115.72
234,1976,110.01
234,1977,123.83
234,1978,104.53
234,1979,156.82
234,1980,155.67
234,1981,148.85
234,1982,178.86
234,1983,148.22
234,1984,188.82
234,1985,161.09
234,1986,151.05
234,1987,192.73
234,1988,165.01
234,1989,153.03
234,1990,147.47
234,1991,140.67
234,1992,164.96
234,1993,157.65
234,1994,186.16
234,1995,154.23
234,1996,227.15
234,1997,260.75
234,1998,213.81
234,1999,210.27
234,2000,220.44
234,2001,253.88
234,2002,194.49
234,2003,207.67
234,2004,183.54
234,2005,229.22
234,2006,203.97
234,2007,247.38
234,2008,189.77
234,2009,200.13
234,2010,222.36
234,2011,224.84
234,2012,283.18
234,2013,195.25
228,1961,50.45
228,1962,57.94
228,1963,62.03
228,1964,64.72
228,1965,74.28
228,1966,64.69
228,1967,75.54
228,1968,81.72
228,1969,74.96
228,1970,92.07
228,1971,98.69
228,1972,86.55
228,1973,102.16
228,1974,97.83
228,1975,106.13
228,1976,114.44
228,1977,111.52
228,1978,111.87
228,1979,108.0
228,1980,108.48
228,1981,115.8
228,1982,119.53
228,1983,130.94
228,1984,128.38
228,1985,116.25
228,1986,137.19
228,1987,124.75
228,1988,123.63
228,1989,114.98
228,1990,103.43
228,1991,97.43
235,1992,86.77
235,1993,70.65
235,1994,74.2
235,1995,94.29
235,1996,88.78
235,1997,83.4
235,1998,76.62
235,1999,72.21
235,2000,104.68
235,2001,107.05
235,2002,111.17
235,2003,89.18
235,2004,105.56
235,2005,113.49
235,2006,150.61
235,2007,158.05
235,2008,171.68
235,2009,187.57
235,2010,208.0
235,2011,210.09
235,2012,232.47
235,2013,249.79
155,1961,129.2
155,1962,129.03
155,1963,132.0
155,1964,123.61
155,1965,127.18
155,1966,116.31
155,1967,120.7
155,1968,120.81
155,1969,124.58
155,1970,128.11
155,1971,134.64
155,1972,138.46
155,1973,144.88
155,1974,165.76
155,1975,163.1
155,1976,163.88
155,1977,175.91
155,1978,187.18
155,1979,211.16
155,1980,214.52
155,1981,227.18
155,1982,241.16
155,1983,253.42
155,1984,262.47
155,1985,269.16
155,1986,273.94
155,1987,252.14
155,1988,292.07
155,1989,270.51
155,1990,277.32
155,1991,282.91
155,1992,293.32
155,1993,324.95
155,1994,270.37
155,1995,260.61
155,1996,263.43
155,1997,248.26
155,1998,275.1
155,1999,264.45
155,2000,261.81
155,2001,252.21
155,2002,252.0
155,2003,257.82
155,2004,258.21
155,2005,249.68
155,2006,250.34
155,2007,254.96
155,2008,263.96
155,2009,249.99
155,2010,254.08
155,2011,231.2
155,2012,220.22
155,2013,219.67
236,1961,426.88
236,1962,378.45
236,1963,399.1
236,1964,383.78
236,1965,393.79
236,1966,382.69
236,1967,376.15
236,1968,396.74
236,1969,399.04
236,1970,397.27
236,1971,392.28
236,1972,386.33
236,1973,352.94
236,1974,354.7
236,1975,330.75
236,1976,323.63
236,1977,350.63
236,1978,350.21
236,1979,331.83
236,1980,318.21
236,1981,324.49
236,1982,311.8
236,1983,295.13
236,1984,294.76
236,1985,292.57
236,1986,284.22
236,1987,286.48
236,1988,301.26
236,1989,297.7
236,1990,296.71
236,1991,309.39
236,1992,308.59
236,1993,283.24
236,1994,301.88
236,1995,277.48
236,1996,280.26
236,1997,294.05
236,1998,282.15
236,1999,284.56
236,2000,317.02
236,2001,297.38
236,2002,240.09
236,2003,213.63
236,2004,190.83
236,2005,212.64
236,2006,205.58
236,2007,210.93
236,2008,204.71
236,2009,197.81
236,2010,196.4
236,2011,222.39
236,2012,212.73
236,2013,223.78
237,1961,99.05
237,1962,97.06
237,1963,97.14
237,1964,96.31
237,1965,99.25
237,1966,97.79
237,1967,97.88
237,1968,98.19
237,1969,96.84
237,1970,95.72
237,1971,94.49
237,1972,93.77
237,1973,89.13
237,1974,89.66
237,1975,82.85
237,1976,82.73
237,1977,89.35
237,1978,94.56
237,1979,103.57
237,1980,115.83
237,1981,115.31
237,1982,119.11
237,1983,108.39
237,1984,114.36
237,1985,112.19
237,1986,120.37
237,1987,121.36
237,1988,118.24
237,1989,116.95
237,1990,115.65
237,1991,112.46
237,1992,118.9
237,1993,124.26
237,1994,125.01
237,1995,130.54
237,1996,136.66
237,1997,131.17
237,1998,132.38
237,1999,128.81
237,2000,141.5
237,2001,136.03
237,2002,146.35
237,2003,157.76
237,2004,168.43
237,2005,174.02
237,2006,171.01
237,2007,175.49
237,2008,180.44
237,2009,184.51
237,2010,186.45
237,2011,186.72
237,2012,187.29
237,2013,186.48
249,1961,55.72
249,1962,56.53
249,1963,61.33
249,1964,64.77
249,1965,61.1
249,1966,59.09
249,1967,56.5
249,1968,53.61
249,1969,50.98
249,1970,44.32
249,1971,58.17
249,1972,51.87
249,1973,89.63
249,1974,89.52
249,1975,104.19
249,1976,85.98
249,1977,104.89
249,1978,103.0
249,1979,108.5
249,1980,114.6
249,1981,102.94
249,1982,97.83
249,1983,84.59
249,1984,74.36
249,1985,65.7
249,1986,69.23
249,1987,75.15
249,1988,87.51
249,1989,92.62
249,1990,78.29
249,1991,79.01
249,1992,73.31
249,1993,79.91
249,1994,76.93
249,1995,76.67
249,1996,68.09
249,1997,66.08
249,1998,91.51
249,1999,88.43
249,2000,97.03
249,2001,103.43
249,2002,98.93
249,2003,109.54
249,2004,107.92
249,2005,112.8
249,2006,135.32
249,2007,148.63
249,2008,161.51
249,2009,140.37
249,2010,134.37
249,2011,122.07
249,2012,125.07
249,2013,144.23
248,1961,171.63
248,1962,140.77
248,1963,140.59
248,1964,134.51
248,1965,104.98
248,1966,160.6
248,1967,171.23
248,1968,166.23
248,1969,202.62
248,1970,174.86
248,1971,159.43
248,1972,158.13
248,1973,166.42
248,1974,156.2
248,1975,173.9
248,1976,193.1
248,1977,183.33
248,1978,164.65
248,1979,170.95
248,1980,178.27
248,1981,157.43
248,1982,151.6
248,1983,172.72
248,1984,149.37
248,1985,127.27
248,1986,146.78
248,1987,140.61
248,1988,145.85
248,1989,145.91
248,1990,185.03
248,1991,157.1
251,1961,34.19
251,1962,35.46
251,1963,34.05
251,1964,33.85
251,1965,33.21
251,1966,34.71
251,1967,34.04
251,1968,35.98
251,1969,34.94
251,1970,33.64
251,1971,33.55
251,1972,31.69
251,1973,31.52
251,1974,31.37
251,1975,30.94
251,1976,30.06
251,1977,30.12
251,1978,29.89
251,1979,31.24
251,1980,31.9
251,1981,33.01
251,1982,33.16
251,1983,33.28
251,1984,32.98
251,1985,32.85
251,1986,32.81
251,1987,32.81
251,1988,33.22
251,1989,33.04
251,1990,32.91
251,1991,32.9
251,1992,28.68
251,1993,30.57
251,1994,29.74
251,1995,27.92
251,1996,29.33
251,1997,29.35
251,1998,27.57
251,1999,30.32
251,2000,28.1
251,2001,30.83
251,2002,29.99
251,2003,28.02
251,2004,27.71
251,2005,28.04
251,2006,31.08
251,2007,29.49
251,2008,28.6
251,2009,28.12
251,2010,26.48
251,2011,26.06
251,2012,28.69
251,2013,28.01
181,1961,37.75
181,1962,39.3
181,1963,39.84
181,1964,39.3
181,1965,37.11
181,1966,33.74
181,1967,32.23
181,1968,32.47
181,1969,32.61
181,1970,32.28
181,1971,32.28
181,1972,32.92
181,1973,32.22
181,1974,31.92
181,1975,32.79
181,1976,32.67
181,1977,32.9
181,1978,33.18
181,1979,32.66
181,1980,33.31
181,1981,34.21
181,1982,33.83
181,1983,33.48
181,1984,33.14
181,1985,32.8
181,1986,33.83
181,1987,33.23
181,1988,35.1
181,1989,33.8
181,1990,34.75
181,1991,35.97
181,1992,30.8
181,1993,34.95
181,1994,35.37
181,1995,29.16
181,1996,29.64
181,1997,30.29
181,1998,27.02
181,1999,27.47
181,2000,29.21
181,2001,33.3
181,2002,35.26
181,2003,39.27
181,2004,41.28
181,2005,28.87
181,2006,35.99
181,2007,38.12
181,2008,39.67
181,2009,39.07
181,2010,44.16
181,2011,47.1
181,2012,49.03
181,2013,41.98
5000,1961,103.41
5000,1962,106.24
5000,1963,106.27
5000,1964,108.33
5000,1965,110.84
5000,1966,113.67
5000,1967,117.12
5000,1968,117.8
5000,1969,118.84
5000,1970,119.83
5000,1971,120.35
5000,1972,118.24
5000,1973,120.97
5000,1974,120.32
5000,1975,121.49
5000,1976,123.12
5000,1977,121.96
5000,1978,123.08
5000,1979,126.8
5000,1980,128.79
5000,1981,125.79
5000,1982,129.3
5000,1983,130.56
5000,1984,130.39
5000,1985,132.16
5000,1986,135.82
5000,1987,137.5
5000,1988,136.57
5000,1989,138.66
5000,1990,135.76
5000,1991,135.16
5000,1992,142.98
5000,1993,145.27
5000,1994,147.94
5000,1995,151.11
5000,1996,156.17
5000,1997,160.93
5000,1998,158.11
5000,1999,164.27
5000,2000,167.47
5000,2001,165.73
5000,2002,171.46
5000,2003,173.9
5000,2004,180.33
5000,2005,183.95
5000,2006,189.81
5000,2007,193.17
5000,2008,197.91
5000,2009,199.87
5000,2010,201.32
5000,2011,206.88
5000,2012,210.43
5000,2013,213.34
5100,1961,124.16
5100,1962,129.35
5100,1963,125.66
5100,1964,131.01
5100,1965,127.31
5100,1966,128.23
5100,1967,134.73
5100,1968,134.3
5100,1969,133.41
5100,1970,138.29
5100,1971,137.9
5100,1972,138.46
5100,1973,137.42
5100,1974,141.84
5100,1975,142.2
5100,1976,140.25
5100,1977,133.96
5100,1978,136.14
5100,1979,146.61
5100,1980,142.27
5100,1981,143.03
5100,1982,146.81
5100,1983,146.29
5100,1984,143.94
5100,1985,146.44
5100,1986,146.2
5100,1987,142.53
5100,1988,142.36
5100,1989,150.19
5100,1990,143.56
5100,1991,147.59
5100,1992,149.0
5100,1993,152.65
5100,1994,149.19
5100,1995,149.97
5100,1996,156.25
5100,1997,157.28
5100,1998,161.0
5100,1999,162.72
5100,2000,158.95
5100,2001,156.87
5100,2002,170.67
5100,2003,167.56
5100,2004,172.98
5100,2005,172.92
5100,2006,175.59
5100,2007,171.91
5100,2008,170.38
5100,2009,176.09
5100,2010,176.55
5100,2011,178.22
5100,2012,183.02
5100,2013,181.31
5101,1961,132.48
5101,1962,143.85
5101,1963,131.2
5101,1964,139.94
5101,1965,137.61
5101,1966,138.63
5101,1967,150.93
5101,1968,154.34
5101,1969,151.83
5101,1970,147.95
5101,1971,142.27
5101,1972,142.4
5101,1973,144.29
5101,1974,147.65
5101,1975,144.25
5101,1976,141.97
5101,1977,140.09
5101,1978,140.31
5101,1979,166.37
5101,1980,160.77
5101,1981,162.62
5101,1982,170.64
5101,1983,163.98
5101,1984,152.88
5101,1985,158.38
5101,1986,153.49
5101,1987,152.75
5101,1988,152.63
5101,1989,159.81
5101,1990,153.05
5101,1991,147.95
5101,1992,144.69
5101,1993,147.41
5101,1994,139.95
5101,1995,142.9
5101,1996,145.87
5101,1997,152.77
5101,1998,161.23
5101,1999,160.63
5101,2000,149.93
5101,2001,146.87
5101,2002,169.88
5101,2003,152.59
5101,2004,159.19
5101,2005,157.86
5101,2006,164.82
5101,2007,159.93
5101,2008,154.99
5101,2009,158.85
5101,2010,158.74
5101,2011,156.86
5101,2012,152.01
5101,2013,150.13
5102,1961,146.46
5102,1962,160.76
5102,1963,164.19
5102,1964,189.66
5102,1965,152.13
5102,1966,165.17
5102,1967,179.86
5102,1968,179.72
5102,1969,166.64
5102,1970,177.66
5102,1971,180.5
5102,1972,175.24
5102,1973,182.1
5102,1974,197.24
5102,1975,180.02
5102,1976,177.4
5102,1977,183.38
5102,1978,206.1
5102,1979,203.68
5102,1980,210.45
5102,1981,209.61
5102,1982,209.03
5102,1983,222.79
5102,1984,204.7
5102,1985,216.11
5102,1986,215.95
5102,1987,184.06
5102,1988,174.05
5102,1989,181.39
5102,1990,169.66
5102,1991,176.18
5102,1992,180.08
5102,1993,180.42
5102,1994,181.78
5102,1995,178.57
5102,1996,180.71
5102,1997,167.65
5102,1998,168.97
5102,1999,142.2
5102,2000,137.27
5102,2001,136.93
5102,2002,144.53
5102,2003,147.3
5102,2004,153.32
5102,2005,167.45
5102,2006,171.86
5102,2007,175.18
5102,2008,176.87
5102,2009,196.04
5102,2010,201.03
5102,2011,198.11
5102,2012,202.74
5102,2013,217.17
5103,1961,84.78
5103,1962,88.66
5103,1963,89.95
5103,1964,95.48
5103,1965,91.04
5103,1966,94.31
5103,1967,97.4
5103,1968,93.06
5103,1969,93.32
5103,1970,93.87
5103,1971,100.71
5103,1972,104.06
5103,1973,100.83
5103,1974,110.79
5103,1975,107.62
5103,1976,107.14
5103,1977,100.86
5103,1978,106.77
5103,1979,114.03
5103,1980,108.07
5103,1981,109.86
5103,1982,120.8
5103,1983,120.12
5103,1984,120.05
5103,1985,120.19
5103,1986,132.27
5103,1987,129.06
5103,1988,132.14
5103,1989,144.14
5103,1990,140.73
5103,1991,147.74
5103,1992,156.98
5103,1993,156.73
5103,1994,157.16
5103,1995,158.23
5103,1996,170.78
5103,1997,167.99
5103,1998,170.61
5103,1999,179.34
5103,2000,183.34
5103,2001,181.2
5103,2002,198.5
5103,2003,204.31
5103,2004,213.0
5103,2005,217.25
5103,2006,234.97
5103,2007,220.89
5103,2008,224.4
5103,2009,236.15
5103,2010,233.95
5103,2011,240.67
5103,2012,272.92
5103,2013,265.65
5104,1961,68.96
5104,1962,64.86
5104,1963,70.45
5104,1964,70.92
5104,1965,64.92
5104,1966,60.65
5104,1967,75.38
5104,1968,76.75
5104,1969,81.74
5104,1970,90.0
5104,1971,86.05
5104,1972,99.52
5104,1973,88.65
5104,1974,89.74
5104,1975,80.24
5104,1976,82.04
5104,1977,73.39
5104,1978,74.12
5104,1979,77.79
5104,1980,77.25
5104,1981,82.84
5104,1982,81.78
5104,1983,79.56
5104,1984,79.29
5104,1985,88.56
5104,1986,90.23
5104,1987,99.12
5104,1988,108.16
5104,1989,106.77
5104,1990,107.07
5104,1991,100.67
5104,1992,95.18
5104,1993,101.09
5104,1994,88.94
5104,1995,87.56
5104,1996,102.99
5104,1997,100.61
5104,1998,92.44
5104,1999,111.05
5104,2000,118.87
5104,2001,116.74
5104,2002,117.45
5104,2003,110.8
5104,2004,103.66
5104,2005,100.35
5104,2006,102.75
5104,2007,94.35
5104,2008,100.36
5104,2009,91.09
5104,2010,93.67
5104,2011,105.79
5104,2012,96.89
5104,2013,112.26
5105,1961,156.61
5105,1962,157.84
5105,1963,154.91
5105,1964,154.41
5105,1965,157.22
5105,1966,155.18
5105,1967,155.57
5105,1968,154.26
5105,1969,154.89
5105,1970,169.64
5105,1971,168.6
5105,1972,165.27
5105,1973,164.03
5105,1974,163.66
5105,1975,176.26
5105,1976,172.59
5105,1977,160.16
5105,1978,157.59
5105,1979,159.47
5105,1980,154.53
5105,1981,152.43
5105,1982,148.12
5105,1983,151.3
5105,1984,158.12
5105,1985,156.09
5105,1986,149.97
5105,1987,145.3
5105,1988,142.1
5105,1989,149.44
5105,1990,139.65
5105,1991,152.51
5105,1992,153.66
5105,1993,161.24
5105,1994,159.78
5105,1995,159.43
5105,1996,162.92
5105,1997,164.55
5105,1998,167.49
5105,1999,168.12
5105,2000,163.32
5105,2001,162.03
5105,2002,168.24
5105,2003,172.73
5105,2004,177.32
5105,2005,173.5
5105,2006,161.37
5105,2007,165.69
5105,2008,162.14
5105,2009,166.05
5105,2010,167.61
5105,2011,168.8
5105,2012,170.43
5105,2013,166.21
5200,1961,214.49
5200,1962,219.14
5200,1963,211.8
5200,1964,214.35
5200,1965,224.8
5200,1966,232.51
5200,1967,239.27
5200,1968,231.2
5200,1969,251.12
5200,1970,249.36
5200,1971,256.41
5200,1972,250.8
5200,1973,250.71
5200,1974,257.06
5200,1975,259.48
5200,1976,261.53
5200,1977,267.21
5200,1978,260.94
5200,1979,264.56
5200,1980,277.45
5200,1981,263.01
5200,1982,263.99
5200,1983,266.04
5200,1984,261.07
5200,1985,280.28
5200,1986,270.92
5200,1987,288.69
5200,1988,284.66
5200,1989,286.56
5200,1990,269.3
5200,1991,265.01
5200,1992,276.19
5200,1993,273.29
5200,1994,278.67
5200,1995,285.0
5200,1996,288.38
5200,1997,309.62
5200,1998,288.39
5200,1999,297.46
5200,2000,311.41
5200,2001,289.19
5200,2002,295.83
5200,2003,291.21
5200,2004,295.21
5200,2005,284.12
5200,2006,291.48
5200,2007,291.57
5200,2008,298.0
5200,2009,294.86
5200,2010,296.15
5200,2011,297.36
5200,2012,285.88
5200,2013,282.16
5203,1961,214.86
5203,1962,219.36
5203,1963,197.61
5203,1964,202.59
5203,1965,211.73
5203,1966,221.88
5203,1967,231.44
5203,1968,213.4
5203,1969,248.63
5203,1970,241.46
5203,1971,254.28
5203,1972,238.92
5203,1973,265.03
5203,1974,260.13
5203,1975,276.82
5203,1976,272.86
5203,1977,282.77
5203,1978,281.49
5203,1979,287.32
5203,1980,304.19
5203,1981,295.61
5203,1982,282.21
5203,1983,306.14
5203,1984,317.91
5203,1985,300.18
5203,1986,329.83
5203,1987,350.81
5203,1988,321.91
5203,1989,322.43
5203,1990,323.04
5203,1991,290.29
5203,1992,299.15
5203,1993,321.48
5203,1994,328.99
5203,1995,307.05
5203,1996,310.29
5203,1997,330.07
5203,1998,328.21
5203,1999,311.2
5203,2000,343.64
5203,2001,311.66
5203,2002,306.13
5203,2003,314.6
5203,2004,319.45
5203,2005,306.1
5203,2006,303.56
5203,2007,309.88
5203,2008,320.13
5203,2009,305.99
5203,2010,290.77
5203,2011,276.02
5203,2012,289.25
5203,2013,294.88
5204,1961,154.81
5204,1962,164.54
5204,1963,172.27
5204,1964,170.92
5204,1965,201.86
5204,1966,209.69
5204,1967,212.32
5204,1968,204.12
5204,1969,189.8
5204,1970,187.67
5204,1971,216.24
5204,1972,203.69
5204,1973,208.91
5204,1974,199.79
5204,1975,209.22
5204,1976,211.07
5204,1977,210.01
5204,1978,220.56
5204,1979,210.26
5204,1980,226.1
5204,1981,242.14
5204,1982,256.81
5204,1983,240.19
5204,1984,253.68
5204,1985,242.05
5204,1986,242.3
5204,1987,236.44
5204,1988,240.09
5204,1989,234.91
5204,1990,230.63
5204,1991,229.17
5204,1992,243.62
5204,1993,242.14
5204,1994,257.98
5204,1995,252.0
5204,1996,265.19
5204,1997,261.1
5204,1998,232.57
5204,1999,250.57
5204,2000,266.24
5204,2001,280.72
5204,2002,281.36
5204,2003,274.95
5204,2004,277.33
5204,2005,273.47
5204,2006,283.31
5204,2007,272.9
5204,2008,276.1
5204,2009,269.01
5204,2010,247.52
5204,2011,254.74
5204,2012,252.29
5204,2013,268.45
5206,1961,284.78
5206,1962,284.16
5206,1963,289.44
5206,1964,291.86
5206,1965,288.51
5206,1966,289.35
5206,1967,275.85
5206,1968,280.03
5206,1969,285.21
5206,1970,279.91
5206,1971,285.76
5206,1972,299.4
5206,1973,297.06
5206,1974,294.2
5206,1975,282.41
5206,1976,292.74
5206,1977,295.17
5206,1978,303.27
5206,1979,294.95
5206,1980,315.92
5206,1981,313.11
5206,1982,311.89
5206,1983,317.2
5206,1984,315.61
5206,1985,316.79
5206,1986,318.64
5206,1987,326.57
5206,1988,325.36
5206,1989,313.12
5206,1990,284.05
5206,1991,281.78
5206,1992,289.41
5206,1993,271.9
5206,1994,271.5
5206,1995,274.98
5206,1996,294.01
5206,1997,301.74
5206,1998,295.96
5206,1999,298.45
5206,2000,332.15
5206,2001,366.09
5206,2002,341.82
5206,2003,398.23
5206,2004,380.09
5206,2005,339.31
5206,2006,350.47
5206,2007,366.1
5206,2008,308.31
5206,2009,355.02
5206,2010,384.6
5206,2011,378.67
5206,2012,417.83
5206,2013,412.41
5207,1961,226.68
5207,1962,230.48
5207,1963,235.6
5207,1964,236.21
5207,1965,242.53
5207,1966,247.72
5207,1967,254.67
5207,1968,257.58
5207,1969,272.77
5207,1970,278.22
5207,1971,270.54
5207,1972,276.91
5207,1973,244.66
5207,1974,271.11
5207,1975,256.53
5207,1976,264.8
5207,1977,269.07
5207,1978,249.66
5207,1979,257.95
5207,1980,264.98
5207,1981,231.76
5207,1982,242.94
5207,1983,229.83
5207,1984,200.99
5207,1985,271.45
5207,1986,218.94
5207,1987,244.28
5207,1988,261.69
5207,1989,269.41
5207,1990,231.59
5207,1991,253.38
5207,1992,266.04
5207,1993,240.68
5207,1994,240.82
5207,1995,278.72
5207,1996,276.91
5207,1997,311.02
5207,1998,273.63
5207,1999,303.65
5207,2000,298.33
5207,2001,264.93
5207,2002,288.0
5207,2003,266.64
5207,2004,272.74
5207,2005,263.68
5207,2006,278.51
5207,2007,275.92
5207,2008,286.38
5207,2009,289.94
5207,2010,312.47
5207,2011,326.01
5207,2012,284.55
5207,2013,264.7
5300,1961,58.59
5300,1962,58.35
5300,1963,58.05
5300,1964,59.54
5300,1965,61.95
5300,1966,62.8
5300,1967,64.38
5300,1968,65.11
5300,1969,62.94
5300,1970,63.56
5300,1971,63.23
5300,1972,64.26
5300,1973,65.33
5300,1974,66.23
5300,1975,66.83
5300,1976,67.31
5300,1977,69.23
5300,1978,70.47
5300,1979,74.38
5300,1980,75.22
5300,1981,75.17
5300,1982,75.91
5300,1983,77.96
5300,1984,79.21
5300,1985,80.27
5300,1986,84.42
5300,1987,85.81
5300,1988,83.3
5300,1989,85.2
5300,1990,86.39
5300,1991,88.37
5300,1992,93.62
5300,1993,100.8
5300,1994,106.21
5300,1995,111.89
5300,1996,115.18
5300,1997,119.38
5300,1998,119.72
5300,1999,126.46
5300,2000,125.97
5300,2001,129.8
5300,2002,132.13
5300,2003,137.23
5300,2004,143.67
5300,2005,151.05
5300,2006,156.91
5300,2007,163.49
5300,2008,170.01
5300,2009,173.71
5300,2010,177.61
5300,2011,184.71
5300,2012,192.99
5300,2013,196.87
5301,1992,69.65
5301,1993,56.38
5301,1994,56.05
5301,1995,65.66
5301,1996,62.48
5301,1997,61.59
5301,1998,52.93
5301,1999,52.02
5301,2000,80.87
5301,2001,81.86
5301,2002,85.2
5301,2003,73.23
5301,2004,93.24
5301,2005,98.32
5301,2006,118.57
5301,2007,127.95
5301,2008,127.86
5301,2009,140.68
5301,2010,155.97
5301,2011,174.17
5301,2012,193.27
5301,2013,206.71
5302,1961,20.06
5302,1962,20.08
5302,1963,21.43
5302,1964,23.0
5302,1965,23.96
5302,1966,25.86
5302,1967,26.7
5302,1968,29.12
5302,1969,28.1
5302,1970,28.79
5302,1971,28.51
5302,1972,32.81
5302,1973,34.48
5302,1974,33.79
5302,1975,34.2
5302,1976,33.23
5302,1977,34.86
5302,1978,35.47
5302,1979,37.96
5302,1980,35.79
5302,1981,37.52
5302,1982,37.78
5302,1983,41.55
5302,1984,39.54
5302,1985,44.44
5302,1986,47.47
5302,1987,54.61
5302,1988,53.35
5302,1989,57.51
5302,1990,56.49
5302,1991,61.32
5302,1992,65.99
5302,1993,75.77
5302,1994,83.91
5302,1995,95.54
5302,1996,101.67
5302,1997,110.05
5302,1998,109.46
5302,1999,124.32
5302,2000,123.98
5302,2001,132.24
5302,2002,136.24
5302,2003,143.99
5302,2004,156.67
5302,2005,162.74
5302,2006,170.13
5302,2007,178.57
5302,2008,185.28
5302,2009,196.25
5302,2010,204.83
5302,2011,221.66
5302,2012,240.02
5302,2013,245.04
5303,1961,70.36
5303,1962,70.75
5303,1963,70.2
5303,1964,71.63
5303,1965,73.94
5303,1966,74.8
5303,1967,76.36
5303,1968,75.35
5303,1969,73.26
5303,1970,71.06
5303,1971,71.85
5303,1972,70.95
5303,1973,71.04
5303,1974,72.37
5303,1975,72.32
5303,1976,73.86
5303,1977,72.02
5303,1978,72.62
5303,1979,74.73
5303,1980,76.22
5303,1981,76.6
5303,1982,77.18
5303,1983,79.12
5303,1984,83.68
5303,1985,83.12
5303,1986,88.1
5303,1987,85.01
5303,1988,79.38
5303,1989,81.3
5303,1990,84.4
5303,1991,84.92
5303,1992,89.91
5303,1993,98.24
5303,1994,102.9
5303,1995,100.62
5303,1996,103.92
5303,1997,107.69
5303,1998,111.59
5303,1999,110.69
5303,2000,105.2
5303,2001,106.57
5303,2002,102.69
5303,2003,106.17
5303,2004,109.14
5303,2005,117.05
5303,2006,123.28
5303,2007,128.43
5303,2008,138.22
5303,2009,134.82
5303,2010,140.14
5303,2011,137.22
5303,2012,138.22
5303,2013,146.43
5304,1961,118.71
5304,1962,114.91
5304,1963,115.59
5304,1964,112.23
5304,1965,117.7
5304,1966,117.23
5304,1967,114.77
5304,1968,111.67
5304,1969,110.58
5304,1970,114.61
5304,1971,112.11
5304,1972,108.91
5304,1973,109.97
5304,1974,111.14
5304,1975,115.82
5304,1976,118.86
5304,1977,126.93
5304,1978,127.4
5304,1979,138.64
5304,1980,149.06
5304,1981,141.5
5304,1982,138.5
5304,1983,134.07
5304,1984,136.67
5304,1985,134.99
5304,1986,142.5
5304,1987,138.2
5304,1988,136.36
5304,1989,132.49
5304,1990,135.38
5304,1991,132.83
5304,1992,137.68
5304,1993,138.68
5304,1994,143.53
5304,1995,154.35
5304,1996,150.9
5304,1997,147.85
5304,1998,139.58
5304,1999,148.52
5304,2000,158.17
5304,2001,159.51
5304,2002,174.8
5304,2003,178.52
5304,2004,184.41
5304,2005,188.59
5304,2006,191.63
5304,2007,200.3
5304,2008,199.73
5304,2009,203.51
5304,2010,193.07
5304,2011,204.07
5304,2012,204.47
5304,2013,190.2
5305,1961,266.31
5305,1962,264.2
5305,1963,232.03
5305,1964,249.8
5305,1965,259.81
5305,1966,248.69
5305,1967,278.83
5305,1968,293.43
5305,1969,268.06
5305,1970,285.01
5305,1971,279.14
5305,1972,269.53
5305,1973,271.02
5305,1974,286.8
5305,1975,276.38
5305,1976,270.87
5305,1977,287.5
5305,1978,302.09
5305,1979,308.95
5305,1980,298.32
5305,1981,293.54
5305,1982,311.07
5305,1983,311.78
5305,1984,308.97
5305,1985,285.16
5305,1986,277.95
5305,1987,274.92
5305,1988,285.19
5305,1989,279.38
5305,1990,275.36
5305,1991,272.81
5305,1992,272.1
5305,1993,267.88
5305,1994,254.22
5305,1995,251.72
5305,1996,249.86
5305,1997,241.63
5305,1998,248.84
5305,1999,241.79
5305,2000,241.45
5305,2001,234.92
5305,2002,235.71
5305,2003,241.5
5305,2004,221.27
5305,2005,246.47
5305,2006,240.75
5305,2007,237.39
5305,2008,238.38
5305,2009,240.92
5305,2010,235.52
5305,2011,236.45
5305,2012,248.5
5305,2013,259.67
5400,1961,135.4
5400,1962,144.2
5400,1963,151.67
5400,1964,154.05
5400,1965,154.78
5400,1966,161.65
5400,1967,167.74
5400,1968,176.53
5400,1969,175.63
5400,1970,179.24
5400,1971,179.35
5400,1972,170.52
5400,1973,184.01
5400,1974,172.33
5400,1975,175.43
5400,1976,183.65
5400,1977,171.07
5400,1978,178.24
5400,1979,178.14
5400,1980,179.4
5400,1981,174.54
5400,1982,191.06
5400,1983,190.99
5400,1984,192.14
5400,1985,181.83
5400,1986,199.31
5400,1987,192.73
5400,1988,201.79
5400,1989,201.97
5400,1990,200.33
5400,1991,190.95
5400,1992,222.97
5400,1993,207.66
5400,1994,201.17
5400,1995,192.39
5400,1996,207.43
5400,1997,200.46
5400,1998,196.82
5400,1999,201.49
5400,2000,217.94
5400,2001,212.08
5400,2002,226.72
5400,2003,229.8
5400,2004,241.19
5400,2005,246.85
5400,2006,256.33
5400,2007,254.73
5400,2008,256.35
5400,2009,251.96
5400,2010,242.06
5400,2011,251.24
5400,2012,246.72
5400,2013,260.07
5401,1961,64.83
5401,1962,67.69
5401,1963,74.3
5401,1964,74.48
5401,1965,85.15
5401,1966,84.64
5401,1967,89.08
5401,1968,95.56
5401,1969,92.36
5401,1970,101.73
5401,1971,104.01
5401,1972,94.5
5401,1973,107.9
5401,1974,103.73
5401,1975,109.78
5401,1976,120.38
5401,1977,118.09
5401,1978,118.64
5401,1979,115.82
5401,1980,115.19
5401,1981,117.91
5401,1982,129.71
5401,1983,136.29
5401,1984,133.57
5401,1985,121.08
5401,1986,138.45
5401,1987,122.28
5401,1988,125.49
5401,1989,120.05
5401,1990,111.42
5401,1991,107.18
5401,1992,118.02
5401,1993,119.37
5401,1994,106.08
5401,1995,108.53
5401,1996,118.38
5401,1997,116.41
5401,1998,107.25
5401,1999,98.54
5401,2000,112.21
5401,2001,116.03
5401,2002,124.09
5401,2003,134.2
5401,2004,144.96
5401,2005,155.3
5401,2006,162.66
5401,2007,166.26
5401,2008,166.33
5401,2009,162.3
5401,2010,164.14
5401,2011,173.83
5401,2012,178.12
5401,2013,185.74
5402,1961,147.94
5402,1962,170.97
5402,1963,160.15
5402,1964,169.96
5402,1965,163.03
5402,1966,160.16
5402,1967,159.5
5402,1968,169.52
5402,1969,166.63
5402,1970,175.35
5402,1971,177.06
5402,1972,172.31
5402,1973,183.93
5402,1974,173.07
5402,1975,167.57
5402,1976,176.07
5402,1977,164.96
5402,1978,165.18
5402,1979,177.24
5402,1980,174.47
5402,1981,177.07
5402,1982,176.84
5402,1983,183.1
5402,1984,185.63
5402,1985,183.19
5402,1986,193.26
5402,1987,205.48
5402,1988,209.48
5402,1989,221.35
5402,1990,218.16
5402,1991,211.17
5402,1992,205.13
5402,1993,212.81
5402,1994,210.32
5402,1995,202.53
5402,1996,215.16
5402,1997,220.57
5402,1998,232.86
5402,1999,234.89
5402,2000,235.56
5402,2001,250.41
5402,2002,276.43
5402,2003,309.14
5402,2004,308.53
5402,2005,327.36
5402,2006,350.23
5402,2007,333.31
5402,2008,347.85
5402,2009,325.95
5402,2010,316.43
5402,2011,321.33
5402,2012,332.49
5402,2013,336.09
5403,1961,220.01
5403,1962,208.92
5403,1963,234.75
5403,1964,242.57
5403,1965,232.83
5403,1966,250.62
5403,1967,248.68
5403,1968,258.35
5403,1969,266.91
5403,1970,264.24
5403,1971,261.65
5403,1972,261.74
5403,1973,273.47
5403,1974,266.1
5403,1975,254.75
5403,1976,264.48
5403,1977,234.18
5403,1978,246.1
5403,1979,246.04
5403,1980,257.23
5403,1981,258.62
5403,1982,266.68
5403,1983,274.18
5403,1984,261.85
5403,1985,260.16
5403,1986,266.65
5403,1987,281.02
5403,1988,291.18
5403,1989,308.65
5403,1990,311.43
5403,1991,294.73
5403,1992,338.76
5403,1993,325.01
5403,1994,308.01
5403,1995,280.16
5403,1996,309.91
5403,1997,304.82
5403,1998,298.48
5403,1999,332.46
5403,2000,333.49
5403,2001,325.15
5403,2002,340.31
5403,2003,327.45
5403,2004,355.81
5403,2005,343.51
5403,2006,360.12
5403,2007,347.97
5403,2008,348.77
5403,2009,355.99
5403,2010,316.64
5403,2011,309.24
5403,2012,276.94
5403,2013,308.54
5404,1961,200.96
5404,1962,230.1
5404,1963,234.7
5404,1964,234.01
5404,1965,227.39
5404,1966,245.49
5404,1967,264.49
5404,1968,276.85
5404,1969,274.63
5404,1970,269.53
5404,1971,266.96
5404,1972,251.09
5404,1973,267.38
5404,1974,237.3
5404,1975,250.18
5404,1976,252.7
5404,1977,232.79
5404,1978,253.58
5404,1979,253.8
5404,1980,253.59
5404,1981,224.73
5404,1982,266.68
5404,1983,243.83
5404,1984,264.08
5404,1985,248.26
5404,1986,279.12
5404,1987,268.0
5404,1988,292.0
5404,1989,285.39
5404,1990,296.43
5404,1991,280.49
5404,1992,321.93
5404,1993,263.98
5404,1994,274.81
5404,1995,260.67
5404,1996,273.41
5404,1997,249.47
5404,1998,248.21
5404,1999,252.41
5404,2000,292.37
5404,2001,260.51
5404,2002,278.08
5404,2003,265.7
5404,2004,269.28
5404,2005,273.72
5404,2006,272.82
5404,2007,278.34
5404,2008,275.55
5404,2009,269.39
5404,2010,264.15
5404,2011,287.51
5404,2012,283.12
5404,2013,294.91
5500,1961,201.91
5500,1962,201.03
5500,1963,214.24
5500,1964,212.39
5500,1965,214.07
5500,1966,207.72
5500,1967,216.93
5500,1968,214.73
5500,1969,220.75
5500,1970,230.44
5500,1971,237.42
5500,1972,233.63
5500,1973,226.61
5500,1974,207.84
5500,1975,231.1
5500,1976,224.63
5500,1977,214.23
5500,1978,205.67
5500,1979,221.83
5500,1980,236.85
5500,1981,227.94
5500,1982,217.76
5500,1983,223.68
5500,1984,233.98
5500,1985,250.54
5500,1986,241.78
5500,1987,250.09
5500,1988,240.29
5500,1989,249.96
5500,1990,243.68
5500,1991,226.64
5500,1992,237.18
5500,1993,257.16
5500,1994,249.81
5500,1995,237.88
5500,1996,233.71
5500,1997,249.97
5500,1998,239.88
5500,1999,243.31
5500,2000,256.96
5500,2001,266.06
5500,2002,260.99
5500,2003,274.55
5500,2004,273.34
5500,2005,290.74
5500,2006,267.28
5500,2007,284.87
5500,2008,280.67
5500,2009,269.28
5500,2010,271.31
5500,2011,252.9
5500,2012,246.91
5500,2013,243.03
5501,1961,205.5
5501,1962,204.83
5501,1963,219.46
5501,1964,217.04
5501,1965,218.36
5501,1966,210.55
5501,1967,220.41
5501,1968,217.78
5501,1969,224.71
5501,1970,234.58
5501,1971,242.21
5501,1972,237.98
5501,1973,229.86
5501,1974,209.89
5501,1975,235.05
5501,1976,228.31
5501,1977,217.44
5501,1978,208.44
5501,1979,225.23
5501,1980,241.91
5501,1981,232.42
5501,1982,222.21
5501,1983,228.42
5501,1984,239.94
5501,1985,258.05
5501,1986,249.13
5501,1987,258.6
5501,1988,247.13
5501,1989,258.71
5501,1990,252.69
5501,1991,234.48
5501,1992,246.29
5501,1993,267.57
5501,1994,259.87
5501,1995,246.41
5501,1996,241.5
5501,1997,258.7
5501,1998,247.49
5501,1999,252.48
5501,2000,266.28
5501,2001,276.2
5501,2002,270.87
5501,2003,284.62
5501,2004,282.73
5501,2005,301.12
5501,2006,274.29
5501,2007,292.29
5501,2008,286.86
5501,2009,275.68
5501,2010,278.09
5501,2011,258.57
5501,2012,251.74
5501,2013,246.35
5502,1961,90.76
5502,1962,92.56
5502,1963,85.74
5502,1964,88.25
5502,1965,91.37
5502,1966,88.41
5502,1967,89.25
5502,1968,90.33
5502,1969,88.7
5502,1970,94.17
5502,1971,98.65
5502,1972,97.66
5502,1973,104.86
5502,1974,102.37
5502,1975,98.87
5502,1976,97.55
5502,1977,100.03
5502,1978,100.32
5502,1979,107.18
5502,1980,110.47
5502,1981,106.7
5502,1982,105.89
5502,1983,114.85
5502,1984,109.79
5502,1985,109.44
5502,1986,103.73
5502,1987,98.97
5502,1988,112.8
5502,1989,114.09
5502,1990,102.28
5502,1991,104.35
5502,1992,104.73
5502,1993,111.97
5502,1994,107.86
5502,1995,107.31
5502,1996,112.06
5502,1997,118.2
5502,1998,118.47
5502,1999,101.48
5502,2000,114.39
5502,2001,118.41
5502,2002,112.13
5502,2003,131.67
5502,2004,136.59
5502,2005,138.83
5502,2006,154.22
5502,2007,165.73
5502,2008,175.13
5502,2009,158.68
5502,2010,158.92
5502,2011,153.59
5502,2012,151.96
5502,2013,166.56
5503,1961,160.56
5503,1962,159.88
5503,1963,167.69
5503,1964,171.84
5503,1965,176.35
5503,1966,178.01
5503,1967,181.27
5503,1968,184.47
5503,1969,179.8
5503,1970,181.9
5503,1971,181.67
5503,1972,190.17
5503,1973,192.64
5503,1974,195.8
5503,1975,203.01
5503,1976,200.21
5503,1977,197.07
5503,1978,195.1
5503,1979,198.99
5503,1980,198.07
5503,1981,196.65
5503,1982,196.18
5503,1983,190.21
5503,1984,191.75
5503,1985,189.52
5503,1986,187.36
5503,1987,185.36
5503,1988,168.72
5503,1989,158.64
5503,1990,174.52
5503,1991,179.94
5503,1992,178.51
5503,1993,204.2
5503,1994,179.4
5503,1995,175.82
5503,1996,184.46
5503,1997,169.67
5503,1998,180.53
5503,1999,184.32
5503,2000,210.47
5503,2001,189.62
5503,2002,170.92
5503,2003,148.66
5503,2004,178.99
5503,2005,196.06
5503,2006,187.88
5503,2007,188.62
5503,2008,189.68
5503,2009,200.5
5503,2010,199.5
5503,2011,217.15
5503,2012,201.6
5503,2013,231.63
5504,1961,358.01
5504,1962,336.52
5504,1963,331.03
5504,1964,354.28
5504,1965,375.11
5504,1966,446.93
5504,1967,445.28
5504,1968,457.56
5504,1969,433.94
5504,1970,451.18
5504,1971,429.99
5504,1972,446.27
5504,1973,459.61
5504,1974,456.92
5504,1975,465.84
5504,1976,462.65
5504,1977,436.35
5504,1978,423.93
5504,1979,444.13
5504,1980,411.74
5504,1981,421.84
5504,1982,381.93
5504,1983,366.21
5504,1984,369.36
5504,1985,368.43
5504,1986,356.29
5504,1987,349.05
5504,1988,344.8
5504,1989,280.52
5504,1990,276.99
5504,1991,251.58
5504,1992,233.82
5504,1993,231.8
5504,1994,240.21
5504,1995,272.99
5504,1996,276.74
5504,1997,288.79
5504,1998,299.06
5504,1999,296.07
5504,2000,303.51
5504,2001,293.91
5504,2002,311.67
5504,2003,297.9
5504,2004,304.86
5504,2005,325.97
5504,2006,336.22
5504,2007,357.93
5504,2008,369.1
5504,2009,361.42
5504,2010,349.86
5504,2011,336.54
5504,2012,364.54
5504,2013,367.54
5706,1961,178.38
5706,1962,190.38
5706,1963,201.06
5706,1964,204.56
5706,1965,201.01
5706,1966,214.91
5706,1967,217.43
5706,1968,231.17
5706,1969,230.06
5706,1970,229.77
5706,1971,227.63
5706,1972,220.89
5706,1973,232.26
5706,1974,215.88
5706,1975,215.33
5706,1976,223.96
5706,1977,204.84
5706,1978,217.16
5706,1979,219.51
5706,1980,220.9
5706,1981,210.79
5706,1982,234.75
5706,1983,227.8
5706,1984,233.64
5706,1985,224.72
5706,1986,240.02
5706,1987,237.84
5706,1988,253.79
5706,1989,259.52
5706,1990,263.6
5706,1991,253.05
5706,1992,279.08
5706,1993,253.1
5706,1994,248.53
5706,1995,235.9
5706,1996,252.32
5706,1997,240.23
5706,1998,241.1
5706,1999,255.45
5706,2000,271.26
5706,2001,258.93
5706,2002,274.15
5706,2003,272.0
5706,2004,281.93
5706,2005,286.79
5706,2006,294.67
5706,2007,285.67
5706,2008,287.8
5706,2009,285.09
5706,2010,271.36
5706,2011,277.47
5706,2012,270.75
5706,2013,284.1
5801,1961,98.4
5801,1962,102.48
5801,1963,97.43
5801,1964,102.02
5801,1965,101.74
5801,1966,102.51
5801,1967,108.56
5801,1968,109.49
5801,1969,105.9
5801,1970,102.12
5801,1971,98.34
5801,1972,97.87
5801,1973,100.16
5801,1974,100.91
5801,1975,100.29
5801,1976,99.32
5801,1977,96.42
5801,1978,96.16
5801,1979,101.85
5801,1980,100.63
5801,1981,100.21
5801,1982,102.93
5801,1983,101.88
5801,1984,97.1
5801,1985,98.74
5801,1986,97.04
5801,1987,96.68
5801,1988,96.63
5801,1989,99.6
5801,1990,95.9
5801,1991,96.57
5801,1992,92.52
5801,1993,91.88
5801,1994,91.85
5801,1995,93.86
5801,1996,92.78
5801,1997,95.08
5801,1998,97.98
5801,1999,97.75
5801,2000,94.58
5801,2001,94.98
5801,2002,105.63
5801,2003,103.04
5801,2004,108.53
5801,2005,112.81
5801,2006,118.52
5801,2007,118.14
5801,2008,114.66
5801,2009,118.48
5801,2010,120.4
5801,2011,121.34
5801,2012,124.28
5801,2013,124.43
5802,1961,142.98
5802,1962,157.56
5802,1963,145.12
5802,1964,156.17
5802,1965,160.01
5802,1966,155.94
5802,1967,181.14
5802,1968,187.51
5802,1969,178.69
5802,1970,169.22
5802,1971,163.16
5802,1972,167.75
5802,1973,171.78
5802,1974,168.35
5802,1975,170.25
5802,1976,164.51
5802,1977,159.26
5802,1978,163.03
5802,1979,183.14
5802,1980,177.52
5802,1981,179.3
5802,1982,190.91
5802,1983,188.96
5802,1984,179.15
5802,1985,189.84
5802,1986,184.0
5802,1987,185.75
5802,1988,187.57
5802,1989,198.58
5802,1990,190.67
5802,1991,195.97
5802,1992,158.19
5802,1993,124.34
5802,1994,123.88
5802,1995,130.18
5802,1996,126.74
5802,1997,126.5
5802,1998,126.07
5802,1999,127.6
5802,2000,127.36
5802,2001,124.76
5802,2002,131.92
5802,2003,125.13
5802,2004,126.98
5802,2005,127.63
5802,2006,131.83
5802,2007,133.06
5802,2008,126.27
5802,2009,132.44
5802,2010,134.54
5802,2011,139.18
5802,2012,147.26
5802,2013,145.28
5803,1961,253.0
5803,1962,253.36
5803,1963,257.8
5803,1964,260.57
5803,1965,258.88
5803,1966,259.81
5803,1967,248.39
5803,1968,251.39
5803,1969,255.38
5803,1970,250.57
5803,1971,256.05
5803,1972,267.31
5803,1973,266.68
5803,1974,261.51
5803,1975,252.8
5803,1976,260.5
5803,1977,263.35
5803,1978,269.39
5803,1979,262.35
5803,1980,281.17
5803,1981,278.69
5803,1982,276.46
5803,1983,279.32
5803,1984,279.05
5803,1985,281.59
5803,1986,282.95
5803,1987,291.29
5803,1988,291.09
5803,1989,281.45
5803,1990,257.0
5803,1991,255.43
5803,1992,263.19
5803,1993,250.23
5803,1994,250.85
5803,1995,253.82
5803,1996,267.95
5803,1997,275.2
5803,1998,269.57
5803,1999,271.84
5803,2000,301.57
5803,2001,329.37
5803,2002,308.01
5803,2003,353.29
5803,2004,338.97
5803,2005,307.06
5803,2006,316.95
5803,2007,330.5
5803,2008,285.26
5803,2009,322.53
5803,2010,346.35
5803,2011,339.5
5803,2012,372.79
5803,2013,370.58
5817,1961,112.41
5817,1962,116.75
5817,1963,113.87
5817,1964,117.88
5817,1965,118.74
5817,1966,120.89
5817,1967,126.05
5817,1968,124.31
5817,1969,121.32
5817,1970,118.69
5817,1971,117.63
5817,1972,117.83
5817,1973,117.21
5817,1974,119.92
5817,1975,119.5
5817,1976,119.06
5817,1977,116.45
5817,1978,118.85
5817,1979,126.39
5817,1980,123.5
5817,1981,122.4
5817,1982,124.88
5817,1983,123.53
5817,1984,119.67
5817,1985,119.39
5817,1986,121.15
5817,1987,120.11
5817,1988,121.18
5817,1989,124.49
5817,1990,120.27
5817,1991,121.56
5817,1992,121.88
5817,1993,123.2
5817,1994,124.35
5817,1995,124.99
5817,1996,126.78
5817,1997,129.57
5817,1998,130.94
5817,1999,130.25
5817,2000,130.0
5817,2001,129.31
5817,2002,135.05
5817,2003,133.39
5817,2004,137.19
5817,2005,141.01
5817,2006,145.93
5817,2007,143.65
5817,2008,142.63
5817,2009,145.08
5817,2010,146.62
5817,2011,145.8
5817,2012,151.45
5817,2013,150.07
