geo,year,tcl_grapefruit_inc_pomelos_export_quantity
10,1961,106
10,1962,86
10,1963,112
10,1964,0
10,1965,0
10,1966,0
10,1967,0
10,1968,642
10,1969,320
10,1970,245
10,1971,54
10,1972,97
10,1973,83
10,1974,40
10,1975,38
10,1976,39
10,1977,304
10,1978,330
10,1979,488
10,1980,484
10,1981,599
10,1982,182
10,1983,273
10,1984,179
10,1985,67
10,1986,188
10,1987,552
10,1988,694
10,1989,142
10,1990,133
10,1991,78
10,1992,319
10,1993,405
10,1994,219
10,1995,343
10,1996,205
10,1997,159
10,1998,291
10,1999,90
10,2000,142
10,2001,228
10,2002,328
10,2003,473
10,2004,476
10,2005,381
10,2006,534
10,2007,415
10,2008,405
10,2009,844
10,2010,474
10,2011,325
10,2012,867
10,2013,230
10,2014,188
10,2015,465
10,2016,1164
10,2017,1321
10,2018,1215
10,2019,1704
10,2020,2055
100,1961,20
100,1962,6
100,1963,21
100,1964,8
100,1965,0
100,1966,2
100,1967,3
100,1968,1
100,1969,1
100,1970,1
100,1971,0
100,1972,0
100,1973,0
100,1974,0
100,1975,0
100,1976,0
100,1977,2
100,1978,13
100,1979,30
100,1980,12
100,1981,27
100,1982,52
100,1983,3
100,1984,57
100,1985,56
100,1986,227
100,1987,106
100,1988,37
100,1989,81
100,1990,29
100,1991,227
100,1992,28
100,1993,52
100,1994,40
100,1995,5
100,1996,110
100,1997,145
100,1998,28
100,1999,289
100,2000,220
100,2001,170
100,2002,33
100,2003,459
100,2004,584
100,2005,876
100,2006,1680
100,2007,1690
100,2008,3309
100,2009,1154
100,2010,464
100,2011,787
100,2012,861
100,2013,135
100,2014,112
100,2015,596
100,2016,421
100,2017,310
100,2018,555
100,2019,733
100,2020,490
101,1961,0
101,1962,0
101,1963,0
101,1964,0
101,1965,0
101,1966,0
101,1967,0
101,1968,0
101,1969,0
101,1970,0
101,1971,0
101,1972,0
101,1973,0
101,1974,0
101,1975,0
101,1976,0
101,1977,0
101,1978,0
101,1979,0
101,1980,0
101,1981,0
101,1982,0
101,1983,0
101,1984,0
101,1985,0
101,1986,0
101,1987,18
101,1988,17
101,1989,38
101,1990,0
101,1991,10
101,1992,0
101,1993,1
101,1994,8
101,1995,20
101,1996,15
101,1997,0
101,1998,28
101,1999,44
101,2000,134
101,2001,70
101,2002,1
101,2003,15
101,2004,42
101,2005,36
101,2006,0
101,2007,0
101,2008,2
101,2009,0
101,2010,0
101,2011,0
101,2012,0
101,2013,0
101,2014,0
101,2015,0
101,2016,0
101,2017,0
101,2018,0
101,2020,0
102,1997,764
102,1998,628
102,1999,305
102,2000,174
102,2001,16
102,2002,12
102,2003,54
102,2004,46
102,2005,9
102,2006,5
102,2007,3
102,2008,9
102,2009,9
102,2010,4
102,2011,22
102,2012,41
102,2013,5
102,2014,24
102,2015,25
102,2016,9
102,2017,1
102,2018,46
102,2019,135
102,2020,72
103,2020,5
104,1961,0
104,1962,0
104,1963,0
104,1964,0
104,1965,0
104,1966,0
104,1967,0
104,1968,0
104,1969,0
104,1970,0
104,1971,0
104,1972,71
104,1973,60
104,1974,35
104,1975,197
104,1976,118
104,1977,87
104,1978,216
104,1979,336
104,1980,99
104,1981,266
104,1982,520
104,1983,106
104,1984,166
104,1985,471
104,1986,140
104,1987,160
104,1988,701
104,1989,928
104,1990,258
104,1991,1191
104,1992,934
104,1993,42
104,1994,145
104,1995,21
104,1996,4
104,1997,7
104,1998,7
104,1999,34
104,2000,47
104,2001,35
104,2002,70
104,2003,23
104,2004,19
104,2005,555
104,2006,678
104,2007,225
104,2008,421
104,2009,104
104,2010,87
104,2011,7
104,2012,35
104,2013,78
104,2014,120
104,2015,108
104,2016,49
104,2017,43
104,2018,74
104,2019,141
104,2020,103
105,1961,40106
105,1962,56084
105,1963,67447
105,1964,83576
105,1965,92664
105,1966,112319
105,1967,123906
105,1968,154858
105,1969,138358
105,1970,180028
105,1971,234777
105,1972,202158
105,1973,246719
105,1974,221116
105,1975,268960
105,1976,253740
105,1977,291362
105,1978,266876
105,1979,284319
105,1980,226216
105,1981,236293
105,1982,208130
105,1983,157167
105,1984,139279
105,1985,121895
105,1986,131391
105,1987,128439
105,1988,138808
105,1989,109702
105,1990,107323
105,1991,146243
105,1992,94554
105,1993,109296
105,1994,98672
105,1995,107788
105,1996,118169
105,1997,137986
105,1998,124000
105,1999,132079
105,2000,110319
105,2001,69408
105,2002,44050
105,2003,88986
105,2004,57241
105,2005,78068
105,2006,42555
105,2007,46494
105,2008,51282
105,2009,61260
105,2010,67589
105,2011,59633
105,2012,69474
105,2013,64892
105,2014,87927
105,2015,56106
105,2016,61193
105,2017,71177
105,2018,61431
105,2019,57380
105,2020,73138
106,1961,89
106,1962,115
106,1963,108
106,1964,220
106,1965,436
106,1966,529
106,1967,729
106,1968,306
106,1969,313
106,1970,135
106,1971,277
106,1972,63
106,1973,128
106,1974,468
106,1975,71
106,1976,555
106,1977,671
106,1978,2020
106,1979,568
106,1980,1689
106,1981,698
106,1982,1345
106,1983,772
106,1984,1527
106,1985,803
106,1986,964
106,1987,1326
106,1988,2929
106,1989,302
106,1990,2026
106,1991,1490
106,1992,1557
106,1993,2889
106,1994,5771
106,1995,5256
106,1996,3346
106,1997,3813
106,1998,3632
106,1999,4595
106,2000,4854
106,2001,5494
106,2002,6757
106,2003,5854
106,2004,4396
106,2005,6054
106,2006,2735
106,2007,2906
106,2008,3058
106,2009,6357
106,2010,8757
106,2011,4875
106,2012,2071
106,2013,2686
106,2014,3038
106,2015,3105
106,2016,2589
106,2017,2659
106,2018,3058
106,2019,3504
106,2020,3385
107,1961,0
107,1962,0
107,1963,0
107,1964,0
107,1965,0
107,1966,15
107,1967,13
107,1968,24
107,1969,9
107,1970,27
107,1971,4
107,1972,10
107,1973,18
107,1974,9
107,1975,6
107,1976,9
107,1977,7
107,1978,1
107,1979,0
107,1980,0
107,1981,0
107,1982,0
107,1983,10
107,1984,0
107,1985,0
107,1986,0
107,1987,0
107,1988,0
107,1989,0
107,1990,0
107,1991,0
107,1992,0
107,1993,0
107,1994,0
107,1995,0
107,1996,0
107,1997,0
107,1998,0
107,1999,0
107,2000,0
107,2001,0
107,2002,0
107,2003,0
107,2004,5
107,2005,0
107,2006,0
107,2007,0
107,2008,0
107,2009,0
107,2010,0
107,2011,0
107,2012,0
107,2013,0
107,2014,0
107,2015,0
107,2016,0
107,2017,0
107,2018,0
107,2019,0
107,2020,0
108,2013,19
108,2014,0
108,2015,47
108,2016,5
108,2017,51
108,2018,99
108,2019,40
108,2020,7
109,1961,5446
109,1962,5077
109,1963,9156
109,1964,4823
109,1965,6166
109,1966,3989
109,1967,4230
109,1968,7686
109,1969,7795
109,1970,5700
109,1971,4500
109,1972,4066
109,1973,2600
109,1974,1880
109,1975,3000
109,1976,650
109,1977,435
109,1978,1796
109,1979,857
109,1980,633
109,1981,457
109,1982,1240
109,1983,1440
109,1984,568
109,1985,248
109,1986,660
109,1987,503
109,1988,723
109,1989,197
109,1990,791
109,1991,773
109,1992,704
109,1993,883
109,1994,558
109,1995,580
109,1996,589
109,1997,474
109,1998,160
109,1999,32
109,2000,45
109,2001,35
109,2002,26
109,2003,83
109,2004,116
109,2005,0
109,2006,29
109,2007,13
109,2008,4
109,2009,88
109,2010,25
109,2011,25
109,2012,11
109,2013,9
109,2014,6
109,2015,4
109,2016,0
109,2017,0
109,2018,0
11,1961,0
11,1962,0
11,1963,0
11,1964,0
11,1965,0
11,1966,0
11,1967,0
11,1968,0
11,1969,0
11,1970,0
11,1971,15
11,1972,0
11,1973,20
11,1974,0
11,1975,22
11,1976,30
11,1977,7
11,1978,0
11,1979,0
11,1980,0
11,1981,49
11,1982,43
11,1983,85
11,1984,41
11,1985,75
11,1986,138
11,1987,47
11,1988,28
11,1989,8
11,1990,135
11,1991,534
11,1992,452
11,1993,410
11,1994,338
11,1995,225
11,1996,705
11,1997,1387
11,1998,2227
11,1999,3820
11,2000,5310
11,2001,5482
11,2002,8570
11,2003,8983
11,2004,13049
11,2005,13315
11,2006,23722
11,2007,14544
11,2008,17907
11,2009,14853
11,2010,15132
11,2011,14217
11,2012,15972
11,2013,9695
11,2014,12919
11,2015,10009
11,2016,11102
11,2017,6297
11,2018,5307
11,2019,6226
11,2020,13872
110,1961,0
110,1962,0
110,1963,0
110,1964,0
110,1965,0
110,1966,0
110,1967,0
110,1968,0
110,1969,0
110,1970,0
110,1971,0
110,1972,0
110,1973,0
110,1974,0
110,1975,0
110,1976,0
110,1977,0
110,1978,1
110,1979,0
110,1980,0
110,1981,0
110,1982,0
110,1983,0
110,1984,0
110,1985,0
110,1986,0
110,1987,0
110,1988,0
110,1989,0
110,1990,2
110,1991,0
110,1992,0
110,1993,0
110,1994,0
110,1995,0
110,1996,0
110,1997,0
110,1998,0
110,1999,0
110,2000,0
110,2001,0
110,2002,0
110,2003,0
110,2004,0
110,2005,0
110,2006,27
110,2007,113
110,2008,0
110,2009,0
110,2010,0
110,2011,0
110,2012,0
110,2013,0
110,2016,2
110,2017,0
110,2018,44
110,2019,0
110,2020,1
112,1961,228
112,1962,524
112,1963,607
112,1964,258
112,1965,154
112,1966,155
112,1967,264
112,1968,259
112,1969,335
112,1970,251
112,1971,198
112,1972,342
112,1973,310
112,1974,1893
112,1975,1448
112,1976,2648
112,1977,1614
112,1978,2025
112,1979,1679
112,1980,1268
112,1981,11914
112,1982,15417
112,1983,13607
112,1984,4309
112,1985,1140
112,1986,1673
112,1987,635
112,1988,985
112,1989,1264
112,1990,560
112,1991,1179
112,1992,1650
112,1993,2537
112,1994,2100
112,1995,1807
112,1996,401
112,1997,2499
112,1998,2582
112,1999,1783
112,2000,1524
112,2001,1413
112,2002,1541
112,2003,1259
112,2004,1937
112,2005,3061
112,2006,1919
112,2007,1035
112,2008,686
112,2009,621
112,2010,589
112,2011,540
112,2012,473
112,2013,701
112,2014,1000
112,2015,1311
112,2016,1018
112,2017,558
112,2018,473
112,2019,306
112,2020,186
113,1999,53
113,2000,6
113,2001,1
113,2018,5
113,2020,1
114,1961,0
114,1962,0
114,1963,0
114,1964,0
114,1965,0
114,1966,0
114,1967,0
114,1968,0
114,1969,0
114,1970,0
114,1971,0
114,1972,75
114,1973,65
114,1974,120
114,1975,85
114,1976,100
114,1977,160
114,1978,192
114,1979,9
114,1980,88
114,1981,77
114,1982,66
114,1983,47
114,1984,79
114,1985,91
114,1986,7
114,1987,6
114,1988,4
114,1989,7
114,1990,5
114,1991,2
114,1992,3
114,1993,7
114,1994,9
114,1995,9
114,1996,4
114,1997,2
114,1998,2
114,1999,1
114,2000,5
114,2001,1
114,2002,3
114,2003,12
114,2004,11
114,2005,6
114,2006,15
114,2007,1
114,2008,0
114,2009,0
114,2010,0
114,2011,0
114,2012,0
114,2013,3
114,2014,1
114,2015,6
114,2016,3
114,2017,1
114,2018,1
114,2019,3
114,2020,0
115,1961,65
115,1962,179
115,1963,272
115,1964,0
115,1965,0
115,1966,0
115,1967,0
115,1968,0
115,1969,0
115,1970,0
115,1971,0
115,1972,0
115,1973,0
115,1974,0
115,1975,0
115,1976,0
115,1977,0
115,1978,0
115,1979,0
115,1980,0
115,1981,0
115,1982,0
115,1983,0
115,1984,0
115,1985,0
115,1986,0
115,1987,0
115,1988,0
115,1989,0
115,1990,0
115,1991,0
115,1992,0
115,1993,0
115,1994,0
115,1995,0
115,1996,0
115,1997,0
115,1998,0
115,1999,0
115,2000,0
115,2001,0
115,2002,0
115,2003,0
115,2004,29
115,2005,40
115,2006,40
115,2007,40
115,2008,40
115,2009,0
115,2010,0
115,2011,0
115,2012,0
115,2013,0
115,2020,2565
116,2015,22
117,1961,0
117,1962,0
117,1963,0
117,1964,0
117,1965,0
117,1966,0
117,1967,0
117,1968,0
117,1969,0
117,1970,0
117,1971,0
117,1972,0
117,1973,0
117,1974,0
117,1975,0
117,1976,0
117,1977,0
117,1978,0
117,1979,0
117,1980,0
117,1981,1
117,1982,0
117,1983,0
117,1984,0
117,1985,0
117,1986,0
117,1987,0
117,1988,0
117,1989,581
117,1990,0
117,1991,0
117,1992,0
117,1993,0
117,1994,0
117,1995,0
117,1996,0
117,1997,0
117,1998,0
117,1999,0
117,2000,7
117,2001,2
117,2002,0
117,2003,0
117,2004,0
117,2005,0
117,2006,0
117,2007,0
117,2008,0
117,2009,0
117,2010,0
117,2011,0
117,2012,0
117,2013,0
117,2017,0
118,1961,0
118,1962,0
118,1963,0
118,1964,0
118,1965,0
118,1966,0
118,1967,0
118,1968,0
118,1969,0
118,1970,4
118,1971,0
118,1972,6
118,1973,0
118,1974,0
118,1975,0
118,1976,2
118,1977,0
118,1978,0
118,1979,0
118,1980,0
118,1981,0
118,1982,0
118,1983,0
118,1984,4
118,1985,0
118,1986,0
118,1987,0
118,1988,0
118,1989,0
118,1990,0
118,1991,0
118,1992,2
118,1993,0
118,1994,14
118,1995,8
118,1996,0
118,1997,5
118,1998,0
118,1999,0
118,2000,0
118,2001,0
118,2002,0
118,2003,0
118,2004,0
118,2005,0
118,2006,0
118,2007,0
118,2008,0
118,2009,55
118,2010,55
118,2011,55
118,2012,55
118,2013,415
118,2014,58
118,2015,1026
118,2016,349
118,2017,111
118,2018,412
118,2020,1
119,1995,1
119,1997,1
119,1999,2
119,2000,14
119,2001,41
119,2002,3
119,2003,4
119,2004,12
119,2005,59
119,2006,22
119,2007,56
119,2008,37
119,2009,326
119,2010,579
119,2011,746
119,2012,673
119,2013,668
119,2014,756
119,2015,746
119,2016,1169
119,2017,892
119,2018,1319
119,2019,1655
119,2020,2038
12,1961,0
12,1962,0
12,1963,0
12,1964,0
12,1965,0
12,1966,0
12,1967,0
12,1968,0
12,1969,0
12,1970,0
12,1971,0
12,1972,0
12,1973,0
12,1974,0
12,1975,0
12,1976,0
12,1977,0
12,1978,0
12,1979,0
12,1980,0
12,1981,0
12,1982,0
12,1983,0
12,1984,0
12,1985,0
12,1986,0
12,1987,0
12,1988,0
12,1989,0
12,1990,0
12,1991,529
12,1992,1000
12,1993,2000
12,1994,4000
12,1995,10000
12,1996,10000
12,1997,9500
12,1998,9995
12,1999,8340
12,2000,9900
12,2001,9900
12,2002,10000
12,2003,10500
12,2004,13079
12,2005,11399
12,2006,15332
12,2007,19625
12,2008,11072
12,2009,4711
12,2010,3558
12,2011,1371
12,2012,0
12,2013,0
120,2014,5
120,2015,8
120,2016,3
120,2017,4051
120,2018,4983
120,2019,1584
121,1961,345
121,1962,726
121,1963,867
121,1964,1397
121,1965,1336
121,1966,2226
121,1967,2469
121,1968,1521
121,1969,2111
121,1970,2391
121,1971,3289
121,1972,1656
121,1973,1327
121,1974,2520
121,1975,2700
121,1976,2970
121,1977,7113
121,1978,12500
121,1979,10345
121,1980,11574
121,1981,17369
121,1982,10700
121,1983,6000
121,1984,4000
121,1985,5400
121,1986,2500
121,1987,3600
121,1988,3700
121,1989,2400
121,1990,1928
121,1991,2003
121,1992,2000
121,1993,2100
121,1994,2552
121,1995,2000
121,1996,1400
121,1997,2455
121,1998,1834
121,1999,1232
121,2000,1440
121,2001,1419
121,2002,1655
121,2003,1885
121,2004,2508
121,2005,2156
121,2006,1912
121,2007,2372
121,2008,3003
121,2009,3265
121,2010,3200
121,2011,3061
121,2012,2790
121,2013,2535
121,2014,2256
121,2015,1635
121,2016,2118
121,2017,1682
121,2018,1856
121,2019,1665
121,2020,3069
126,1994,139
126,1995,40
126,1996,57
126,1997,62
126,1998,126
126,1999,100
126,2000,42
126,2001,58
126,2002,75
126,2003,105
126,2004,154
126,2005,288
126,2006,714
126,2007,2464
126,2008,3343
126,2009,4343
126,2010,6736
126,2011,7003
126,2012,8565
126,2013,8848
126,2014,6136
126,2015,4427
126,2016,3905
126,2017,3183
126,2018,3630
126,2019,2975
126,2020,3456
128,1961,0
128,1962,0
128,1963,0
128,1964,0
128,1965,0
128,1966,0
128,1967,0
128,1968,0
128,1969,0
128,1970,0
128,1971,0
128,1972,0
128,1973,0
128,1974,0
128,1975,0
128,1976,0
128,1977,0
128,1978,0
128,1979,0
128,1980,0
128,1981,2
128,1982,8
128,1983,0
128,1984,0
128,1985,0
128,1986,0
128,1987,0
128,1988,5
128,1989,10
128,1990,0
128,1991,1
128,1992,1
128,1993,0
128,1994,0
128,1995,0
128,1996,0
128,1997,0
128,1998,0
128,1999,0
128,2000,0
128,2001,0
128,2002,0
128,2003,0
128,2004,0
128,2005,0
128,2006,0
128,2007,0
128,2008,1
128,2009,0
128,2010,0
128,2011,0
128,2012,0
128,2013,0
129,1961,0
129,1962,0
129,1963,0
129,1964,121
129,1965,744
129,1966,158
129,1967,159
129,1968,65
129,1969,46
129,1970,34
129,1971,35
129,1972,33
129,1973,57
129,1974,16
129,1975,155
129,1976,32
129,1977,14
129,1978,6
129,1979,0
129,1980,12
129,1981,17
129,1982,7
129,1983,18
129,1984,13
129,1985,20
129,1986,9
129,1987,7
129,1988,5
129,1989,0
129,1990,0
129,1991,0
129,1992,0
129,1993,0
129,1994,0
129,1995,0
129,1996,0
129,1997,0
129,1998,0
129,1999,0
129,2000,0
129,2001,0
129,2002,0
129,2003,0
129,2004,0
129,2005,0
129,2006,0
129,2007,10
129,2008,0
129,2009,0
129,2010,0
129,2011,0
129,2012,0
129,2013,0
13,2004,16
13,2005,3
13,2006,5
13,2007,2
13,2008,2
13,2009,26
13,2010,15
13,2011,22
13,2012,9
13,2013,150
13,2014,20
13,2015,2
13,2016,0
13,2017,1
13,2018,77
13,2019,32
131,1961,0
131,1962,0
131,1963,0
131,1964,0
131,1965,0
131,1966,24
131,1967,0
131,1968,0
131,1969,0
131,1970,0
131,1971,0
131,1972,0
131,1973,0
131,1974,0
131,1975,0
131,1976,0
131,1977,0
131,1978,0
131,1979,0
131,1980,0
131,1981,3
131,1982,1
131,1983,3
131,1984,3
131,1985,0
131,1986,0
131,1987,0
131,1988,47
131,1989,12
131,1990,0
131,1991,1
131,1992,0
131,1993,624
131,1994,580
131,1995,1030
131,1996,1408
131,1997,1600
131,1998,1334
131,1999,1211
131,2000,917
131,2001,1038
131,2002,1334
131,2003,1076
131,2004,1350
131,2005,1572
131,2006,1427
131,2007,1527
131,2008,1477
131,2009,1647
131,2010,2050
131,2011,1866
131,2012,2047
131,2013,2115
131,2014,2727
131,2015,2901
131,2016,2635
131,2017,2978
131,2018,2718
131,2019,2552
131,2020,3452
134,2003,0
134,2004,0
134,2005,0
134,2006,0
134,2007,0
134,2008,21
134,2009,0
134,2010,0
134,2011,0
134,2012,0
134,2013,0
137,1961,0
137,1962,0
137,1963,0
137,1964,0
137,1965,0
137,1966,0
137,1967,11
137,1968,2
137,1969,0
137,1970,0
137,1971,0
137,1972,0
137,1973,0
137,1974,0
137,1975,0
137,1976,0
137,1977,0
137,1978,0
137,1979,0
137,1980,0
137,1981,0
137,1982,0
137,1983,0
137,1984,0
137,1985,0
137,1986,0
137,1987,0
137,1988,0
137,1989,0
137,1990,1
137,1991,0
137,1992,1
137,1993,1
137,1994,0
137,1995,0
137,1996,0
137,1997,0
137,1998,0
137,1999,14
137,2000,9
137,2001,6
137,2002,2
137,2003,0
137,2004,0
137,2005,1
137,2006,0
137,2007,0
137,2008,12
137,2009,0
137,2010,0
137,2011,11
137,2012,4
137,2013,0
137,2019,0
138,1961,0
138,1962,152
138,1963,679
138,1964,1546
138,1965,118
138,1966,93
138,1967,52
138,1968,984
138,1969,1291
138,1970,2270
138,1971,2780
138,1972,5525
138,1973,5701
138,1974,8293
138,1975,5033
138,1976,10783
138,1977,11661
138,1978,13225
138,1979,21039
138,1980,14383
138,1981,5451
138,1982,6339
138,1983,4451
138,1984,5453
138,1985,2139
138,1986,2930
138,1987,1702
138,1988,1855
138,1989,2419
138,1990,561
138,1991,395
138,1992,910
138,1993,751
138,1994,499
138,1995,3833
138,1996,6464
138,1997,1556
138,1998,3244
138,1999,3149
138,2000,2243
138,2001,7808
138,2002,4774
138,2003,6619
138,2004,11105
138,2005,8870
138,2006,12923
138,2007,11674
138,2008,14338
138,2009,10656
138,2010,18697
138,2011,17009
138,2012,18747
138,2013,17575
138,2014,14325
138,2015,20014
138,2016,22047
138,2017,22514
138,2018,16971
138,2019,18617
138,2020,13065
14,1961,0
14,1962,0
14,1963,0
14,1964,0
14,1965,7
14,1966,0
14,1967,1
14,1968,1
14,1969,6
14,1970,0
14,1971,1
14,1972,0
14,1973,0
14,1974,34
14,1975,55
14,1976,0
14,1977,0
14,1978,0
14,1979,0
14,1980,0
14,1981,0
14,1982,10
14,1983,0
14,1984,0
14,1985,0
14,1986,0
14,1987,0
14,1988,0
14,1989,0
14,1990,0
14,1991,0
14,1992,0
14,1993,0
14,1994,0
14,1995,0
14,1996,1
14,1997,3
14,1998,0
14,1999,0
14,2000,0
14,2001,0
14,2002,0
14,2003,0
14,2004,0
14,2005,0
14,2006,0
14,2007,0
14,2008,0
14,2009,0
14,2010,0
14,2011,0
14,2012,0
14,2013,0
14,2014,0
143,1961,8174
143,1962,6534
143,1963,5814
143,1964,5940
143,1965,3572
143,1966,5783
143,1967,4892
143,1968,1398
143,1969,1403
143,1970,626
143,1971,849
143,1972,1098
143,1973,502
143,1974,249
143,1975,637
143,1976,1125
143,1977,1323
143,1978,895
143,1979,401
143,1980,1227
143,1981,1779
143,1982,904
143,1983,116
143,1984,262
143,1985,196
143,1986,73
143,1987,103
143,1988,15
143,1989,19
143,1990,34
143,1991,22
143,1992,2
143,1993,0
143,1994,4
143,1995,33
143,1996,234
143,1997,17
143,1998,43
143,1999,127
143,2000,316
143,2001,379
143,2002,434
143,2003,201
143,2004,242
143,2005,558
143,2006,440
143,2007,1387
143,2008,1336
143,2009,980
143,2010,1365
143,2011,619
143,2012,3149
143,2013,1598
143,2014,458
143,2015,641
143,2016,881
143,2017,1909
143,2018,5190
143,2019,12447
143,2020,3143
144,1961,2991
144,1962,3699
144,1963,2132
144,1964,6955
144,1965,4497
144,1966,4739
144,1967,6511
144,1968,5332
144,1969,6018
144,1970,7691
144,1971,11392
144,1972,12661
144,1973,12997
144,1974,11577
144,1975,8330
144,1976,4691
144,1977,1500
144,1978,4000
144,1979,6000
144,1980,1800
144,1981,2000
144,1982,3300
144,1983,500
144,1984,1000
144,1985,0
144,1986,300
144,1987,300
144,1988,800
144,1989,2500
144,1990,4800
144,1991,4100
144,1992,2600
144,1993,2500
144,1994,2600
144,1995,2100
144,1996,1900
144,1997,1800
144,1998,600
144,1999,1017
144,2000,1032
144,2001,1900
144,2002,1900
144,2003,88
144,2004,757
144,2005,824
144,2006,93
144,2007,93
144,2008,40
144,2009,240
144,2010,692
144,2011,1039
144,2012,59
144,2013,89
144,2014,1778
144,2015,510
144,2016,178
144,2017,243
144,2018,387
144,2019,420
144,2020,240
146,1994,0
146,1995,1
146,1996,0
146,1997,0
146,2000,0
146,2001,0
146,2002,0
146,2003,0
146,2004,0
146,2005,0
146,2006,0
146,2007,0
146,2008,0
146,2009,0
146,2010,0
146,2011,6
146,2012,44
146,2013,7
146,2015,8
147,1997,0
147,1998,33
147,1999,0
147,2000,0
147,2001,1
147,2002,181
147,2003,0
147,2004,33
147,2005,62
147,2006,28
147,2007,40
147,2008,31
147,2009,0
147,2010,0
147,2011,0
147,2012,0
147,2013,1
147,2014,11
147,2015,0
147,2017,25
147,2020,0
149,2003,2
149,2004,2
149,2005,2
149,2006,2
149,2007,2
149,2008,2
149,2009,2
149,2010,0
149,2011,0
149,2012,0
149,2013,0
149,2020,4
15,1961,107
15,1962,115
15,1963,298
15,1964,222
15,1965,309
15,1966,461
15,1967,995
15,1968,977
15,1969,4306
15,1970,4965
15,1971,4687
15,1972,2806
15,1973,3493
15,1974,3115
15,1975,2383
15,1976,2889
15,1977,3258
15,1978,2705
15,1979,3413
15,1980,3751
15,1981,3910
15,1982,3546
15,1983,4846
15,1984,3975
15,1985,8439
15,1986,7294
15,1987,9304
15,1988,13061
15,1989,14589
15,1990,10381
15,1991,6012
15,1992,7184
15,1993,50927
15,1994,76117
15,1995,86652
15,1996,88757
15,1997,71473
15,1998,85478
15,1999,91501
150,1961,72
150,1962,131
150,1963,254
150,1964,820
150,1965,1139
150,1966,1137
150,1967,846
150,1968,4826
150,1969,5133
150,1970,4846
150,1971,8679
150,1972,15006
150,1973,15141
150,1974,15248
150,1975,25044
150,1976,33343
150,1977,31759
150,1978,33721
150,1979,26037
150,1980,30724
150,1981,34099
150,1982,35076
150,1983,44903
150,1984,35411
150,1985,29224
150,1986,36497
150,1987,31047
150,1988,31259
150,1989,33169
150,1990,34481
150,1991,36756
150,1992,44362
150,1993,51027
150,1994,65102
150,1995,72163
150,1996,82464
150,1997,110759
150,1998,110490
150,1999,79588
150,2000,73465
150,2001,57436
150,2002,68357
150,2003,69336
150,2004,66014
150,2005,81256
150,2006,67642
150,2007,85964
150,2008,102897
150,2009,121650
150,2010,140658
150,2011,122046
150,2012,122717
150,2013,128543
150,2014,123729
150,2015,124278
150,2016,124391
150,2017,154962
150,2018,161013
150,2019,164696
150,2020,165142
154,2004,7
154,2005,5
154,2006,3
154,2007,19
154,2008,2
154,2009,0
154,2010,4
154,2011,2
154,2012,4
154,2013,0
154,2014,1
154,2015,0
154,2016,0
154,2020,5
156,1961,0
156,1962,0
156,1963,0
156,1964,0
156,1965,0
156,1966,0
156,1967,0
156,1968,0
156,1969,0
156,1970,0
156,1971,0
156,1972,0
156,1973,0
156,1974,0
156,1975,0
156,1976,0
156,1977,0
156,1978,0
156,1979,5
156,1980,79
156,1981,173
156,1982,405
156,1983,3
156,1984,2
156,1985,1
156,1986,2
156,1987,2
156,1988,0
156,1989,1
156,1990,7
156,1991,2
156,1992,7
156,1993,0
156,1994,16
156,1995,33
156,1996,40
156,1997,30
156,1998,11
156,1999,7
156,2000,4
156,2001,10
156,2002,6
156,2003,16
156,2004,8
156,2005,6
156,2006,10
156,2007,15
156,2008,10
156,2009,31
156,2010,55
156,2011,20
156,2012,20
156,2013,21
156,2014,28
156,2015,18
156,2016,20
156,2017,30
156,2018,32
156,2019,37
156,2020,21
157,1997,8
157,1998,26
157,1999,0
157,2000,0
157,2001,20
157,2002,0
157,2003,2
157,2004,8
157,2005,0
157,2006,0
157,2007,0
157,2008,0
157,2009,0
157,2010,0
157,2011,0
157,2012,0
157,2013,0
159,2016,0
159,2017,1
159,2020,2
16,1961,0
16,1962,0
16,1963,0
16,1964,0
16,1965,0
16,1966,0
16,1967,0
16,1968,0
16,1969,0
16,1970,0
16,1971,0
16,1972,0
16,1973,0
16,1974,0
16,1975,0
16,1976,0
16,1977,0
16,1978,0
16,1979,0
16,1980,0
16,1981,0
16,1982,0
16,1983,0
16,1984,0
16,1985,0
16,1986,26
16,1987,0
16,1988,0
16,1989,0
16,1990,0
16,1991,0
16,1992,0
16,1993,0
16,1994,0
16,1995,0
16,1996,0
16,1997,0
16,1998,0
16,1999,0
16,2000,0
16,2001,0
16,2002,0
16,2003,51
16,2004,64
16,2005,0
16,2006,0
16,2007,0
16,2008,0
16,2009,0
16,2010,0
16,2011,0
16,2012,0
16,2013,16
16,2014,0
16,2016,35
16,2017,209
16,2018,144
16,2019,244
16,2020,168
162,1961,2
162,1962,13
162,1963,37
162,1964,61
162,1965,0
162,1966,42
162,1967,0
162,1968,0
162,1969,42
162,1970,0
162,1971,7
162,1972,0
162,1973,0
162,1974,2
162,1975,0
162,1976,0
162,1977,0
162,1978,0
162,1979,2
162,1980,7
162,1981,0
162,1982,0
162,1983,0
162,1984,0
162,1985,16
162,1986,0
162,1987,0
162,1996,1
162,1997,6
162,1998,9
162,1999,0
162,2000,0
162,2001,2
162,2002,0
162,2003,2
162,2004,37
162,2005,1
162,2006,18
162,2007,22
162,2008,32
162,2009,25
162,2010,36
162,2011,0
162,2012,1
162,2013,36
162,2014,22
162,2015,0
162,2018,6
165,1961,0
165,1962,937
165,1963,1925
165,1964,50
165,1965,913
165,1966,25
165,1967,2
165,1968,0
165,1969,0
165,1970,0
165,1971,0
165,1972,0
165,1973,0
165,1974,0
165,1975,0
165,1976,0
165,1977,0
165,1978,0
165,1979,63
165,1980,0
165,1981,0
165,1982,120
165,1983,448
165,1984,10
165,1985,0
165,1986,0
165,1987,2
165,1988,4
165,1989,0
165,1990,16
165,1991,14
165,1992,7
165,1993,8
165,1994,39
165,1995,0
165,1996,0
165,1997,4
165,1998,0
165,1999,0
165,2000,0
165,2001,0
165,2002,0
165,2003,200
165,2004,0
165,2005,0
165,2006,0
165,2007,109
165,2008,0
165,2009,2
165,2010,27
165,2011,5
165,2012,58
165,2013,0
165,2014,13
165,2015,0
165,2019,10
166,2014,0
167,1993,54
167,1994,34
167,1995,53
167,1996,58
167,1997,135
167,1998,167
167,1999,152
167,2000,160
167,2001,426
167,2002,651
167,2003,360
167,2004,738
167,2005,2755
167,2006,3507
167,2007,3026
167,2008,3037
167,2009,2638
167,2010,2240
167,2011,2935
167,2012,3254
167,2013,4059
167,2014,5500
167,2015,5961
167,2016,5483
167,2017,3902
167,2018,4780
167,2019,4758
167,2020,5319
169,1961,1372
169,1962,2477
169,1963,3246
169,1964,2489
169,1965,4142
169,1966,3392
169,1967,2768
169,1968,1078
169,1969,584
169,1970,634
169,1971,2322
169,1972,2119
169,1973,1079
169,1974,1179
169,1975,969
169,1976,465
169,1977,242
169,1978,455
169,1979,300
169,1980,0
169,1981,0
169,1982,39
169,1983,0
169,1984,0
169,1985,0
169,1986,0
169,1987,0
169,1988,0
169,1989,0
169,1990,0
169,1991,0
169,1992,0
169,1993,500
169,1994,1000
169,1995,0
169,1996,3750
169,1997,0
169,1998,0
169,1999,0
169,2000,500
169,2001,0
169,2002,0
169,2003,1004
169,2004,790
169,2005,0
169,2006,0
169,2007,1
169,2008,0
169,2009,0
169,2010,0
169,2011,0
169,2012,0
169,2013,0
170,1961,0
170,1962,0
170,1963,0
170,1964,0
170,1965,0
170,1966,0
170,1967,0
170,1968,0
170,1969,0
170,1970,0
170,1971,0
170,1972,0
170,1973,0
170,1974,0
170,1975,0
170,1976,0
170,1977,0
170,1978,0
170,1979,0
170,1980,0
170,1981,23
170,1982,81
170,1983,0
170,1984,0
170,1985,0
170,1986,0
170,1987,0
170,1988,0
170,1989,5
170,1990,3
170,1991,0
170,1992,0
170,1993,0
170,1994,0
170,1995,1
170,1996,0
170,1997,0
170,1998,0
170,1999,0
170,2000,0
170,2001,0
170,2002,0
170,2003,1
170,2004,20
170,2005,20
170,2006,23
170,2007,131
170,2008,28
170,2009,206
170,2010,279
170,2011,394
170,2012,799
170,2013,927
170,2014,1117
170,2015,1613
170,2016,1458
170,2017,1080
170,2018,1408
170,2019,1635
170,2020,2099
171,1961,0
171,1962,0
171,1963,0
171,1964,0
171,1965,0
171,1966,0
171,1967,0
171,1968,0
171,1969,0
171,1970,0
171,1971,0
171,1972,0
171,1973,0
171,1974,0
171,1975,0
171,1976,0
171,1977,0
171,1978,0
171,1979,0
171,1980,0
171,1981,0
171,1982,9
171,1983,4
171,1984,10
171,1985,1
171,1986,2
171,1987,24
171,1988,0
171,1989,0
171,1990,0
171,1991,0
171,1992,0
171,1993,0
171,1994,0
171,1995,0
171,1996,0
171,1997,0
171,1998,0
171,1999,0
171,2000,0
171,2001,0
171,2002,0
171,2003,0
171,2004,0
171,2005,2
171,2006,13
171,2007,15
171,2008,43
171,2009,0
171,2010,0
171,2011,0
171,2012,0
171,2013,0
171,2017,0
171,2018,0
171,2019,1
171,2020,2
173,1994,126
173,1995,43
173,1996,206
173,1997,259
173,1998,111
173,1999,88
173,2000,0
173,2001,72
173,2002,97
173,2003,0
173,2004,155
173,2005,269
173,2006,390
173,2007,1926
173,2008,1419
173,2009,1395
173,2010,1593
173,2011,2488
173,2012,3288
173,2013,4336
173,2014,2339
173,2015,1801
173,2016,1837
173,2017,2544
173,2018,3572
173,2019,2239
173,2020,2595
174,1961,0
174,1962,0
174,1963,0
174,1964,0
174,1965,0
174,1966,0
174,1967,0
174,1968,0
174,1969,0
174,1970,0
174,1971,1
174,1972,1
174,1973,1
174,1974,1
174,1975,0
174,1976,0
174,1977,0
174,1978,0
174,1979,0
174,1980,2
174,1981,1
174,1982,0
174,1983,0
174,1984,0
174,1985,1
174,1986,1
174,1987,4
174,1988,0
174,1989,0
174,1990,30
174,1991,1
174,1992,1
174,1993,0
174,1994,1
174,1995,20
174,1996,50
174,1997,4
174,1998,1
174,1999,4
174,2000,87
174,2001,125
174,2002,46
174,2003,57
174,2004,36
174,2005,25
174,2006,64
174,2007,788
174,2008,1155
174,2009,364
174,2010,1123
174,2011,1415
174,2012,3154
174,2013,4943
174,2014,4051
174,2015,6286
174,2016,11024
174,2017,7185
174,2018,8020
174,2019,5390
174,2020,4438
176,2018,0
176,2020,1
179,2003,61
179,2004,117
179,2005,18
179,2006,1
179,2007,0
179,2008,0
179,2009,6
179,2010,6
179,2011,6
179,2012,6
179,2013,6
179,2015,117
181,1961,0
181,1962,0
181,1963,0
181,1964,0
181,1965,0
181,1966,0
181,1967,0
181,1968,0
181,1969,0
181,1970,0
181,1971,0
181,1972,0
181,1973,0
181,1974,0
181,1975,1968
181,1976,9
181,1977,13
181,1978,8
181,1979,0
181,1980,238
181,1981,360
181,1982,373
181,1983,346
181,1984,313
181,1985,627
181,1986,444
181,1987,292
181,1988,355
181,1989,950
181,1990,2364
181,1991,157
181,1992,1085
181,1993,1240
181,1994,998
181,1995,3748
181,1996,2643
181,1997,2246
181,1998,3361
181,1999,5182
181,2000,6402
181,2001,5000
181,2002,526
181,2003,2819
181,2004,1075
181,2005,51
181,2006,5843
181,2007,5266
181,2008,1525
181,2009,444
181,2010,2895
181,2011,3502
181,2012,2351
181,2013,3097
181,2014,3150
181,2015,2619
181,2016,2481
181,2017,2393
181,2018,2901
181,2019,2348
181,2020,1956
183,1994,25
183,1995,38
183,1996,8
183,1997,2
183,1998,2
183,1999,0
183,2000,1
183,2001,0
183,2002,0
183,2003,8
183,2004,21
183,2005,59
183,2006,28
183,2007,63
183,2008,89
183,2009,232
183,2010,350
183,2011,801
183,2012,1046
183,2013,471
183,2014,132
183,2015,56
183,2016,288
183,2017,123
183,2018,490
183,2019,542
183,2020,442
185,1993,22
185,1994,136
185,1995,8
185,1996,7
185,1997,2
185,1998,20
185,1999,31
185,2000,45
185,2001,62
185,2002,94
185,2003,125
185,2004,80
185,2005,123
185,2006,107
185,2007,557
185,2008,420
185,2009,348
185,2010,172
185,2011,36
185,2012,45
185,2013,74
185,2014,274
185,2015,653
185,2016,604
185,2017,853
185,2018,1167
185,2019,2018
185,2020,1604
186,2004,31
186,2005,0
189,1961,0
189,1962,0
189,1963,0
189,1964,0
189,1965,0
189,1966,0
189,1967,0
189,1968,0
189,1969,0
189,1970,0
189,1971,0
189,1972,0
189,1973,1
189,1974,4
189,1975,5
189,1976,5
189,1977,10
189,1978,20
189,1979,51
189,1980,40
189,1981,20
189,1982,43
189,1983,35
189,1984,47
189,1985,50
189,1986,49
189,1987,41
189,1988,33
189,1989,24
189,1990,15
189,1991,27
189,1992,29
189,1993,21
189,1994,7
189,1995,23
189,1996,22
189,1997,1
189,1998,1
189,1999,1
189,2000,2
189,2001,4
189,2002,24
189,2003,14
189,2004,17
189,2005,6
189,2006,12
189,2007,8
189,2008,5
189,2009,4
189,2010,2
189,2011,3
189,2012,3
189,2013,3
189,2016,1
189,2017,2
189,2018,46
189,2019,33
189,2020,0
191,1961,0
191,1962,0
191,1963,0
191,1964,0
191,1965,0
191,1966,0
191,1967,0
191,1968,0
191,1969,0
191,1970,0
191,1971,0
191,1972,0
191,1973,0
191,1974,0
191,1975,0
191,1976,34
191,1977,0
191,1978,0
191,1979,33
191,1980,46
191,1981,43
191,1982,61
191,1983,40
191,1984,56
191,1985,47
191,1986,54
191,1987,47
191,1988,83
191,1989,71
191,1990,107
191,1991,78
191,1992,105
191,1993,78
191,1994,72
191,1995,138
191,1996,44
191,1997,13
191,1998,2
191,1999,0
191,2000,0
191,2001,21
191,2002,63
191,2003,64
191,2004,171
191,2005,105
191,2006,70
191,2007,88
191,2008,57
191,2009,76
191,2010,53
191,2011,30
191,2012,36
191,2013,22
191,2014,15
191,2015,9
191,2016,12
191,2017,17
191,2018,17
191,2019,13
191,2020,5
194,1961,0
194,1962,0
194,1963,0
194,1964,0
194,1965,0
194,1966,0
194,1967,0
194,1968,0
194,1969,0
194,1970,0
194,1971,0
194,1972,0
194,1973,0
194,1974,0
194,1975,0
194,1976,0
194,1977,0
194,1978,0
194,1979,0
194,1980,0
194,1981,0
194,1982,0
194,1983,0
194,1984,0
194,1985,0
194,1986,0
194,1987,0
194,1988,0
194,1989,0
194,1990,0
194,1991,48
194,1992,0
194,1993,0
194,1994,0
194,1995,0
194,1996,0
194,1997,0
194,1998,28
194,1999,700
194,2000,38
194,2001,29
194,2002,15
194,2003,34
194,2004,181
194,2005,125
194,2006,57
194,2007,89
194,2008,0
194,2009,0
194,2010,0
194,2011,0
194,2012,178
194,2013,714
194,2014,614
194,2015,363
194,2017,403
194,2018,145
194,2020,266
195,1961,0
195,1962,0
195,1963,0
195,1964,2
195,1965,0
195,1966,0
195,1967,5
195,1968,1
195,1969,0
195,1970,10
195,1971,16
195,1972,9
195,1973,27
195,1974,11
195,1975,7
195,1976,1
195,1977,137
195,1978,104
195,1979,164
195,1980,224
195,1981,30
195,1982,26
195,1983,1
195,1984,1
195,1985,0
195,1986,2
195,1987,3
195,1988,0
195,1989,0
195,1990,0
195,1991,0
195,1992,0
195,1993,0
195,1994,0
195,1995,0
195,1996,0
195,1997,0
195,1998,0
195,1999,0
195,2000,0
195,2001,0
195,2002,0
195,2003,0
195,2004,0
195,2005,0
195,2006,0
195,2007,0
195,2008,0
195,2009,0
195,2010,0
195,2011,0
195,2012,0
195,2013,0
195,2017,0
196,1997,1
196,1998,0
196,1999,4
196,2000,0
196,2001,4
196,2002,0
196,2003,1
196,2004,1
196,2005,1
196,2006,1
196,2007,0
196,2008,0
196,2009,0
196,2010,0
196,2011,0
196,2012,0
196,2013,0
197,2018,1
198,1992,4
198,1993,13
198,1994,29
198,1995,5
198,1996,3
198,1997,0
198,1998,0
198,1999,25
198,2000,46
198,2001,0
198,2002,31
198,2003,20
198,2004,478
198,2005,5798
198,2006,5787
198,2007,10319
198,2008,10212
198,2009,8269
198,2010,6406
198,2011,4346
198,2012,3184
198,2013,1538
198,2014,3121
198,2015,3226
198,2016,1786
198,2017,1874
198,2018,1914
198,2019,2730
198,2020,1943
199,1993,76
199,1994,89
199,1995,88
199,1996,166
199,1997,92
199,1998,52
199,1999,28
199,2000,46
199,2001,157
199,2002,125
199,2003,92
199,2004,101
199,2005,680
199,2006,664
199,2007,274
199,2008,331
199,2009,467
199,2010,352
199,2011,370
199,2012,318
199,2013,432
199,2014,224
199,2015,256
199,2016,239
199,2017,93
199,2018,273
199,2019,745
199,2020,454
2,2014,1
2,2015,7
2,2016,0
2,2018,0
2,2019,0
2,2020,0
20,1961,0
20,1962,0
20,1963,0
20,1964,0
20,1965,0
20,1966,0
20,1967,0
20,1968,0
20,1969,0
20,1970,0
20,1971,0
20,1972,0
20,1973,0
20,1974,0
20,1975,0
20,1976,0
20,1977,0
20,1978,0
20,1979,0
20,1980,0
20,1981,0
20,1982,0
20,1983,0
20,1984,0
20,1985,0
20,1986,0
20,1987,0
20,1988,0
20,1989,0
20,1990,8
20,1991,0
20,1992,0
20,1993,0
20,1994,0
20,1995,0
20,1996,3
20,1997,0
20,1998,0
20,1999,0
20,2000,0
20,2001,0
20,2002,0
20,2003,0
20,2004,0
20,2005,0
20,2006,0
20,2007,0
20,2008,0
20,2009,0
20,2010,0
20,2011,0
20,2012,1
20,2013,0
20,2014,0
20,2015,0
20,2016,0
20,2017,0
20,2018,0
20,2019,0
200,1961,0
200,1962,0
200,1963,0
200,1964,0
200,1965,0
200,1966,0
200,1967,0
200,1968,0
200,1969,0
200,1970,0
200,1971,0
200,1972,0
200,1973,0
200,1974,0
200,1975,0
200,1976,0
200,1977,0
200,1978,0
200,1979,83
200,1980,117
200,1981,111
200,1982,108
200,1983,85
200,1984,70
200,1985,65
200,1986,52
200,1987,51
200,1988,110
200,1989,35
200,1990,11
200,1991,11
200,1992,82
200,1993,82
200,1994,131
200,1995,162
200,1996,227
200,1997,192
200,1998,247
200,1999,170
200,2000,233
200,2001,152
200,2002,225
200,2003,165
200,2004,193
200,2005,355
200,2006,329
200,2007,415
200,2008,329
200,2009,228
200,2010,259
200,2011,228
200,2012,310
200,2013,636
200,2014,533
200,2015,304
200,2016,233
200,2017,252
200,2018,200
200,2019,165
200,2020,208
201,1961,303
201,1962,175
201,1963,250
201,1964,311
201,1965,295
201,1966,226
201,1967,12
201,1968,0
201,1969,99
201,1970,154
201,1971,98
201,1972,90
201,1973,13
201,1974,0
201,1975,0
201,1976,136
201,1977,0
201,1978,20
201,1979,3
201,1980,4
201,1981,4
201,1982,124
201,1983,10
201,1984,0
201,1985,0
201,1986,0
201,1987,0
201,1988,0
201,1989,0
201,1990,0
201,1991,0
201,1992,0
201,1993,0
201,1994,0
201,1995,0
201,1996,0
201,1997,0
201,1998,0
201,1999,0
201,2000,0
201,2001,0
201,2002,0
201,2003,0
201,2004,2
201,2005,6
201,2006,2
201,2007,2
201,2008,2
201,2009,2
201,2010,2
201,2011,1
201,2012,1
201,2013,2
201,2014,8
201,2015,11
201,2017,0
201,2018,15
202,1961,15722
202,1962,21850
202,1963,20917
202,1964,32497
202,1965,34731
202,1966,41850
202,1967,37493
202,1968,44733
202,1969,26667
202,1970,9578
202,1971,12851
202,1972,16482
202,1973,9887
202,1974,55000
202,1975,30600
202,1976,53800
202,1977,54768
202,1978,64616
202,1979,42470
202,1980,58416
202,1981,57430
202,1982,53000
202,1983,44000
202,1984,65800
202,1985,66752
202,1986,65442
202,1987,65147
202,1988,60856
202,1989,66997
202,1990,62368
202,1991,66911
202,1992,57530
202,1993,58000
202,1994,99000
202,1995,97738
202,1996,63514
202,1997,85178
202,1998,140469
202,1999,114623
202,2000,133570
202,2001,129335
202,2002,165725
202,2003,177453
202,2004,197682
202,2005,217772
202,2006,234000
202,2007,250843
202,2008,184235
202,2009,174802
202,2010,177396
202,2011,214797
202,2012,178255
202,2013,262939
202,2014,217194
202,2015,160810
202,2016,202502
202,2017,230629
202,2018,288118
202,2019,254377
202,2020,244334
203,1961,1946
203,1962,1791
203,1963,2277
203,1964,2904
203,1965,3193
203,1966,4022
203,1967,3368
203,1968,3269
203,1969,1563
203,1970,1751
203,1971,1028
203,1972,601
203,1973,664
203,1974,980
203,1975,2291
203,1976,2517
203,1977,3821
203,1978,4811
203,1979,5275
203,1980,4488
203,1981,5912
203,1982,5855
203,1983,3831
203,1984,6299
203,1985,6167
203,1986,9354
203,1987,7229
203,1988,6186
203,1989,5585
203,1990,9081
203,1991,8343
203,1992,13133
203,1993,16062
203,1994,18353
203,1995,22791
203,1996,17366
203,1997,21878
203,1998,21079
203,1999,22915
203,2000,25535
203,2001,23964
203,2002,27549
203,2003,32810
203,2004,34415
203,2005,29724
203,2006,30634
203,2007,45260
203,2008,33371
203,2009,39871
203,2010,46935
203,2011,53861
203,2012,47595
203,2013,54895
203,2014,52721
203,2015,66235
203,2016,55723
203,2017,59945
203,2018,47485
203,2019,71935
203,2020,65097
206,1961,0
206,1962,0
206,1963,0
206,1964,0
206,1965,0
206,1966,0
206,1967,0
206,1968,0
206,1969,0
206,1970,0
206,1971,0
206,1972,5
206,1973,0
206,1974,0
206,1975,0
206,1976,0
206,1977,0
206,1978,3
206,1979,0
206,1980,0
206,1981,5
206,1982,0
206,1983,1
206,1984,0
206,1985,0
206,1986,0
206,1987,0
206,1988,0
206,1989,0
206,1990,0
206,1991,0
206,1992,0
206,1993,0
206,1994,0
206,1995,0
206,1996,0
206,1997,5
206,1998,2
206,1999,10
206,2000,8
206,2001,13
206,2002,15
206,2003,62
206,2004,31
206,2005,68
206,2006,3
206,2007,1
206,2008,6
206,2009,3
206,2010,7
206,2011,0
207,1961,1598
207,1962,4041
207,1963,4333
207,1964,1751
207,1965,3272
207,1966,3825
207,1967,3593
207,1968,2200
207,1969,3604
207,1970,2314
207,1971,3275
207,1972,2850
207,1973,1800
207,1974,1350
207,1975,1802
207,1976,853
207,1977,1692
207,1978,1671
207,1979,0
207,1980,244
207,1981,93
207,1982,94
207,1983,78
207,1984,94
207,1985,128
207,1986,182
207,1987,42
207,1988,217
207,1989,156
207,1990,0
207,1991,0
207,1992,39
207,1993,20
207,1994,30
207,1995,6
207,1996,1
207,1997,0
207,1998,3
207,1999,2
207,2000,1
207,2001,0
207,2002,0
207,2003,2
207,2004,0
207,2005,1
207,2006,0
207,2007,2
207,2008,1
207,2009,1
207,2010,0
207,2011,0
207,2012,5
207,2013,5
207,2014,2
207,2015,1
207,2016,1
208,2014,0
208,2019,21
209,1961,6000
209,1962,6000
209,1963,6000
209,1964,8000
209,1965,8000
209,1966,6000
209,1967,10000
209,1968,13000
209,1969,15000
209,1970,18000
209,1971,18000
209,1972,17000
209,1973,18000
209,1974,15300
209,1975,14400
209,1976,18800
209,1977,18600
209,1978,20200
209,1979,24647
209,1980,16000
209,1981,20000
209,1982,12000
209,1983,16000
209,1984,15200
209,1985,19900
209,1986,18450
209,1987,20570
209,1988,21288
209,1989,21255
209,1990,28407
209,1991,20349
209,1992,28343
209,1993,5501
209,1994,21000
209,1995,19700
209,1996,23200
209,1997,23013
209,1998,20339
209,1999,30471
209,2000,23214
209,2001,19379
209,2002,15957
209,2003,11610
209,2004,15598
209,2005,15742
209,2006,13520
209,2007,15496
209,2008,14184
209,2009,9494
209,2010,13073
209,2011,17478
209,2012,9448
209,2013,5803
209,2014,16574
209,2015,11276
209,2016,10226
209,2017,7533
209,2018,20195
209,2019,11167
209,2020,10307
21,1961,1962
21,1962,2498
21,1963,3967
21,1964,3072
21,1965,3055
21,1966,1730
21,1967,2120
21,1968,2558
21,1969,1448
21,1970,1193
21,1971,1075
21,1972,1410
21,1973,525
21,1974,885
21,1975,475
21,1976,852
21,1977,28
21,1978,0
21,1979,0
21,1980,0
21,1981,0
21,1982,171
21,1983,21
21,1984,32
21,1985,42
21,1986,60
21,1987,44
21,1988,59
21,1989,733
21,1990,1849
21,1991,2737
21,1992,2699
21,1993,1858
21,1994,2168
21,1995,1160
21,1996,0
21,1997,309
21,1998,308
21,1999,239
21,2000,20
21,2001,49
21,2002,23
21,2003,19
21,2004,0
21,2005,42
21,2006,0
21,2007,0
21,2008,0
21,2009,2
21,2010,67
21,2011,44
21,2012,0
21,2013,0
21,2018,1
21,2019,8
21,2020,13
210,1961,58
210,1962,72
210,1963,75
210,1964,94
210,1965,116
210,1966,111
210,1967,118
210,1968,35
210,1969,50
210,1970,233
210,1971,152
210,1972,181
210,1973,150
210,1974,224
210,1975,430
210,1976,489
210,1977,227
210,1978,220
210,1979,396
210,1980,313
210,1981,345
210,1982,172
210,1983,465
210,1984,215
210,1985,86
210,1986,98
210,1987,78
210,1988,269
210,1989,207
210,1990,222
210,1991,42
210,1992,69
210,1993,18
210,1994,54
210,1995,37
210,1996,20
210,1997,120
210,1998,248
210,1999,109
210,2000,91
210,2001,229
210,2002,202
210,2003,222
210,2004,86
210,2005,33
210,2006,15
210,2007,67
210,2008,75
210,2009,26
210,2010,30
210,2011,47
210,2012,115
210,2013,204
210,2014,117
210,2015,78
210,2016,119
210,2017,356
210,2018,197
210,2019,183
210,2020,285
211,1961,33
211,1962,82
211,1963,33
211,1964,66
211,1965,21
211,1966,28
211,1967,56
211,1968,49
211,1969,39
211,1970,35
211,1971,92
211,1972,1
211,1973,78
211,1974,2
211,1975,17
211,1976,41
211,1977,2
211,1978,4
211,1979,19
211,1980,33
211,1981,21
211,1982,48
211,1983,19
211,1984,26
211,1985,17
211,1986,49
211,1987,5
211,1988,13
211,1989,2
211,1990,19
211,1991,6
211,1992,1
211,1993,3
211,1994,4
211,1995,6
211,1996,0
211,1997,15
211,1998,0
211,1999,4
211,2000,6
211,2001,6
211,2002,38
211,2003,0
211,2004,0
211,2005,0
211,2006,12
211,2007,100
211,2008,1
211,2009,12
211,2010,8
211,2011,10
211,2012,36
211,2013,12
211,2014,7
211,2015,10
211,2016,16
211,2017,2
211,2018,2
211,2019,4
211,2020,19
212,2002,189
212,2003,1192
212,2004,1346
212,2005,3492
212,2006,4199
212,2007,4279
212,2008,8339
212,2009,5600
212,2010,39375
212,2011,207
212,2012,207
212,2013,6167
212,2016,797
212,2019,1355
212,2020,1948
214,1961,0
214,1962,0
214,1963,0
214,1964,0
214,1965,0
214,1966,5
214,1967,0
214,1968,109
214,1969,0
214,1970,300
214,1971,0
214,1972,701
214,1973,592
214,1974,456
214,1975,1399
214,1976,3480
214,1977,2000
214,1978,178
214,1979,138
214,1980,40
214,1981,13
214,1982,0
214,1983,0
214,1984,8
214,1985,0
214,1986,0
214,1987,1
214,1988,0
214,1989,1
214,1990,32
214,1991,30
214,1992,109
214,1993,4
214,1994,9
214,1995,25
214,1996,0
214,1997,0
214,1998,127
214,1999,44
214,2000,95
214,2001,193
214,2002,560
214,2003,906
214,2004,1143
214,2005,724
214,2006,1044
214,2007,1861
214,2008,1440
214,2009,1100
214,2010,2127
214,2011,2223
214,2012,2027
214,2013,2299
214,2014,2629
214,2015,3721
214,2016,3439
214,2017,3632
214,2018,4557
214,2019,6267
214,2020,5765
215,2004,285
215,2005,100
215,2006,0
215,2007,0
215,2008,0
215,2009,0
215,2010,0
215,2011,2
215,2012,10
215,2013,0
215,2018,0
215,2019,1
216,1961,577
216,1962,853
216,1963,553
216,1964,429
216,1965,730
216,1966,479
216,1967,817
216,1968,941
216,1969,511
216,1970,1019
216,1971,1353
216,1972,1242
216,1973,853
216,1974,2118
216,1975,1621
216,1976,1735
216,1977,1949
216,1978,2130
216,1979,1997
216,1980,2229
216,1981,2033
216,1982,2763
216,1983,2658
216,1984,2779
216,1985,4505
216,1986,5202
216,1987,6901
216,1988,6150
216,1989,7080
216,1990,5918
216,1991,7039
216,1992,5889
216,1993,5083
216,1994,3996
216,1995,4777
216,1996,6184
216,1997,3248
216,1998,4636
216,1999,6432
216,2000,6209
216,2001,6574
216,2002,7518
216,2003,7609
216,2004,0
216,2005,6293
216,2006,9387
216,2007,10071
216,2008,11218
216,2009,11156
216,2010,12164
216,2011,13401
216,2012,13379
216,2013,14776
216,2014,13094
216,2015,12314
216,2016,19403
216,2017,38061
216,2018,26694
216,2019,23934
216,2020,21026
217,1994,0
217,1995,0
217,1996,0
217,1997,0
217,1998,0
217,1999,0
217,2000,0
217,2001,0
217,2002,0
217,2003,0
217,2004,0
217,2005,0
217,2006,0
217,2007,0
217,2008,0
217,2009,0
217,2010,0
217,2011,0
217,2012,0
217,2013,0
220,1961,6109
220,1962,10248
220,1963,6232
220,1964,4419
220,1965,3500
220,1966,5020
220,1967,4552
220,1968,2412
220,1969,920
220,1970,869
220,1971,315
220,1972,727
220,1973,79
220,1974,122
220,1975,343
220,1976,490
220,1977,324
220,1978,355
220,1979,213
220,1980,277
220,1981,38
220,1982,72
220,1983,2
220,1984,1
220,1985,0
220,1986,0
220,1987,0
220,1988,0
220,1989,0
220,1990,2
220,1991,1
220,1992,1
220,1993,2
220,1994,29
220,1995,29
220,1996,1
220,1997,0
220,1998,0
220,1999,1
220,2000,2
220,2001,1
220,2002,0
220,2003,0
220,2004,0
220,2005,0
220,2006,0
220,2007,0
220,2008,0
220,2009,0
220,2010,0
220,2011,0
220,2012,0
220,2013,0
220,2014,0
220,2015,0
221,1961,0
221,1962,0
221,1963,0
221,1964,0
221,1965,0
221,1966,0
221,1967,0
221,1968,0
221,1969,0
221,1970,0
221,1971,0
221,1972,0
221,1973,0
221,1974,0
221,1975,0
221,1976,0
221,1977,0
221,1978,0
221,1979,0
221,1980,0
221,1981,0
221,1982,0
221,1983,0
221,1984,0
221,1985,0
221,1986,0
221,1987,0
221,1988,0
221,1989,5
221,1990,0
221,1991,0
221,1992,1
221,1993,0
221,1994,0
221,1995,0
221,1996,0
221,1997,0
221,1998,0
221,1999,0
221,2000,0
221,2001,0
221,2002,0
221,2003,9
221,2004,0
221,2005,0
221,2006,0
221,2007,0
221,2008,0
221,2009,0
221,2010,4
221,2011,0
221,2012,67
221,2013,138
221,2015,169
221,2016,25
221,2017,84
221,2018,138
221,2019,0
221,2020,4
222,1961,531
222,1962,350
222,1963,560
222,1964,385
222,1965,253
222,1966,279
222,1967,257
222,1968,133
222,1969,29
222,1970,50
222,1971,33
222,1972,45
222,1973,194
222,1974,11
222,1975,124
222,1976,0
222,1977,1633
222,1978,24
222,1979,160
222,1980,30
222,1981,31
222,1982,0
222,1983,0
222,1984,5
222,1985,3
222,1986,0
222,1987,0
222,1988,0
222,1989,0
222,1990,0
222,1991,0
222,1992,0
222,1993,0
222,2000,0
222,2001,1
222,2002,0
222,2003,0
222,2004,0
222,2005,0
222,2006,0
222,2007,5
222,2008,1
222,2009,7
222,2010,11
222,2011,0
222,2012,2
222,2013,1
222,2014,4
222,2016,4
222,2017,27
222,2018,13
222,2019,4
222,2020,14
223,1961,956
223,1962,745
223,1963,735
223,1964,995
223,1965,1417
223,1966,1192
223,1967,1668
223,1968,1694
223,1969,2837
223,1970,1051
223,1971,5072
223,1972,2382
223,1973,3751
223,1974,5581
223,1975,6144
223,1976,6727
223,1977,7106
223,1978,9131
223,1979,6179
223,1980,11153
223,1981,13674
223,1982,12943
223,1983,11854
223,1984,22302
223,1985,15892
223,1986,13454
223,1987,18904
223,1988,20978
223,1989,23303
223,1990,36828
223,1991,27875
223,1992,23185
223,1993,33053
223,1994,39130
223,1995,45785
223,1996,44970
223,1997,46427
223,1998,41298
223,1999,72483
223,2000,85181
223,2001,73131
223,2002,102768
223,2003,86703
223,2004,116632
223,2005,98962
223,2006,154900
223,2007,127145
223,2008,130226
223,2009,136534
223,2010,156642
223,2011,158068
223,2012,165926
223,2013,137154
223,2014,178312
223,2015,153680
223,2016,182303
223,2017,130328
223,2018,193064
223,2019,139290
223,2020,184393
225,2002,228
225,2003,380
225,2004,116
225,2005,430
225,2006,65
225,2007,945
225,2008,1065
225,2009,1065
225,2010,350
225,2011,179
225,2012,114
225,2013,110
225,2014,433
225,2015,526
225,2016,436
225,2017,425
225,2018,3019
225,2019,2961
225,2020,2892
226,1997,1
226,2012,0
226,2013,0
226,2014,2
226,2015,1
226,2017,8
226,2018,13
227,2018,1
229,1961,624
229,1962,946
229,1963,2313
229,1964,3846
229,1965,1103
229,1966,1249
229,1967,1098
229,1968,1569
229,1969,1454
229,1970,1088
229,1971,1598
229,1972,2783
229,1973,4307
229,1974,1745
229,1975,6054
229,1976,3556
229,1977,2922
229,1978,2590
229,1979,4773
229,1980,3631
229,1981,1874
229,1982,5174
229,1983,7942
229,1984,7018
229,1985,7556
229,1986,5643
229,1987,7291
229,1988,3956
229,1989,4110
229,1990,5484
229,1991,5516
229,1992,6486
229,1993,2355
229,1994,5225
229,1995,4933
229,1996,3795
229,1997,5438
229,1998,5981
229,1999,6653
229,2000,5162
229,2001,9607
229,2002,5299
229,2003,7009
229,2004,4282
229,2005,2383
229,2006,2369
229,2007,2624
229,2008,1404
229,2009,954
229,2010,2300
229,2011,2477
229,2012,3152
229,2013,4566
229,2014,1971
229,2015,1571
229,2016,1517
229,2017,2150
229,2018,1750
229,2019,3771
229,2020,3238
23,1961,587
23,1962,4
23,1963,1102
23,1964,1148
23,1965,5
23,1966,0
23,1967,0
23,1968,0
23,1969,0
23,1970,0
23,1971,0
23,1972,1236
23,1973,312
23,1974,1101
23,1975,2013
23,1976,0
23,1977,0
23,1978,0
23,1979,0
23,1980,0
23,1981,0
23,1982,0
23,1983,208
23,1984,0
23,1985,0
23,1986,0
23,1987,0
23,1988,0
23,1989,0
23,1990,0
23,1991,0
23,1992,0
23,1993,0
23,1995,5
23,1996,4
23,1997,26
23,1998,50
23,1999,414
23,2000,749
23,2001,215
23,2002,656
23,2003,675
23,2004,378
23,2005,1434
23,2006,599
23,2007,33
23,2008,208
23,2009,0
23,2010,40
23,2011,0
23,2012,0
23,2013,0
23,2020,0
230,2009,20
230,2010,2
230,2011,0
230,2012,2
230,2013,0
230,2014,0
230,2015,0
230,2016,1
230,2017,1
230,2018,1
230,2019,0
230,2020,57
231,1961,101372
231,1962,102220
231,1963,72129
231,1964,75100
231,1965,89403
231,1966,97522
231,1967,116771
231,1968,79932
231,1969,120254
231,1970,102941
231,1971,99276
231,1972,188196
231,1973,193730
231,1974,225573
231,1975,251303
231,1976,290688
231,1977,266702
231,1978,270939
231,1979,272755
231,1980,287914
231,1981,291480
231,1982,260899
231,1983,307258
231,1984,248137
231,1985,204366
231,1986,282336
231,1987,361593
231,1988,462961
231,1989,484937
231,1990,321783
231,1991,468486
231,1992,431591
231,1993,444127
231,1994,477421
231,1995,496226
231,1996,483186
231,1997,489594
231,1998,386247
231,1999,424075
231,2000,398762
231,2001,397572
231,2002,427097
231,2003,387302
231,2004,370823
231,2005,219385
231,2006,290925
231,2007,378998
231,2008,271730
231,2009,239769
231,2010,249507
231,2011,225718
231,2012,211926
231,2013,161251
231,2014,145273
231,2015,141784
231,2016,121131
231,2017,85571
231,2018,57372
231,2019,58964
231,2020,55435
233,1997,2
233,1999,41
233,2000,2
233,2001,0
233,2002,0
233,2003,0
233,2004,0
233,2005,0
233,2006,0
233,2007,0
233,2008,0
233,2009,0
233,2010,0
233,2011,0
233,2012,0
233,2013,0
234,1961,0
234,1962,0
234,1963,0
234,1964,0
234,1965,0
234,1966,0
234,1967,0
234,1968,0
234,1969,66
234,1970,44
234,1971,100
234,1972,112
234,1973,216
234,1974,273
234,1975,484
234,1976,205
234,1977,622
234,1978,1200
234,1979,3541
234,1980,1985
234,1981,1060
234,1982,1559
234,1983,1816
234,1984,2781
234,1985,2845
234,1986,3791
234,1987,2711
234,1988,1809
234,1989,1024
234,1990,2647
234,1991,3972
234,1992,7237
234,1993,7057
234,1994,6704
234,1995,5661
234,1996,4846
234,1997,2913
234,1998,4521
234,1999,3104
234,2000,1566
234,2001,2005
234,2002,1510
234,2003,931
234,2004,2074
234,2005,1571
234,2006,2333
234,2007,1305
234,2008,375
234,2009,335
234,2010,134
234,2011,183
234,2012,56
234,2013,110
234,2014,91
234,2015,172
234,2016,15
234,2017,144
234,2018,0
234,2019,77
234,2020,23
235,2000,2
235,2001,0
235,2002,0
235,2003,0
235,2004,0
235,2005,0
235,2006,0
235,2007,0
235,2008,0
235,2009,0
235,2010,0
235,2011,0
235,2012,0
235,2013,0
235,2020,0
236,1961,0
236,1962,0
236,1963,0
236,1964,0
236,1965,0
236,1966,0
236,1967,0
236,1968,0
236,1969,0
236,1970,0
236,1971,0
236,1972,0
236,1973,0
236,1974,0
236,1975,0
236,1976,0
236,1977,198
236,1978,228
236,1979,312
236,1980,275
236,1981,652
236,1982,912
236,1983,1141
236,1984,804
236,1985,891
236,1986,868
236,1987,72
236,1988,83
236,1989,200
236,1990,162
236,1991,140
236,1992,99
236,1993,83
236,1994,43
236,1995,13
236,1996,5
236,1997,10
236,1998,4
236,1999,5
236,2000,2
236,2001,23
236,2002,1
236,2003,2
236,2004,11
236,2005,2
236,2006,82
236,2007,0
236,2008,0
236,2009,0
236,2010,0
236,2011,0
236,2012,0
236,2013,0
236,2016,2
236,2017,0
236,2018,0
237,1961,44
237,1962,15
237,1963,0
237,1964,0
237,1965,0
237,1966,0
237,1967,0
237,1968,0
237,1969,0
237,1970,0
237,1971,0
237,1972,0
237,1973,0
237,1974,0
237,1975,0
237,1976,0
237,1977,0
237,1978,0
237,1979,0
237,1980,32
237,1981,0
237,1982,0
237,1983,0
237,1984,0
237,1985,0
237,1986,0
237,1987,0
237,1988,0
237,1989,0
237,1990,0
237,1991,0
237,1992,0
237,1993,0
237,1994,0
237,1995,0
237,1996,0
237,1997,0
237,1998,0
237,1999,0
237,2000,0
237,2001,0
237,2002,0
237,2003,63
237,2004,28
237,2005,25
237,2006,256
237,2007,611
237,2008,1009
237,2009,1246
237,2010,2193
237,2011,4167
237,2012,4160
237,2013,1029
237,2014,1872
237,2015,949
237,2016,1600
237,2017,4066
237,2018,5256
237,2019,5121
237,2020,15308
238,1999,0
238,2000,0
238,2001,0
238,2002,0
238,2003,4
238,2004,0
238,2005,0
238,2006,0
238,2007,0
238,2008,0
238,2009,5
238,2010,7
238,2011,5
238,2012,1
238,2013,0
238,2014,1
238,2015,0
238,2016,1
238,2017,0
238,2018,0
238,2020,18
244,2018,0
249,1961,0
249,1962,0
249,1963,1
249,1964,3
249,1965,1
249,1966,0
249,1967,0
249,1968,55
249,1969,0
249,1970,13
249,1971,6
249,1972,4
249,1973,0
249,1974,0
249,1975,0
249,1976,0
249,1977,0
249,1978,0
249,1979,0
249,1980,0
249,1981,0
249,1982,0
249,1983,0
249,1984,0
249,1985,0
249,1986,0
249,1987,0
249,1988,0
249,1989,0
249,1990,0
249,1991,0
249,1992,0
249,1993,0
249,1994,0
249,1995,0
249,1996,0
249,1997,0
249,1998,0
249,1999,0
249,2000,0
249,2001,0
249,2002,0
249,2003,0
249,2004,0
249,2005,1
249,2006,1
249,2007,5
249,2008,0
249,2009,8
249,2010,0
249,2011,88
249,2012,60
249,2013,72
249,2014,12
249,2015,14
249,2017,20
249,2020,0
250,2014,0
250,2017,1
251,2011,99
251,2012,0
251,2013,0
251,2016,1
251,2020,1
255,2000,67163
255,2001,54214
255,2002,47882
255,2003,43697
255,2004,46600
255,2005,49569
255,2006,53469
255,2007,57564
255,2008,63687
255,2009,46297
255,2010,16419
255,2011,14617
255,2012,13409
255,2013,13056
255,2014,12444
255,2015,10429
255,2016,11447
255,2017,7481
255,2018,2372
255,2019,3163
255,2020,2876
256,2000,5
256,2001,10
256,2002,4
256,2003,3
256,2004,4
256,2005,9
256,2006,11
256,2007,9
256,2008,11
256,2009,19
256,2010,28
256,2011,32
256,2012,22
256,2013,16
256,2014,17
256,2015,14
256,2016,13
256,2017,15
256,2018,78
256,2019,23
256,2020,21
26,1961,0
26,1962,0
26,1963,0
26,1964,0
26,1965,0
26,1966,0
26,1967,0
26,1968,0
26,1969,0
26,1970,0
26,1971,0
26,1972,0
26,1973,0
26,1974,0
26,1975,0
26,1976,0
26,1977,0
26,1978,0
26,1979,0
26,1980,0
26,1981,0
26,1982,0
26,1983,0
26,1984,0
26,1985,0
26,1986,3
26,1987,0
26,1988,0
26,1989,0
26,1990,0
26,1991,0
26,1992,0
26,1993,0
26,1994,0
26,1995,0
26,1996,0
26,1997,0
26,1998,0
26,1999,0
26,2000,0
26,2001,0
26,2002,0
26,2003,1
26,2004,1
26,2005,1
26,2006,1
26,2007,1
26,2008,1
26,2009,1
26,2010,1
26,2011,1
26,2012,1
26,2013,0
26,2019,3
27,1993,56
27,1994,199
27,1995,125
27,1996,21
27,1997,20
27,1998,2
27,1999,2
27,2000,2
27,2001,3
27,2002,6
27,2003,3
27,2004,4
27,2005,15
27,2006,6
27,2007,107
27,2008,508
27,2009,2269
27,2010,945
27,2011,480
27,2012,891
27,2013,995
27,2014,1350
27,2015,3405
27,2016,5054
27,2017,2868
27,2018,8232
27,2019,7738
27,2020,7485
272,2006,7
272,2007,9
272,2008,10
272,2009,3
272,2010,46
272,2011,5
272,2012,20
272,2013,67
272,2014,60
272,2015,67
272,2016,204
272,2017,82
272,2018,28
272,2019,27
272,2020,29
273,2007,2
273,2011,0
273,2012,0
273,2013,0
273,2014,0
273,2016,0
273,2017,0
273,2018,10
273,2020,0
276,2012,25
276,2013,19
276,2014,9
276,2016,83
276,2017,16
276,2018,1
276,2019,47
276,2020,10
277,2012,0
277,2013,0
277,2018,1
277,2019,15
28,2015,0
28,2016,45
28,2017,56
28,2019,4
28,2020,606
29,2016,32
299,1961,0
299,1962,0
299,1963,0
299,1964,0
299,1965,0
299,1966,0
299,1967,0
299,1969,2000
299,1970,2000
299,1971,2000
299,1972,2000
299,1973,158
299,1974,1620
299,1975,1761
299,1976,2944
299,1977,2429
299,1978,1738
299,1979,2048
299,1980,1340
299,1981,1600
299,1982,51000
299,1983,28211
299,1984,30548
299,1985,16700
299,1986,7800
299,1987,6600
299,1988,6000
299,1989,5500
299,1994,4700
299,1995,4700
299,1996,7
299,1997,1474
299,1998,4
299,1999,91
299,2000,63
299,2001,30
299,2002,30
299,2003,30
299,2004,30
299,2005,30
299,2006,50
299,2007,50
299,2008,0
299,2009,0
299,2010,0
299,2011,0
299,2012,0
299,2013,0
32,1961,0
32,1962,0
32,1963,0
32,1964,0
32,1965,0
32,1966,12
32,1967,10
32,1968,7
32,1969,9
32,1970,13
32,1971,0
32,1972,0
32,1973,0
32,1974,2
32,1975,0
32,1976,3
32,1977,0
32,1978,0
32,1979,0
32,1980,2
32,1981,8
32,1982,0
32,1983,0
32,1984,0
32,1985,0
32,1986,0
32,1987,0
32,1988,0
32,1989,0
32,1990,0
32,1991,4
32,1992,0
32,1993,38
32,1994,0
32,1995,0
32,1996,0
32,1997,0
32,1998,0
32,1999,0
32,2000,0
32,2001,0
32,2002,0
32,2003,0
32,2004,0
32,2005,0
32,2006,0
32,2007,0
32,2008,0
32,2009,0
32,2010,0
32,2011,0
32,2012,1
32,2013,0
32,2018,0
33,1961,0
33,1962,0
33,1963,0
33,1964,0
33,1965,0
33,1966,0
33,1967,0
33,1968,0
33,1969,0
33,1970,0
33,1971,0
33,1972,0
33,1973,0
33,1974,0
33,1975,0
33,1976,0
33,1977,0
33,1978,0
33,1979,0
33,1980,0
33,1981,0
33,1982,0
33,1983,0
33,1984,0
33,1985,0
33,1986,0
33,1987,0
33,1988,15
33,1989,169
33,1990,238
33,1991,339
33,1992,0
33,1993,0
33,1994,18
33,1995,0
33,1996,0
33,1997,0
33,1998,0
33,1999,0
33,2000,0
33,2001,0
33,2002,0
33,2003,0
33,2004,14
33,2005,3
33,2006,0
33,2007,0
33,2008,24
33,2009,20
33,2010,1
33,2011,0
33,2012,1
33,2013,2
33,2014,3
33,2015,3
33,2016,24
33,2017,2
33,2018,0
33,2019,2
33,2020,3
351,1961,10200
351,1962,2648
351,1963,2799
351,1964,3664
351,1965,6400
351,1966,7206
351,1967,4886
351,1968,5684
351,1969,9300
351,1970,4900
351,1971,6000
351,1972,6701
351,1973,6592
351,1974,5456
351,1975,5399
351,1976,6480
351,1977,7000
351,1978,3178
351,1979,2638
351,1980,3740
351,1981,6015
351,1982,6309
351,1983,3200
351,1984,2510
351,1985,4209
351,1986,4779
351,1987,4421
351,1988,3415
351,1989,2917
351,1990,2993
351,1991,4458
351,1992,5519
351,1993,5146
351,1994,6103
351,1995,8380
351,1996,7914
351,1997,7173
351,1998,10886
351,1999,6155
351,2000,6361
351,2001,7637
351,2002,11606
351,2003,18295
351,2004,16437
351,2005,23793
351,2006,42443
351,2007,86326
351,2008,101964
351,2009,124755
351,2010,111691
351,2011,109694
351,2012,132716
351,2013,166782
351,2014,147208
351,2015,165214
351,2016,183224
351,2017,212928
351,2018,266575
351,2019,268266
351,2020,203882
37,2019,42
38,2003,0
38,2004,1
38,2005,0
38,2006,6
38,2007,5
38,2008,9
38,2009,0
38,2010,0
38,2011,0
38,2012,0
38,2013,0
38,2014,1
38,2015,0
38,2016,3
38,2017,0
38,2018,4
38,2019,9
38,2020,2
4,1961,4445
4,1962,4413
4,1963,3278
4,1964,2326
4,1965,2693
4,1966,1642
4,1967,988
4,1968,1046
4,1969,665
4,1970,1789
4,1971,2339
4,1972,1674
4,1973,1340
4,1974,1506
4,1975,989
4,1976,1166
4,1977,492
4,1978,682
4,1979,282
4,1980,0
4,1981,0
4,1982,0
4,1983,0
4,1984,0
4,1985,19
4,1986,0
4,1987,28
4,1988,0
4,1989,0
4,1990,0
4,1991,0
4,1992,0
4,1993,0
4,1994,0
4,1995,0
4,1996,0
4,1997,0
4,1998,0
4,1999,0
4,2000,0
4,2001,0
4,2002,0
4,2003,0
4,2004,0
4,2005,0
4,2006,0
4,2007,0
4,2008,0
4,2009,0
4,2010,0
4,2011,0
4,2012,0
4,2013,0
4,2017,0
4,2018,0
4,2019,0
4,2020,0
40,1995,9
40,1996,8
40,1997,6
40,1998,26
40,1999,37
40,2000,699
40,2001,573
40,2002,575
40,2003,898
40,2004,3255
40,2005,1358
40,2006,3946
40,2007,1540
40,2008,1813
40,2009,1436
40,2010,1554
40,2011,1392
40,2012,1364
40,2013,1393
40,2014,1111
40,2015,859
40,2016,2019
40,2017,2182
40,2018,1384
40,2019,1307
40,2020,2751
41,1961,10200
41,1962,2648
41,1963,2799
41,1964,3664
41,1965,6400
41,1966,7201
41,1967,4886
41,1968,5575
41,1969,9300
41,1970,4600
41,1971,6000
41,1972,6000
41,1973,6000
41,1974,5000
41,1975,4000
41,1976,3000
41,1977,5000
41,1978,3000
41,1979,2500
41,1980,3700
41,1981,6000
41,1982,6300
41,1983,3200
41,1984,2500
41,1985,4200
41,1986,4759
41,1987,4409
41,1988,3386
41,1989,2678
41,1990,2793
41,1991,3931
41,1992,4920
41,1993,4779
41,1994,5573
41,1995,7773
41,1996,7502
41,1997,6858
41,1998,9502
41,1999,4207
41,2000,3828
41,2001,6595
41,2002,8774
41,2003,14201
41,2004,14073
41,2005,21716
41,2006,38868
41,2007,82814
41,2008,98879
41,2009,120160
41,2010,105149
41,2011,100346
41,2012,124381
41,2013,157864
41,2014,136892
41,2015,151930
41,2016,168531
41,2017,193032
41,2018,230548
41,2019,240372
41,2020,174211
44,1961,0
44,1962,0
44,1963,0
44,1964,0
44,1965,0
44,1966,0
44,1967,0
44,1968,0
44,1969,0
44,1970,0
44,1971,0
44,1972,0
44,1973,0
44,1974,0
44,1975,0
44,1976,0
44,1977,0
44,1978,0
44,1979,0
44,1980,0
44,1981,0
44,1982,0
44,1983,0
44,1984,0
44,1985,0
44,1986,0
44,1987,0
44,1988,0
44,1989,0
44,1990,5
44,1991,27
44,1992,47
44,1993,26
44,1994,0
44,1995,0
44,1996,0
44,1997,0
44,1998,0
44,1999,0
44,2000,0
44,2001,3
44,2002,5
44,2003,0
44,2004,36
44,2005,1
44,2006,0
44,2007,0
44,2008,4
44,2009,26
44,2010,0
44,2011,0
44,2012,12
44,2013,5
44,2014,3
44,2016,13
44,2018,52
44,2019,84
44,2020,35
46,2014,0
47,1961,75
47,1962,126
47,1963,153
47,1964,174
47,1965,62
47,1966,158
47,1967,227
47,1968,140
47,1969,181
47,1970,160
47,1971,113
47,1972,60
47,1973,117
47,1974,46
47,1975,50
47,1976,10
47,1977,35
47,1978,15
47,1979,5
47,1980,3
47,1981,18
47,1982,0
47,1983,0
47,1984,0
47,1985,11
47,1986,0
47,1987,0
47,1988,0
47,1989,0
47,1990,0
47,1991,0
47,1992,0
47,1993,0
47,1994,0
47,1995,0
47,1996,0
47,1997,0
47,1998,0
47,1999,0
47,2000,0
47,2001,0
47,2002,0
47,2003,0
47,2004,0
47,2005,0
47,2006,0
47,2007,0
47,2008,0
47,2009,0
47,2010,0
47,2011,0
47,2012,0
47,2013,0
48,1994,12
48,1995,0
48,1996,0
48,1997,0
48,1998,0
48,1999,24
48,2000,1
48,2001,1
48,2002,0
48,2003,0
48,2004,0
48,2005,0
48,2006,0
48,2007,0
48,2008,0
48,2009,0
48,2010,0
48,2011,0
48,2012,0
48,2013,0
49,1961,0
49,1962,0
49,1963,0
49,1964,0
49,1965,0
49,1966,0
49,1967,0
49,1968,0
49,1969,0
49,1970,600
49,1971,2700
49,1972,1000
49,1973,1500
49,1974,3600
49,1975,1600
49,1976,8000
49,1977,22648
49,1978,35325
49,1979,33994
49,1980,50801
49,1981,90343
49,1982,103326
49,1983,117478
49,1984,114452
49,1985,161166
49,1986,177991
49,1987,206939
49,1988,257713
49,1989,182314
49,1990,160000
49,1991,130000
49,1992,110000
49,1993,25000
49,1994,19700
49,1995,16000
49,1996,14200
49,1997,18100
49,1998,9800
49,1999,13475
49,2000,10727
49,2001,12453
49,2002,6333
49,2003,10526
49,2004,9829
49,2005,2717
49,2006,6051
49,2007,159
49,2008,1268
49,2009,824
49,2010,750
49,2011,73
49,2012,73
49,2013,73
49,2016,8
49,2017,8
49,2018,0
50,1961,7801
50,1962,8543
50,1963,11222
50,1964,14090
50,1965,25219
50,1966,19988
50,1967,32816
50,1968,33360
50,1969,34120
50,1970,34441
50,1971,49363
50,1972,43498
50,1973,54703
50,1974,40655
50,1975,30029
50,1976,28157
50,1977,40247
50,1978,33687
50,1979,39868
50,1980,36684
50,1981,40886
50,1982,45236
50,1983,40325
50,1984,49904
50,1985,42163
50,1986,43274
50,1987,48627
50,1988,40312
50,1989,43609
50,1990,54731
50,1991,47559
50,1992,45304
50,1993,41445
50,1994,33204
50,1995,41409
50,1996,33233
50,1997,33002
50,1998,20243
50,1999,26466
50,2000,16239
50,2001,19456
50,2002,19304
50,2003,22592
50,2004,26054
50,2005,18051
50,2006,17874
50,2007,13649
50,2008,13469
50,2009,12140
50,2010,11777
50,2011,11169
50,2012,11601
50,2013,10517
50,2014,9958
50,2015,8222
50,2016,10399
50,2017,8205
50,2018,9100
50,2019,8271
50,2020,7477
5000,1961,222187
5000,1962,246336
5000,1963,233861
5000,1964,266834
5000,1965,305483
5000,1966,329901
5000,1967,372484
5000,1968,376819
5000,1969,394728
5000,1970,401638
5000,1971,490009
5000,1972,555914
5000,1973,609143
5000,1974,658401
5000,1975,702682
5000,1976,775113
5000,1977,816018
5000,1978,829392
5000,1979,825050
5000,1980,807095
5000,1981,878706
5000,1982,892206
5000,1983,869081
5000,1984,815097
5000,1985,772149
5000,1986,885586
5000,1987,996819
5000,1988,1156923
5000,1989,1088998
5000,1990,930207
5000,1991,1066121
5000,1992,966699
5000,1993,933461
5000,1994,1046842
5000,1995,1127486
5000,1996,1097350
5000,1997,1142484
5000,1998,1070809
5000,1999,1114116
5000,2000,1037487
5000,2001,979067
5000,2002,1047385
5000,2003,1074602
5000,2004,1089764
5000,2005,977626
5000,2006,1113045
5000,2007,1279306
5000,2008,1150156
5000,2009,1094757
5000,2010,1171921
5000,2011,1119939
5000,2012,1100062
5000,2013,1135493
5000,2014,1120054
5000,2015,1027428
5000,2016,1114724
5000,2017,1131463
5000,2018,1263809
5000,2019,1196980
5000,2020,1189238
51,1961,0
51,1962,0
51,1963,0
51,1964,528
51,1965,3679
51,1966,0
51,1967,0
51,1968,0
51,1969,0
51,1970,0
51,1971,0
51,1972,0
51,1973,0
51,1974,0
51,1975,0
51,1976,0
51,1977,0
51,1978,0
51,1979,0
51,1980,0
51,1981,0
51,1982,0
51,1983,0
51,1984,0
51,1985,0
51,1986,0
51,1987,0
51,1988,0
51,1989,0
51,1990,0
51,1991,0
51,1992,0
5100,1961,38166
5100,1962,43021
5100,1963,38951
5100,1964,56537
5100,1965,54785
5100,1966,60704
5100,1967,60351
5100,1968,65741
5100,1969,49945
5100,1970,37972
5100,1971,45617
5100,1972,49182
5100,1973,43100
5100,1974,83801
5100,1975,57301
5100,1976,79923
5100,1977,78745
5100,1978,90751
5100,1979,74136
5100,1980,78041
5100,1981,81741
5100,1982,69800
5100,1983,61049
5100,1984,82673
5100,1985,87608
5100,1986,84727
5100,1987,86456
5100,1988,83323
5100,1989,91728
5100,1990,97987
5100,1991,91545
5100,1992,89564
5100,1993,67287
5100,1994,124116
5100,1995,124002
5100,1996,92637
5100,1997,112590
5100,1998,164991
5100,1999,151532
5100,2000,164557
5100,2001,156019
5100,2002,184748
5100,2003,192325
5100,2004,218354
5100,2005,237791
5100,2006,256426
5100,2007,276116
5100,2008,201815
5100,2009,186433
5100,2010,197418
5100,2011,239977
5100,2012,203165
5100,2013,275054
5100,2014,252383
5100,2015,183586
5100,2016,236456
5100,2017,259416
5100,2018,332588
5100,2019,296022
5100,2020,284337
5101,1961,3294
5101,1962,3874
5101,1963,2382
5101,1964,7387
5101,1965,5536
5101,1966,5123
5101,1967,6693
5101,1968,5399
5101,1969,6163
5101,1970,7879
5101,1971,11525
5101,1972,12859
5101,1973,13132
5101,1974,11713
5101,1975,10538
5101,1976,4968
5101,1977,1687
5101,1978,4226
5101,1979,6012
5101,1980,2142
5101,1981,2458
5101,1982,3870
5101,1983,921
5101,1984,1405
5101,1985,738
5101,1986,760
5101,1987,605
5101,1988,1164
5101,1989,3457
5101,1990,7170
5101,1991,4259
5101,1992,3689
5101,1993,3748
5101,1994,3607
5101,1995,5857
5101,1996,4547
5101,1997,4050
5101,1998,3963
5101,1999,6218
5101,2000,7448
5101,2001,6911
5101,2002,2431
5101,2003,2924
5101,2004,2131
5101,2005,989
5101,2006,5954
5101,2007,5372
5101,2008,1579
5101,2009,691
5101,2010,3596
5101,2011,4659
5101,2012,2426
5101,2013,3191
5101,2014,4940
5101,2015,3147
5101,2016,2696
5101,2017,2645
5101,2018,3318
5101,2019,2787
5101,2020,2215
5102,1961,0
5102,1962,0
5102,1963,0
5102,1964,0
5102,1965,0
5102,1966,12
5102,1967,10
5102,1968,7
5102,1969,9
5102,1970,13
5102,1971,0
5102,1972,0
5102,1973,0
5102,1974,2
5102,1975,0
5102,1976,3
5102,1977,0
5102,1978,0
5102,1979,0
5102,1980,2
5102,1981,8
5102,1982,0
5102,1983,0
5102,1984,0
5102,1985,0
5102,1986,0
5102,1987,0
5102,1988,0
5102,1989,0
5102,1990,0
5102,1991,4
5102,1992,0
5102,1993,38
5102,1994,0
5102,1995,0
5102,1996,0
5102,1997,0
5102,1998,0
5102,1999,0
5102,2000,0
5102,2001,0
5102,2002,0
5102,2003,0
5102,2004,0
5102,2005,0
5102,2006,0
5102,2007,0
5102,2008,0
5102,2009,0
5102,2010,0
5102,2011,0
5102,2012,1
5102,2013,0
5102,2014,0
5102,2017,1
5102,2018,0
5102,2019,42
5103,1961,13150
5103,1962,11297
5103,1963,9652
5103,1964,8651
5103,1965,6518
5103,1966,7704
5103,1967,6137
5103,1968,2577
5103,1969,2097
5103,1970,2465
5103,1971,3221
5103,1972,2822
5103,1973,2036
5103,1974,1766
5103,1975,1750
5103,1976,2342
5103,1977,3546
5103,1978,1604
5103,1979,843
5103,1980,1257
5103,1981,1815
5103,1982,904
5103,1983,117
5103,1984,267
5103,1985,218
5103,1986,73
5103,1987,131
5103,1988,15
5103,1989,19
5103,1990,34
5103,1991,22
5103,1992,2
5103,1993,0
5103,1994,509
5103,1995,707
5103,1996,1373
5103,1997,347
5103,1998,187
5103,1999,179
5103,2000,324
5103,2001,393
5103,2002,454
5103,2003,338
5103,2004,2905
5103,2005,3226
5103,2006,2924
5103,2007,4365
5103,2008,1786
5103,2009,1446
5103,2010,3353
5103,2011,3043
5103,2012,13034
5103,2013,3120
5103,2014,13664
5103,2015,8353
5103,2016,21032
5103,2017,18577
5103,2018,20956
5103,2019,27649
5103,2020,27479
5104,1961,21722
5104,1962,27850
5104,1963,26917
5104,1964,40497
5104,1965,42731
5104,1966,47850
5104,1967,47493
5104,1968,57733
5104,1969,41667
5104,1970,27578
5104,1971,30851
5104,1972,33482
5104,1973,27887
5104,1974,70300
5104,1975,45000
5104,1976,72600
5104,1977,73368
5104,1978,84816
5104,1979,67117
5104,1980,74416
5104,1981,77430
5104,1982,65000
5104,1983,60000
5104,1984,81000
5104,1985,86652
5104,1986,83892
5104,1987,85717
5104,1988,82144
5104,1989,88252
5104,1990,90783
5104,1991,87260
5104,1992,85873
5104,1993,63501
5104,1994,120000
5104,1995,117438
5104,1996,86717
5104,1997,108191
5104,1998,160841
5104,1999,145094
5104,2000,156784
5104,2001,148715
5104,2002,181863
5104,2003,189063
5104,2004,213313
5104,2005,233576
5104,2006,247548
5104,2007,266379
5104,2008,198450
5104,2009,184296
5104,2010,190469
5104,2011,232275
5104,2012,187704
5104,2013,268743
5104,2014,233779
5104,2015,172086
5104,2016,212728
5104,2017,238187
5104,2018,308313
5104,2019,265544
5104,2020,254641
5105,1961,0
5105,1962,0
5105,1963,0
5105,1964,2
5105,1965,0
5105,1966,15
5105,1967,18
5105,1968,25
5105,1969,9
5105,1970,37
5105,1971,20
5105,1972,19
5105,1973,45
5105,1974,20
5105,1975,13
5105,1976,10
5105,1977,144
5105,1978,105
5105,1979,164
5105,1980,224
5105,1981,30
5105,1982,26
5105,1983,11
5105,1984,1
5105,1985,0
5105,1986,2
5105,1987,3
5105,1988,0
5105,1989,0
5105,1990,0
5105,1991,0
5105,1992,0
5105,1993,0
5105,1994,0
5105,1995,0
5105,1996,0
5105,1997,2
5105,1998,0
5105,1999,41
5105,2000,2
5105,2001,0
5105,2002,0
5105,2003,0
5105,2004,5
5105,2005,0
5105,2006,0
5105,2007,0
5105,2008,0
5105,2009,0
5105,2010,0
5105,2011,0
5105,2012,0
5105,2013,0
5105,2014,0
5105,2015,0
5105,2016,0
5105,2017,6
5105,2018,1
5105,2019,0
5105,2020,2
52,2016,1
5200,1961,119573
5200,1962,128062
5200,1963,102080
5200,1964,96206
5200,1965,111082
5200,1966,117302
5200,1967,136690
5200,1968,98760
5200,1969,137835
5200,1970,118669
5200,1971,122260
5200,1972,220877
5200,1973,221391
5200,1974,269766
5200,1975,288328
5200,1976,341163
5200,1977,331948
5200,1978,356769
5200,1979,353992
5200,1980,381778
5200,1981,410960
5200,1982,408905
5200,1983,469514
5200,1984,408827
5200,1985,407841
5200,1986,517013
5200,1987,620192
5200,1988,779240
5200,1989,726609
5200,1990,555197
5200,1991,666400
5200,1992,614674
5200,1993,531082
5200,1994,547506
5200,1995,581230
5200,1996,574026
5200,1997,556362
5200,1998,450741
5200,1999,480828
5200,2000,444269
5200,2001,465595
5200,2002,483585
5200,2003,459627
5200,2004,456440
5200,2005,291391
5200,2006,365149
5200,2007,457211
5200,2008,350198
5200,2009,279737
5200,2010,287060
5200,2011,257913
5200,2012,235607
5200,2013,183117
5200,2014,163164
5200,2015,165163
5200,2016,147410
5200,2017,112298
5200,2018,77424
5200,2019,81091
5200,2020,73996
5203,1961,101372
5203,1962,102220
5203,1963,72129
5203,1964,75100
5203,1965,89403
5203,1966,97522
5203,1967,116771
5203,1968,79932
5203,1969,120254
5203,1970,102941
5203,1971,99276
5203,1972,188196
5203,1973,193730
5203,1974,225573
5203,1975,251303
5203,1976,290688
5203,1977,266702
5203,1978,270939
5203,1979,272755
5203,1980,287914
5203,1981,291480
5203,1982,260899
5203,1983,307258
5203,1984,248137
5203,1985,204366
5203,1986,282336
5203,1987,361593
5203,1988,462976
5203,1989,485106
5203,1990,322021
5203,1991,468825
5203,1992,431591
5203,1993,444127
5203,1994,477439
5203,1995,496226
5203,1996,483186
5203,1997,489594
5203,1998,386247
5203,1999,424075
5203,2000,398762
5203,2001,397572
5203,2002,427097
5203,2003,387302
5203,2004,370837
5203,2005,219388
5203,2006,290925
5203,2007,378998
5203,2008,271754
5203,2009,239789
5203,2010,249508
5203,2011,225718
5203,2012,211927
5203,2013,161253
5203,2014,145276
5203,2015,141787
5203,2016,121155
5203,2017,85573
5203,2018,57372
5203,2019,58966
5203,2020,55438
5204,1961,587
5204,1962,156
5204,1963,1781
5204,1964,2694
5204,1965,123
5204,1966,93
5204,1967,52
5204,1968,984
5204,1969,1291
5204,1970,2270
5204,1971,2780
5204,1972,6761
5204,1973,6013
5204,1974,14362
5204,1975,15798
5204,1976,23993
5204,1977,19253
5204,1978,20727
5204,1979,28155
5204,1980,24957
5204,1981,16451
5204,1982,15000
5204,1983,15256
5204,1984,16453
5204,1985,13139
5204,1986,19885
5204,1987,14689
5204,1988,24962
5204,1989,29047
5204,1990,19647
5204,1991,15273
5204,1992,13564
5204,1993,18912
5204,1994,6725
5204,1995,13655
5204,1996,21874
5204,1997,4971
5204,1998,11474
5204,1999,9536
5204,2000,3849
5204,2001,18249
5204,2002,14306
5204,2003,18574
5204,2004,25410
5204,2005,19970
5204,2006,26902
5204,2007,26261
5204,2008,30055
5204,2009,14726
5204,2010,20001
5204,2011,18278
5204,2012,18759
5204,2013,17590
5204,2014,14326
5204,2015,20061
5204,2016,22080
5204,2017,22565
5204,2018,16987
5204,2019,18625
5204,2020,13071
5206,1961,12682
5206,1962,16606
5206,1963,16295
5206,1964,10806
5206,1965,11087
5206,1966,10740
5206,1967,11320
5206,1968,11911
5206,1969,10555
5206,1970,9189
5206,1971,9559
5206,1972,8532
5206,1973,6339
5206,1974,7916
5206,1975,7142
5206,1976,11729
5206,1977,25529
5206,1978,41034
5206,1979,36220
5206,1980,53183
5206,1981,92425
5206,1982,107410
5206,1983,121522
5206,1984,117525
5206,1985,164030
5206,1986,181187
5206,1987,209472
5206,1988,260165
5206,1989,184701
5206,1990,162982
5206,1991,133807
5206,1992,114167
5206,1993,30097
5206,1994,25939
5206,1995,28177
5206,1996,26017
5206,1997,29015
5206,1998,21022
5206,1999,22439
5206,2000,21272
5206,2001,23079
5206,2002,17065
5206,2003,21710
5206,2004,23660
5206,2005,14934
5206,2006,21736
5206,2007,20243
5206,2008,12794
5206,2009,5982
5206,2010,4597
5206,2011,1691
5206,2012,276
5206,2013,250
5206,2014,223
5206,2015,191
5206,2016,138
5206,2017,54
5206,2018,72
5206,2019,59
5206,2020,14
5207,1961,4932
5207,1962,9080
5207,1963,11875
5207,1964,7606
5207,1965,10469
5207,1966,8947
5207,1967,8547
5207,1968,5933
5207,1969,5735
5207,1970,4269
5207,1971,10645
5207,1972,17388
5207,1973,15309
5207,1974,21915
5207,1975,14085
5207,1976,14753
5207,1977,20464
5207,1978,24069
5207,1979,16862
5207,1980,15724
5207,1981,10604
5207,1982,25596
5207,1983,25478
5207,1984,26712
5207,1985,26306
5207,1986,33605
5207,1987,34438
5207,1988,31137
5207,1989,27755
5207,1990,50547
5207,1991,48495
5207,1992,55352
5207,1993,37946
5207,1994,37403
5207,1995,43172
5207,1996,42949
5207,1997,32782
5207,1998,31998
5207,1999,24778
5207,2000,20386
5207,2001,26695
5207,2002,25117
5207,2003,32041
5207,2004,36533
5207,2005,37099
5207,2006,25586
5207,2007,31709
5207,2008,35595
5207,2009,19240
5207,2010,12954
5207,2011,12226
5207,2012,4645
5207,2013,4024
5207,2014,3339
5207,2015,3124
5207,2016,4037
5207,2017,4106
5207,2018,2993
5207,2019,3441
5207,2020,5473
5300,1961,60342
5300,1962,71260
5300,1963,86449
5300,1964,104470
5300,1965,128834
5300,1966,143616
5300,1967,166831
5300,1968,198373
5300,1969,189573
5300,1970,226099
5300,1971,302058
5300,1972,259989
5300,1973,314413
5300,1974,280959
5300,1975,318062
5300,1976,305403
5300,1977,358822
5300,1978,331279
5300,1979,349249
5300,1980,294365
5300,1981,329926
5300,1982,352788
5300,1983,263565
5300,1984,255785
5300,1985,212026
5300,1986,210383
5300,1987,218328
5300,1988,220563
5300,1989,196527
5300,1990,210339
5300,1991,236667
5300,1992,178221
5300,1993,199427
5300,1994,191269
5300,1995,217871
5300,1996,214038
5300,1997,236974
5300,1998,207776
5300,1999,249493
5300,2000,229066
5300,2001,180546
5300,2002,190509
5300,2003,231121
5300,2004,224955
5300,2005,237401
5300,2006,279156
5300,2007,296993
5300,2008,327484
5300,2009,360783
5300,2010,408455
5300,2011,363199
5300,2012,404555
5300,2013,409183
5300,2014,446232
5300,2015,405652
5300,2016,466382
5300,2017,476050
5300,2018,577109
5300,2019,514876
5300,2020,522364
5301,1999,53
5301,2000,8
5301,2001,1
5301,2002,0
5301,2003,0
5301,2004,0
5301,2005,0
5301,2006,0
5301,2007,0
5301,2008,0
5301,2009,0
5301,2010,0
5301,2011,0
5301,2012,0
5301,2013,19
5301,2014,0
5301,2015,47
5301,2016,5
5301,2017,51
5301,2018,104
5301,2019,61
5301,2020,8
5302,1961,10200
5302,1962,2648
5302,1963,2799
5302,1964,3664
5302,1965,6400
5302,1966,7206
5302,1967,4886
5302,1968,5684
5302,1969,9300
5302,1970,4900
5302,1971,6000
5302,1972,6701
5302,1973,6592
5302,1974,5456
5302,1975,5399
5302,1976,6480
5302,1977,7000
5302,1978,3179
5302,1979,2638
5302,1980,3740
5302,1981,6016
5302,1982,6309
5302,1983,3200
5302,1984,2510
5302,1985,4209
5302,1986,4779
5302,1987,4421
5302,1988,3415
5302,1989,3498
5302,1990,2995
5302,1991,4458
5302,1992,5519
5302,1993,5146
5302,1994,6103
5302,1995,8380
5302,1996,7914
5302,1997,7173
5302,1998,10886
5302,1999,6155
5302,2000,6368
5302,2001,7639
5302,2002,11606
5302,2003,18295
5302,2004,16437
5302,2005,23793
5302,2006,42470
5302,2007,86439
5302,2008,101964
5302,2009,124755
5302,2010,111691
5302,2011,109694
5302,2012,132716
5302,2013,166782
5302,2014,147208
5302,2015,165236
5302,2016,183226
5302,2017,212928
5302,2018,266619
5302,2019,268266
5302,2020,203883
5303,1961,20
5303,1962,943
5303,1963,1946
5303,1964,58
5303,1965,913
5303,1966,27
5303,1967,5
5303,1968,1
5303,1969,1
5303,1970,1
5303,1971,0
5303,1972,0
5303,1973,0
5303,1974,0
5303,1975,0
5303,1976,0
5303,1977,2
5303,1978,13
5303,1979,93
5303,1980,12
5303,1981,27
5303,1982,172
5303,1983,451
5303,1984,67
5303,1985,56
5303,1986,253
5303,1987,108
5303,1988,41
5303,1989,81
5303,1990,45
5303,1991,241
5303,1992,35
5303,1993,60
5303,1994,79
5303,1995,5
5303,1996,110
5303,1997,913
5303,1998,656
5303,1999,594
5303,2000,394
5303,2001,186
5303,2002,45
5303,2003,766
5303,2004,697
5303,2005,887
5303,2006,1693
5303,2007,1809
5303,2008,3329
5303,2009,1167
5303,2010,495
5303,2011,814
5303,2012,960
5303,2013,156
5303,2014,151
5303,2015,628
5303,2016,468
5303,2017,520
5303,2018,749
5303,2019,1131
5303,2020,736
5304,1961,686
5304,1962,1047
5304,1963,825
5304,1964,429
5304,1965,730
5304,1966,503
5304,1967,817
5304,1968,941
5304,1969,511
5304,1970,1019
5304,1971,1353
5304,1972,1242
5304,1973,853
5304,1974,2118
5304,1975,1621
5304,1976,1735
5304,1977,1949
5304,1978,2130
5304,1979,2080
5304,1980,2378
5304,1981,2147
5304,1982,2881
5304,1983,2750
5304,1984,2862
5304,1985,4571
5304,1986,5259
5304,1987,6994
5304,1988,6324
5304,1989,7165
5304,1990,5929
5304,1991,7061
5304,1992,5971
5304,1993,5790
5304,1994,4715
5304,1995,5989
5304,1996,7834
5304,1997,5040
5304,1998,6245
5304,1999,7857
5304,2000,7493
5304,2001,7834
5304,2002,9078
5304,2003,8929
5304,2004,1643
5304,2005,8324
5304,2006,11453
5304,2007,12680
5304,2008,14119
5304,2009,14278
5304,2010,16667
5304,2011,19663
5304,2012,19897
5304,2013,18556
5304,2014,18231
5304,2015,16476
5304,2016,23919
5304,2017,49464
5304,2018,39851
5304,2019,33364
5304,2020,43168
5305,1961,49436
5305,1962,66622
5305,1963,80879
5305,1964,100319
5305,1965,120791
5305,1966,135880
5305,1967,161123
5305,1968,191747
5305,1969,179761
5305,1970,220179
5305,1971,294705
5305,1972,252046
5305,1973,306968
5305,1974,273385
5305,1975,311042
5305,1976,297188
5305,1977,349871
5305,1978,325957
5305,1979,344438
5305,1980,288235
5305,1981,321736
5305,1982,343426
5305,1983,257164
5305,1984,250346
5305,1985,203190
5305,1986,200092
5305,1987,206805
5305,1988,210783
5305,1989,185783
5305,1990,201370
5305,1991,224907
5305,1992,166696
5305,1993,188431
5305,1994,180372
5305,1995,203497
5305,1996,198180
5305,1997,223848
5305,1998,189989
5305,1999,234834
5305,2000,214804
5305,2001,164886
5305,2002,169780
5305,2003,203131
5305,2004,206178
5305,2005,204397
5305,2006,223540
5305,2007,196065
5305,2008,208072
5305,2009,220583
5305,2010,279602
5305,2011,233028
5305,2012,250982
5305,2013,223670
5305,2014,280642
5305,2015,223265
5305,2016,258764
5305,2017,213087
5305,2018,269786
5305,2019,212054
5305,2020,274569
54,1961,296
54,1962,123
54,1963,50
54,1964,97
54,1965,43
54,1966,42
54,1967,85
54,1968,18
54,1969,57
54,1970,94
54,1971,62
54,1972,102
54,1973,220
54,1974,72
54,1975,129
54,1976,187
54,1977,41
54,1978,301
54,1979,286
54,1980,198
54,1981,235
54,1982,237
54,1983,253
54,1984,172
54,1985,230
54,1986,127
54,1987,105
54,1988,50
54,1989,30
54,1990,0
54,1991,1
54,1992,6
54,1993,8
54,1994,4
54,1995,0
54,1996,0
54,1997,5
54,1998,25
54,1999,4
54,2000,16
54,2001,34
54,2002,47
54,2003,30
54,2004,85
54,2005,113
54,2006,203
54,2007,258
54,2008,409
54,2009,390
54,2010,382
54,2011,1794
54,2012,1210
54,2013,755
54,2014,519
54,2015,888
54,2016,618
54,2017,609
54,2018,1223
54,2019,1037
54,2020,908
5400,1961,3925
5400,1962,3781
5400,1963,6116
5400,1964,9447
5400,1965,10720
5400,1966,8121
5400,1967,8385
5400,1968,13163
5400,1969,16874
5400,1970,18493
5400,1971,19907
5400,1972,25709
5400,1973,30039
5400,1974,23789
5400,1975,38903
5400,1976,48575
5400,1977,46164
5400,1978,50248
5400,1979,47175
5400,1980,52345
5400,1981,55289
5400,1982,60126
5400,1983,74677
5400,1984,67631
5400,1985,64595
5400,1986,73273
5400,1987,71289
5400,1988,73103
5400,1989,73991
5400,1990,66544
5400,1991,71429
5400,1992,83914
5400,1993,135260
5400,1994,183716
5400,1995,204007
5400,1996,216404
5400,1997,236369
5400,1998,246999
5400,1999,232166
5400,2000,199447
5400,2001,176669
5400,2002,188209
5400,2003,191040
5400,2004,189531
5400,2005,210656
5400,2006,211770
5400,2007,248556
5400,2008,270244
5400,2009,266929
5400,2010,278459
5400,2011,258505
5400,2012,255848
5400,2013,267888
5400,2014,258059
5400,2015,272544
5400,2016,263292
5400,2017,282348
5400,2018,275440
5400,2019,303250
5400,2020,306465
5401,1961,0
5401,1962,0
5401,1963,0
5401,1964,528
5401,1965,3679
5401,1966,0
5401,1967,0
5401,1968,0
5401,1969,0
5401,1970,0
5401,1971,0
5401,1972,0
5401,1973,0
5401,1974,0
5401,1975,0
5401,1976,0
5401,1977,0
5401,1978,0
5401,1979,0
5401,1980,0
5401,1981,0
5401,1982,0
5401,1983,0
5401,1984,0
5401,1985,0
5401,1986,0
5401,1987,0
5401,1988,0
5401,1989,0
5401,1990,0
5401,1991,0
5401,1992,0
5401,1993,208
5401,1994,626
5401,1995,356
5401,1996,466
5401,1997,519
5401,1998,425
5401,1999,312
5401,2000,270
5401,2001,720
5401,2002,1049
5401,2003,620
5401,2004,1211
5401,2005,4834
5401,2006,7171
5401,2007,8317
5401,2008,6170
5401,2009,7369
5401,2010,9793
5401,2011,9871
5401,2012,11516
5401,2013,13446
5401,2014,12335
5401,2015,14949
5401,2016,13968
5401,2017,12674
5401,2018,19797
5401,2019,20146
5401,2020,20869
5402,1961,986
5402,1962,1154
5402,1963,2475
5402,1964,4098
5402,1965,1262
5402,1966,1444
5402,1967,1301
5402,1968,1622
5402,1969,1604
5402,1970,1435
5402,1971,1824
5402,1972,3141
5402,1973,4751
5402,1974,2080
5402,1975,6810
5402,1976,4350
5402,1977,3277
5402,1978,3347
5402,1979,5793
5402,1980,4269
5402,1981,2720
5402,1982,6103
5402,1983,8766
5402,1984,7571
5402,1985,8359
5402,1986,6008
5402,1987,7634
5402,1988,4976
5402,1989,5284
5402,1990,5970
5402,1991,6792
5402,1992,7530
5402,1993,2686
5402,1994,6225
5402,1995,5581
5402,1996,3992
5402,1997,5705
5402,1998,6433
5402,1999,6918
5402,2000,5390
5402,2001,10017
5402,2002,5698
5402,2003,7396
5402,2004,4676
5402,2005,3439
5402,2006,4020
5402,2007,5716
5402,2008,5737
5402,2009,6182
5402,2010,10173
5402,2011,12077
5402,2012,13763
5402,2013,15167
5402,2014,9648
5402,2015,7824
5402,2016,7412
5402,2017,7272
5402,2018,8243
5402,2019,9803
5402,2020,10066
5403,1961,2035
5403,1962,1907
5403,1963,2385
5403,1964,3125
5403,1965,3630
5403,1966,4552
5403,1967,4097
5403,1968,3575
5403,1969,1876
5403,1970,1886
5403,1971,1306
5403,1972,665
5403,1973,793
5403,1974,1449
5403,1975,2374
5403,1976,3072
5403,1977,4492
5403,1978,6831
5403,1979,5843
5403,1980,6179
5403,1981,6668
5403,1982,7235
5403,1983,4628
5403,1984,7831
5403,1985,7411
5403,1986,11033
5403,1987,8725
5403,1988,9116
5403,1989,5888
5403,1990,11345
5403,1991,10764
5403,1992,15631
5403,1993,20167
5403,1994,25404
5403,1995,29492
5403,1996,21679
5403,1997,26899
5403,1998,25720
5403,1999,28348
5403,2000,31492
5403,2001,31702
5403,2002,36409
5403,2003,40795
5403,2004,40421
5403,2005,42857
5403,2006,40648
5403,2007,60975
5403,2008,48793
5403,2009,56043
5403,2010,64142
5403,2011,66513
5403,2012,57394
5403,2013,66358
5403,2014,64845
5403,2015,80460
5403,2016,72633
5403,2017,73344
5403,2018,62102
5403,2019,84691
5403,2020,76096
5404,1961,904
5404,1962,720
5404,1963,1256
5404,1964,1696
5404,1965,2149
5404,1966,2125
5404,1967,2987
5404,1968,7966
5404,1969,13394
5404,1970,15172
5404,1971,16777
5404,1972,21903
5404,1973,24495
5404,1974,20260
5404,1975,29719
5404,1976,41153
5404,1977,38395
5404,1978,40070
5404,1979,35539
5404,1980,41897
5404,1981,45901
5404,1982,46788
5404,1983,61283
5404,1984,52229
5404,1985,48825
5404,1986,56232
5404,1987,54930
5404,1988,59011
5404,1989,62819
5404,1990,49229
5404,1991,53873
5404,1992,60753
5404,1993,112199
5404,1994,151461
5404,1995,168578
5404,1996,190267
5404,1997,203246
5404,1998,214421
5404,1999,196588
5404,2000,162296
5404,2001,134230
5404,2002,145053
5404,2003,142229
5404,2004,143223
5404,2005,159526
5404,2006,159931
5404,2007,173548
5404,2008,209544
5404,2009,197335
5404,2010,194351
5404,2011,170044
5404,2012,173175
5404,2013,172917
5404,2014,171231
5404,2015,169311
5404,2016,169279
5404,2017,189058
5404,2018,185298
5404,2019,188610
5404,2020,199434
55,1961,1057
55,1962,1239
55,1963,863
55,1964,1489
55,1965,1382
55,1966,1700
55,1967,2526
55,1968,1800
55,1969,1800
55,1970,2000
55,1971,2000
55,1972,2703
55,1973,2000
55,1974,2000
55,1975,2100
55,1976,2514
55,1977,2102
55,1978,3484
55,1979,1006
55,1980,1379
55,1981,1524
55,1982,2653
55,1983,2483
55,1984,2345
55,1985,2387
55,1986,2348
55,1987,1728
55,1988,1266
55,1989,1588
55,1990,1762
55,1991,1669
55,1992,2128
55,1993,1463
55,1994,1223
55,1995,957
55,1996,850
55,1997,794
55,1998,794
55,1999,550
55,2000,561
55,2001,630
55,2002,610
55,2003,507
55,2004,447
55,2005,376
55,2006,242
55,2007,344
55,2008,387
55,2009,279
55,2010,209
55,2011,184
55,2012,112
55,2013,132
55,2014,197
55,2015,174
55,2016,116
55,2017,26
55,2018,8
55,2019,12
55,2020,8
5500,1961,181
5500,1962,212
5500,1963,265
5500,1964,174
5500,1965,62
5500,1966,158
5500,1967,227
5500,1968,782
5500,1969,501
5500,1970,405
5500,1971,167
5500,1972,157
5500,1973,200
5500,1974,86
5500,1975,88
5500,1976,49
5500,1977,339
5500,1978,345
5500,1979,498
5500,1980,566
5500,1981,790
5500,1982,587
5500,1983,276
5500,1984,181
5500,1985,79
5500,1986,190
5500,1987,554
5500,1988,694
5500,1989,143
5500,1990,140
5500,1991,80
5500,1992,326
5500,1993,405
5500,1994,235
5500,1995,376
5500,1996,245
5500,1997,189
5500,1998,302
5500,1999,97
5500,2000,146
5500,2001,238
5500,2002,334
5500,2003,489
5500,2004,484
5500,2005,387
5500,2006,544
5500,2007,430
5500,2008,415
5500,2009,875
5500,2010,529
5500,2011,345
5500,2012,887
5500,2013,251
5500,2014,216
5500,2015,483
5500,2016,1184
5500,2017,1351
5500,2018,1248
5500,2019,1741
5500,2020,2076
5501,1961,106
5501,1962,86
5501,1963,112
5501,1964,0
5501,1965,0
5501,1966,0
5501,1967,0
5501,1968,642
5501,1969,320
5501,1970,245
5501,1971,54
5501,1972,97
5501,1973,83
5501,1974,40
5501,1975,38
5501,1976,39
5501,1977,304
5501,1978,330
5501,1979,493
5501,1980,563
5501,1981,772
5501,1982,587
5501,1983,276
5501,1984,181
5501,1985,68
5501,1986,190
5501,1987,554
5501,1988,694
5501,1989,143
5501,1990,140
5501,1991,80
5501,1992,326
5501,1993,405
5501,1994,235
5501,1995,376
5501,1996,245
5501,1997,189
5501,1998,302
5501,1999,97
5501,2000,146
5501,2001,238
5501,2002,334
5501,2003,489
5501,2004,484
5501,2005,387
5501,2006,544
5501,2007,430
5501,2008,415
5501,2009,875
5501,2010,529
5501,2011,345
5501,2012,887
5501,2013,251
5501,2014,216
5501,2015,483
5501,2016,1184
5501,2017,1351
5501,2018,1247
5501,2019,1741
5501,2020,2076
5502,2014,0
5502,2015,0
5502,2018,0
5504,1961,75
5504,1962,126
5504,1963,153
5504,1964,174
5504,1965,62
5504,1966,158
5504,1967,227
5504,1968,140
5504,1969,181
5504,1970,160
5504,1971,113
5504,1972,60
5504,1973,117
5504,1974,46
5504,1975,50
5504,1976,10
5504,1977,35
5504,1978,15
5504,1979,5
5504,1980,3
5504,1981,18
5504,1982,0
5504,1983,0
5504,1984,0
5504,1985,11
5504,1986,0
5504,1987,0
5504,1988,0
5504,1989,0
5504,1990,0
5504,1991,0
5504,1992,0
5504,1993,0
5504,1994,0
5504,1995,0
5504,1996,0
5504,1997,0
5504,1998,0
5504,1999,0
5504,2000,0
5504,2001,0
5504,2002,0
5504,2003,0
5504,2004,0
5504,2005,0
5504,2006,0
5504,2007,0
5504,2008,0
5504,2009,0
5504,2010,0
5504,2011,0
5504,2012,0
5504,2013,0
5504,2016,0
5504,2017,0
5504,2018,1
56,1961,70
56,1962,42
56,1963,44
56,1964,75
56,1965,32
56,1966,31
56,1967,11
56,1968,12
56,1969,34
56,1970,20
56,1971,43
56,1972,36
56,1973,159
56,1974,276
56,1975,39
56,1976,36
56,1977,10
56,1978,54
56,1979,66
56,1980,7
56,1981,0
56,1982,5
56,1983,44
56,1984,56
56,1985,132
56,1986,85
56,1987,211
56,1988,347
56,1989,507
56,1990,303
56,1991,730
56,1992,200
56,1993,650
56,1994,350
56,1995,450
56,1996,310
56,1997,130
56,1998,270
56,1999,40
56,2000,35
56,2001,35
56,2002,9
56,2003,16
56,2004,1
56,2005,331
56,2006,0
56,2007,6
56,2008,1
56,2009,0
56,2010,0
56,2011,5
56,2012,41
56,2013,11
56,2014,5
56,2015,4
56,2016,1
56,2017,1
56,2018,1
56,2019,1
56,2020,1
57,1998,63
57,1999,11
57,2000,15
57,2001,0
57,2002,61
57,2003,18
57,2004,103
57,2005,56
57,2006,0
57,2007,0
57,2008,0
57,2009,0
57,2010,0
57,2011,17
57,2012,31
57,2013,169
57,2014,343
57,2015,575
57,2016,31
57,2017,48
57,2018,69
57,2019,19
57,2020,32
5707,1961,11067
5707,1962,11283
5707,1963,14955
5707,1964,19036
5707,1965,31136
5707,1966,26790
5707,1967,40047
5707,1968,44905
5707,1969,49459
5707,1970,51811
5707,1971,67573
5707,1972,66423
5707,1973,80357
5707,1974,62695
5707,1975,62861
5707,1976,73135
5707,1977,83487
5707,1978,81341
5707,1979,82249
5707,1980,85358
5707,1981,94280
5707,1982,100140
5707,1983,107041
5707,1984,110491
5707,1985,99169
5707,1986,110855
5707,1987,112620
5707,1988,109446
5707,1989,113488
5707,1990,115772
5707,1991,113466
5707,1992,122731
5707,1993,174325
5707,1994,211555
5707,1995,240468
5707,1996,245834
5707,1997,263910
5707,1998,261169
5707,1999,251933
5707,2000,210458
5707,2001,186448
5707,2002,202021
5707,2003,206476
5707,2004,211025
5707,2005,226134
5707,2006,227128
5707,2007,258872
5707,2008,281844
5707,2009,277707
5707,2010,287668
5707,2011,267110
5707,2012,264114
5707,2013,273474
5707,2014,265339
5707,2015,277881
5707,2016,271317
5707,2017,287417
5707,2018,281507
5707,2019,305682
5707,2020,308953
58,1994,20
58,1995,0
58,1996,0
58,1997,0
58,1998,0
58,1999,0
58,2000,0
58,2001,0
58,2002,0
58,2003,0
58,2004,0
58,2005,0
58,2006,0
58,2007,0
58,2008,0
58,2009,0
58,2010,0
58,2011,0
58,2012,0
58,2013,0
5801,1961,3359
5801,1962,4053
5801,1963,2655
5801,1964,7392
5801,1965,5537
5801,1966,5123
5801,1967,6687
5801,1968,5453
5801,1969,6163
5801,1970,7902
5801,1971,11547
5801,1972,12802
5801,1973,13094
5801,1974,11604
5801,1975,8492
5801,1976,4860
5801,1977,1651
5801,1978,4133
5801,1979,6167
5801,1980,2040
5801,1981,2056
5801,1982,3457
5801,1983,530
5801,1984,1014
5801,1985,20
5801,1986,337
5801,1987,310
5801,1988,805
5801,1989,2500
5801,1990,4800
5801,1991,4100
5801,1992,2600
5801,1993,2500
5801,1994,2600
5801,1995,2100
5801,1996,1900
5801,1997,1808
5801,1998,602
5801,1999,1068
5801,2000,1042
5801,2001,1913
5801,2002,1915
5801,2003,207
5801,2004,1170
5801,2005,1041
5801,2006,141
5801,2007,153
5801,2008,90
5801,2009,260
5801,2010,708
5801,2011,1234
5801,2012,156
5801,2013,198
5801,2014,1816
5801,2015,551
5801,2016,378
5801,2017,4604
5801,2018,5546
5801,2019,2357
5801,2020,3613
5802,1961,7372
5802,1962,8477
5802,1963,9246
5802,1964,10489
5802,1965,12142
5802,1966,9392
5802,1967,12768
5802,1968,14078
5802,1969,15584
5802,1970,18634
5802,1971,20322
5802,1972,19119
5802,1973,19079
5802,1974,16479
5802,1975,17337
5802,1976,19274
5802,1977,18855
5802,1978,20663
5802,1979,24947
5802,1980,16238
5802,1981,20360
5802,1982,12412
5802,1983,16346
5802,1984,15513
5802,1985,20527
5802,1986,18894
5802,1987,20862
5802,1988,21643
5802,1989,22205
5802,1990,30779
5802,1991,20506
5802,1992,29428
5802,1993,7241
5802,1994,22998
5802,1995,23449
5802,1996,29596
5802,1997,25262
5802,1998,23700
5802,1999,35747
5802,2000,30126
5802,2001,24380
5802,2002,16483
5802,2003,15439
5802,2004,17472
5802,2005,15800
5802,2006,19368
5802,2007,20784
5802,2008,15713
5802,2009,9945
5802,2010,15979
5802,2011,21092
5802,2012,11849
5802,2013,8926
5802,2014,19734
5802,2015,13966
5802,2016,12750
5802,2017,14036
5802,2018,28197
5802,2019,15217
5802,2020,12299
5803,1961,14942
5803,1962,20777
5803,1963,21883
5803,1964,13879
5803,1965,14426
5803,1966,14723
5803,1967,15151
5803,1968,14253
5803,1969,14340
5803,1970,11663
5803,1971,12947
5803,1972,12678
5803,1973,8568
5803,1974,10413
5803,1975,11007
5803,1976,12592
5803,1977,27256
5803,1978,42720
5803,1979,36308
5803,1980,53547
5803,1981,92647
5803,1982,107612
5803,1983,121893
5803,1984,117689
5803,1985,164234
5803,1986,181421
5803,1987,209565
5803,1988,260492
5803,1989,184892
5803,1990,162994
5803,1991,133818
5803,1992,114289
5803,1993,30200
5803,1994,26100
5803,1995,28350
5803,1996,26249
5803,1997,29235
5803,1998,21322
5803,1999,23043
5803,2000,22265
5803,2001,23505
5803,2002,18060
5803,2003,22554
5803,2004,24250
5803,2005,16730
5803,2006,22673
5803,2007,20695
5803,2008,13346
5803,2009,6237
5803,2010,4924
5803,2011,1973
5803,2012,604
5803,2013,1041
5803,2014,778
5803,2015,498
5803,2016,372
5803,2017,308
5803,2018,350
5803,2019,256
5803,2020,223
5815,1961,3358
5815,1962,3895
5815,1963,2404
5815,1964,7400
5815,1965,5537
5815,1966,5152
5815,1967,6713
5815,1968,5485
5815,1969,6182
5815,1970,7943
5815,1971,11551
5815,1972,12887
5815,1973,13177
5815,1974,11735
5815,1975,10551
5815,1976,4981
5815,1977,1833
5815,1978,4347
5815,1979,6206
5815,1980,2412
5815,1981,2528
5815,1982,3948
5815,1983,936
5815,1984,1463
5815,1985,794
5815,1986,1015
5815,1987,714
5815,1988,1201
5815,1989,3538
5815,1990,7198
5815,1991,4490
5815,1992,3716
5815,1993,3837
5815,1994,3647
5815,1995,5862
5815,1996,4657
5815,1997,4209
5815,1998,4019
5815,1999,6593
5815,2000,7677
5815,2001,7105
5815,2002,2666
5815,2003,4754
5815,2004,4198
5815,2005,5451
5815,2006,12094
5815,2007,11960
5815,2008,14232
5815,2009,8704
5815,2010,45635
5815,2011,9798
5815,2012,7736
5815,2013,10629
5815,2014,6946
5815,2015,4735
5815,2016,5631
5815,2017,7272
5815,2018,9280
5815,2019,10350
5815,2020,20143
5817,1961,30974
5817,1962,35004
5817,1963,33856
5817,1964,32831
5817,1965,29516
5817,1966,28120
5817,1967,33446
5817,1968,32180
5817,1969,33494
5817,1970,36045
5817,1971,40190
5817,1972,39904
5817,1973,38522
5817,1974,42070
5817,1975,41086
5817,1976,52532
5817,1977,58405
5817,1978,76234
5817,1979,76774
5817,1980,84685
5817,1981,139957
5817,1982,149028
5817,1983,164018
5817,1984,150208
5817,1985,197271
5817,1986,219550
5817,1987,244157
5817,1988,306456
5817,1989,236579
5817,1990,216064
5817,1991,173962
5817,1992,158526
5817,1993,56895
5817,1994,54453
5817,1995,52331
5817,1996,58309
5817,1997,50574
5817,1998,42928
5817,1999,53558
5817,2000,38328
5817,2001,46498
5817,2002,35943
5817,2003,36049
5817,2004,46132
5817,2005,36276
5817,2006,38431
5817,2007,36489
5817,2008,34019
5817,2009,17295
5817,2010,20325
5817,2011,24289
5817,2012,24232
5817,2013,10992
5817,2014,34411
5817,2015,23348
5817,2016,34208
5817,2017,32467
5817,2018,48670
5817,2019,43156
5817,2020,43696
59,1961,0
59,1962,0
59,1963,0
59,1964,0
59,1965,0
59,1966,0
59,1967,0
59,1968,0
59,1969,0
59,1970,0
59,1971,0
59,1972,0
59,1973,0
59,1974,0
59,1975,0
59,1976,51
59,1977,98
59,1978,0
59,1979,0
59,1980,0
59,1981,0
59,1982,0
59,1983,0
59,1984,0
59,1985,0
59,1986,0
59,1987,0
59,1988,0
59,1989,0
59,1990,0
59,1991,0
59,1992,0
59,1993,0
59,1994,505
59,1995,674
59,1996,1139
59,1997,325
59,1998,142
59,1999,42
59,2000,0
59,2001,0
59,2002,5
59,2003,75
59,2004,2632
59,2005,2600
59,2006,2481
59,2007,2972
59,2008,443
59,2009,456
59,2010,1970
59,2011,2424
59,2012,9858
59,2013,1502
59,2014,13193
59,2015,7712
59,2016,20064
59,2017,16625
59,2018,15752
59,2019,15151
59,2020,24312
60,1996,2
60,1997,0
60,1998,0
60,1999,0
60,2000,0
60,2001,0
60,2002,0
60,2003,0
60,2004,0
60,2005,0
60,2006,0
60,2007,0
60,2008,0
60,2009,0
60,2010,0
60,2011,0
60,2012,0
60,2013,0
60,2015,0
60,2016,0
63,1992,1
63,1993,5
63,1994,24
63,1995,281
63,1996,1
63,2000,1
63,2001,7
63,2002,1
63,2003,1
63,2004,1
63,2005,7
63,2006,1
63,2007,0
63,2008,6
63,2009,14
63,2010,23
63,2011,2
63,2012,5
63,2013,2
63,2014,0
63,2015,3
63,2016,2
63,2017,2
63,2018,3
63,2019,3
63,2020,1
66,2014,0
66,2015,0
66,2018,0
67,1961,6
67,1962,0
67,1963,0
67,1964,0
67,1965,0
67,1966,0
67,1967,0
67,1968,0
67,1969,1
67,1970,20
67,1971,5
67,1972,4
67,1973,14
67,1974,2
67,1975,0
67,1976,0
67,1977,0
67,1978,20
67,1979,0
67,1980,21
67,1981,0
67,1982,0
67,1983,0
67,1984,0
67,1985,0
67,1986,0
67,1987,0
67,1988,0
67,1989,9
67,1990,6
67,1991,42
67,1992,34
67,1993,258
67,1994,634
67,1995,268
67,1996,114
67,1997,66
67,1998,37
67,1999,16
67,2000,17
67,2001,4
67,2002,1
67,2003,0
67,2004,0
67,2005,0
67,2006,0
67,2007,0
67,2008,10
67,2009,0
67,2010,0
67,2011,1
67,2012,7
67,2013,10
67,2014,7
67,2015,3
67,2016,32
67,2017,37
67,2018,41
67,2019,38
67,2020,37
68,1961,682
68,1962,351
68,1963,654
68,1964,539
68,1965,589
68,1966,481
68,1967,1030
68,1968,547
68,1969,2782
68,1970,4349
68,1971,1815
68,1972,1289
68,1973,1127
68,1974,1004
68,1975,690
68,1976,1892
68,1977,784
68,1978,1122
68,1979,1882
68,1980,1569
68,1981,2439
68,1982,2196
68,1983,2227
68,1984,3624
68,1985,2274
68,1986,2655
68,1987,3390
68,1988,2959
68,1989,2819
68,1990,1802
68,1991,7977
68,1992,6935
68,1993,7635
68,1994,6203
68,1995,3679
68,1996,9046
68,1997,10743
68,1998,9934
68,1999,14636
68,2000,9948
68,2001,9291
68,2002,12683
68,2003,14924
68,2004,13306
68,2005,9989
68,2006,8703
68,2007,9096
68,2008,11098
68,2009,4154
68,2010,6332
68,2011,6111
68,2012,7935
68,2013,8556
68,2014,8890
68,2015,11210
68,2016,8476
68,2017,7767
68,2018,5364
68,2019,4488
68,2020,6307
70,2002,0
70,2003,0
70,2004,0
70,2005,0
70,2006,0
70,2007,0
70,2008,0
70,2009,0
70,2010,0
70,2011,0
70,2012,0
70,2013,0
70,2016,0
70,2017,0
70,2018,0
73,2006,2
73,2007,0
73,2008,0
73,2009,3
73,2010,0
73,2011,0
73,2012,22
73,2013,99
73,2014,52
73,2015,94
73,2016,125
73,2017,93
73,2018,71
73,2019,794
73,2020,1190
79,1961,10
79,1962,41
79,1963,17
79,1964,49
79,1965,91
79,1966,18
79,1967,60
79,1968,1567
79,1969,1134
79,1970,977
79,1971,1489
79,1972,2801
79,1973,4636
79,1974,891
79,1975,1563
79,1976,2958
79,1977,2585
79,1978,2518
79,1979,4188
79,1980,5820
79,1981,5383
79,1982,5879
79,1983,9203
79,1984,9152
79,1985,8796
79,1986,9599
79,1987,11137
79,1988,11691
79,1989,12232
79,1990,2411
79,1991,2588
79,1992,1819
79,1993,2197
79,1994,3697
79,1995,5853
79,1996,9295
79,1997,8869
79,1998,6292
79,1999,7039
79,2000,6399
79,2001,7791
79,2002,7519
79,2003,5286
79,2004,4250
79,2005,5388
79,2006,6372
79,2007,6271
79,2008,13943
79,2009,10350
79,2010,15774
79,2011,13011
79,2012,13084
79,2013,13039
79,2014,13225
79,2015,13361
79,2016,13834
79,2017,12534
79,2018,11162
79,2019,10010
79,2020,11197
80,2003,2
80,2004,20
80,2005,5
80,2006,0
80,2007,0
80,2008,0
80,2009,0
80,2010,0
80,2011,11
80,2012,0
80,2013,0
80,2015,1
80,2020,5
81,2017,5
84,1961,0
84,1962,1
84,1963,0
84,1964,1
84,1965,1
84,1966,1
84,1967,0
84,1968,0
84,1969,0
84,1970,0
84,1971,0
84,1972,0
84,1973,0
84,1974,0
84,1975,12
84,1976,0
84,1977,0
84,1978,0
84,1979,0
84,1980,0
84,1981,57
84,1982,35
84,1983,25
84,1984,5
84,1985,440
84,1986,714
84,1987,166
84,1988,1
84,1989,1
84,1990,208
84,1991,930
84,1992,915
84,1993,1198
84,1994,1248
84,1995,1416
84,1996,912
84,1997,1193
84,1998,999
84,1999,804
84,2000,964
84,2001,2118
84,2002,2019
84,2003,2049
84,2004,1038
84,2005,1246
84,2006,1418
84,2007,1672
84,2008,963
84,2009,1178
84,2010,870
84,2011,1978
84,2012,1366
84,2013,2227
84,2014,1483
84,2015,1316
84,2016,1031
84,2017,1435
84,2018,1408
84,2019,988
84,2020,670
86,1961,0
86,1962,0
86,1963,0
86,1964,0
86,1965,0
86,1966,0
86,1967,0
86,1968,0
86,1969,0
86,1970,0
86,1971,0
86,1972,0
86,1973,0
86,1974,0
86,1975,0
86,1976,0
86,1977,0
86,1978,0
86,1979,0
86,1980,0
86,1981,0
86,1982,0
86,1983,0
86,1984,0
86,1985,0
86,1986,0
86,1987,3
86,1988,0
86,1989,0
86,1990,2
86,1991,0
86,1992,0
86,1993,0
86,1994,0
86,1996,0
86,1997,0
86,1998,0
86,1999,0
86,2000,0
86,2001,0
86,2002,0
86,2003,0
86,2004,0
86,2005,0
86,2006,0
86,2007,0
86,2008,0
86,2009,0
86,2010,0
86,2011,0
86,2012,0
86,2013,0
86,2018,0
86,2019,0
89,1999,1
89,2000,12
89,2001,2
89,2002,37
89,2003,6
89,2004,28
89,2005,18
89,2006,8
89,2007,17
89,2008,32
89,2009,72
89,2010,0
89,2011,5
89,2012,4
89,2013,7
89,2014,1
89,2017,0
89,2018,0
9,1961,0
9,1962,64
9,1963,329
9,1964,294
9,1965,0
9,1966,0
9,1967,66
9,1968,97
9,1969,33
9,1970,84
9,1971,3873
9,1972,10897
9,1973,11689
9,1974,18228
9,1975,10355
9,1976,12378
9,1977,17682
9,1978,20515
9,1979,12709
9,1980,13220
9,1981,8776
9,1982,22740
9,1983,22422
9,1984,23001
9,1985,22400
9,1986,28704
9,1987,31569
9,1988,28969
9,1989,25637
9,1990,45881
9,1991,41619
9,1992,45231
9,1993,28402
9,1994,27438
9,1995,36322
9,1996,34339
9,1997,29543
9,1998,27136
9,1999,21391
9,2000,17597
9,2001,23993
9,2002,22891
9,2003,29183
9,2004,30345
9,2005,34103
9,2006,19199
9,2007,28730
9,2008,33374
9,2009,17234
9,2010,10907
9,2011,10192
9,2012,2409
9,2013,1584
9,2014,1015
9,2015,479
9,2016,529
9,2017,699
9,2018,148
9,2019,330
9,2020,552
91,1997,1
91,1998,0
91,2000,1
91,2001,49
91,2002,112
91,2003,1
91,2004,2
91,2005,1
91,2006,3
91,2007,0
91,2008,0
91,2009,0
91,2010,13
91,2011,21
91,2012,0
91,2013,0
91,2017,1
95,1961,0
95,1962,0
95,1963,0
95,1964,0
95,1965,0
95,1966,0
95,1967,0
95,1968,0
95,1969,0
95,1970,0
95,1971,0
95,1972,0
95,1973,0
95,1974,4968
95,1975,8752
95,1976,13210
95,1977,7592
95,1978,7502
95,1979,7116
95,1980,10574
95,1981,11000
95,1982,8661
95,1983,10597
95,1984,11000
95,1985,11000
95,1986,16955
95,1987,12987
95,1988,23107
95,1989,26628
95,1990,19086
95,1991,14878
95,1992,12654
95,1993,18161
95,1994,6214
95,1995,9817
95,1996,15404
95,1997,3381
95,1998,8154
95,1999,5948
95,2000,844
95,2001,10203
95,2002,8839
95,2003,11272
95,2004,13891
95,2005,9648
95,2006,13372
95,2007,14537
95,2008,15477
95,2009,3998
95,2010,1264
95,2011,1264
95,2012,8
95,2013,8
95,2015,47
95,2016,33
95,2017,51
95,2018,16
95,2019,8
95,2020,6
96,1961,0
96,1962,0
96,1963,0
96,1964,0
96,1965,0
96,1966,0
96,1967,0
96,1968,0
96,1969,0
96,1970,0
96,1971,0
96,1972,0
96,1973,0
96,1974,0
96,1975,0
96,1976,0
96,1977,0
96,1978,0
96,1979,0
96,1980,0
96,1981,0
96,1982,1
96,1983,0
96,1984,2
96,1985,9
96,1986,20
96,1987,11
96,1988,24
96,1989,228
96,1990,168
96,1991,496
96,1992,489
96,1993,363
96,1994,521
96,1995,582
96,1996,412
96,1997,315
96,1998,1257
96,1999,1904
96,2000,2438
96,2001,849
96,2002,2272
96,2003,3188
96,2004,1221
96,2005,1353
96,2006,2531
96,2007,1651
96,2008,1644
96,2009,3495
96,2010,4415
96,2011,7125
96,2012,6308
96,2013,6619
96,2014,7687
96,2015,9563
96,2016,11254
96,2017,16264
96,2018,31470
96,2019,21627
96,2020,23906
97,1994,17
97,1995,0
97,1996,0
97,1997,9
97,1998,8
97,1999,0
97,2000,0
97,2001,0
97,2002,15
97,2003,14
97,2004,9
97,2005,877
97,2006,2469
97,2007,2364
97,2008,366
97,2009,0
97,2010,4139
97,2011,2738
97,2012,2597
97,2013,2903
97,2014,2173
97,2015,2234
97,2016,431
97,2017,2242
97,2018,1213
97,2019,2087
97,2020,2881
98,1992,21
98,1993,5
98,1994,2
98,1995,4
98,1996,2
98,1997,11
98,1998,9
98,1999,5
98,2000,6
98,2001,1
98,2002,7
98,2003,3
98,2004,0
98,2005,0
98,2006,0
98,2007,0
98,2008,1
98,2009,1
98,2010,1
98,2011,20
98,2012,0
98,2013,2
98,2014,370
98,2015,224
98,2016,276
98,2017,164
98,2018,179
98,2019,117
98,2020,524
99,2000,0
99,2001,0
99,2002,0
99,2003,0
99,2004,0
99,2005,0
99,2006,0
99,2007,0
99,2008,0
99,2009,0
99,2010,0
99,2011,0
99,2012,0
99,2013,0
99,2014,0
99,2015,0
99,2016,1
99,2018,0
99,2020,0
