geo,year,cbh_groundnut_cake_feed
10,1961,1028
10,1962,737
10,1963,801
10,1964,1119
10,1965,934
10,1966,1566
10,1967,1894
10,1968,1285
10,1969,739
10,1970,2179
10,1971,1309
10,1972,1913
10,1973,1761
10,1974,1742
10,1975,1269
10,1976,1675
10,1977,1686
10,1978,1981
10,1979,2462
10,1980,1543
10,1981,1705
10,1982,2578
10,1983,965
10,1984,2380
10,1985,2384
10,1986,1820
10,1987,2046
10,1988,1671
10,1989,1922
10,1990,1852
10,1991,2529
10,1992,2427
10,1993,2220
10,1994,1489
10,1995,1853
10,1996,1929
10,1997,1931
10,1998,1620
10,1999,2050
10,2000,1783
10,2001,1732
10,2002,2496
10,2003,3013
10,2004,1854
10,2005,1663
10,2006,1634
10,2007,2226
10,2008,1783
10,2009,1302
10,2010,2131
10,2011,1900
10,2012,1617
10,2013,1708
100,1961,1008121
100,1962,858407
100,1963,803126
100,1964,941903
100,1965,535906
100,1966,659292
100,1967,1171448
100,1968,650742
100,1969,980080
100,1970,1078433
100,1971,998667
100,1972,335401
100,1973,929236
100,1974,763456
100,1975,1373554
100,1976,199449
100,1977,1029801
100,1978,1398721
100,1979,1097200
100,1980,1083446
100,1981,1633368
100,1982,1346588
100,1983,1731788
100,1984,1608145
100,1985,1367342
100,1986,1494673
100,1987,1451442
100,1988,1934925
100,1989,1991697
100,1990,2157652
100,1991,2483140
100,1992,2325203
100,1993,1782926
100,1994,2041435
100,1995,1954666
100,1996,2187890
100,1997,1890785
100,1998,2590294
100,1999,1560933
100,2000,1892949
100,2001,2024604
100,2002,1212776
100,2003,2292026
100,2004,1874118
100,2005,2261488
100,2006,1353573
100,2007,2642028
100,2008,2102248
100,2009,1632053
100,2010,2419809
100,2011,2028755
100,2012,2097796
100,2013,1631163
101,1961,7831
101,1962,8095
101,1963,7297
101,1964,8116
101,1965,7362
101,1966,4492
101,1967,6101
101,1968,7456
101,1969,8295
101,1970,8723
101,1971,8745
101,1972,8762
101,1973,8542
101,1974,8672
101,1975,11983
101,1976,11900
101,1977,13399
101,1978,15152
101,1979,13331
101,1980,14815
101,1981,15108
101,1982,25353
101,1983,24677
101,1984,28516
101,1985,20956
101,1986,39430
101,1987,37411
101,1988,28163
101,1989,90437
101,1990,128198
101,1991,154837
101,1992,163129
101,1993,204927
101,1994,209076
101,1995,199272
101,1996,73002
101,1997,84540
101,1998,52005
101,1999,29668
101,2000,23258
101,2001,22308
101,2002,76760
101,2003,32124
101,2004,95731
101,2005,35627
101,2006,34913
101,2007,30141
101,2008,31408
101,2009,31231
101,2010,28222
101,2011,26909
101,2012,26210
101,2013,29271
102,1961,0
102,1962,0
102,1963,0
102,1964,0
102,1965,0
102,1966,0
102,1967,0
102,1968,0
102,1969,0
102,1970,0
102,1971,0
102,1972,0
102,1973,0
102,1974,0
102,1975,0
102,1976,2000
102,1977,8500
102,1978,0
102,1979,4171
102,1980,7682
102,1981,2622
102,1982,0
102,1983,0
102,1984,0
102,1985,26250
102,1986,0
102,1987,0
102,1988,0
102,1989,0
102,1990,0
102,1991,0
102,1992,0
102,1993,0
102,1994,0
102,1995,0
102,1996,0
102,1997,0
102,1998,0
102,1999,0
102,2000,0
102,2001,0
102,2002,0
102,2003,0
102,2004,0
102,2005,0
102,2006,0
102,2007,0
102,2008,0
102,2009,0
102,2010,0
102,2011,0
102,2012,0
102,2013,0
103,1961,10168
103,1962,8559
103,1963,11664
103,1964,11736
103,1965,6931
103,1966,2827
103,1967,3363
103,1968,823
103,1969,1560
103,1970,569
103,1971,4353
103,1972,309
103,1973,491
103,1974,204
103,1975,187
103,1976,194
103,1977,132
103,1978,176
103,1979,147
103,1980,656
103,1981,695
103,1982,746
103,1983,1542
103,1984,1129
103,1985,707
103,1986,354
103,1987,144
103,1988,1930
103,1989,650
103,1990,498
103,1991,267
103,1992,323
103,1993,286
103,1994,775
103,1995,1435
103,1996,2177
103,1997,2467
103,1998,4534
103,1999,4717
103,2000,5458
103,2001,5791
103,2002,6471
103,2003,7624
103,2004,12522
103,2005,13588
103,2006,11761
103,2007,11127
103,2008,3830
103,2009,7871
103,2010,3814
103,2011,4721
103,2012,2171
103,2013,2644
104,1961,17090
104,1962,15553
104,1963,12123
104,1964,8974
104,1965,6830
104,1966,11787
104,1967,5598
104,1968,9563
104,1969,5157
104,1970,9060
104,1971,5183
104,1972,15319
104,1973,11200
104,1974,6952
104,1975,10260
104,1976,24516
104,1977,43067
104,1978,32036
104,1979,107050
104,1980,37174
104,1981,4180
104,1982,19374
104,1983,38631
104,1984,19310
104,1985,11745
104,1986,8077
104,1987,9417
104,1988,10548
104,1989,10483
104,1990,8718
104,1991,727
104,1992,1196
104,1993,2411
104,1994,1197
104,1995,1304
104,1996,808
104,1997,428
104,1998,240
104,1999,202
104,2000,661
104,2001,593
104,2002,932
104,2003,11
104,2004,2025
104,2005,18
104,2006,0
104,2007,328
104,2008,113
104,2009,0
104,2010,22
104,2011,0
104,2012,22
104,2013,13
105,1961,556
105,1962,796
105,1963,26
105,1964,18
105,1965,151
105,1966,44
105,1967,209
105,1968,237
105,1969,265
105,1970,0
105,1971,20
105,1972,229
105,1973,129
105,1974,23
105,1975,0
105,1976,0
105,1977,0
105,1978,0
105,1979,0
105,1980,0
105,1981,0
105,1982,0
105,1983,0
105,1984,0
105,1985,0
105,1986,0
105,1987,0
105,1988,0
105,1989,0
105,1990,0
105,1991,0
105,1992,3850
105,1993,9281
105,1994,1000
105,1995,0
105,1996,0
105,1997,0
105,1998,0
105,1999,0
105,2000,0
105,2001,0
105,2002,0
105,2003,0
105,2004,18
105,2005,44
105,2006,38
105,2007,50
105,2008,67
105,2009,48
105,2010,19
105,2011,0
105,2012,0
105,2013,0
106,1961,41370
106,1962,40895
106,1963,65899
106,1964,50941
106,1965,55687
106,1966,66475
106,1967,53115
106,1968,63510
106,1969,51262
106,1970,52762
106,1971,43293
106,1972,41804
106,1973,57040
106,1974,50671
106,1975,51473
106,1976,73020
106,1977,82331
106,1978,63453
106,1979,61744
106,1980,52466
106,1981,55388
106,1982,59668
106,1983,45573
106,1984,37068
106,1985,18964
106,1986,15829
106,1987,3887
106,1988,12901
106,1989,31605
106,1990,31144
106,1991,19090
106,1992,37100
106,1993,31492
106,1994,8583
106,1995,10897
106,1996,17899
106,1997,24177
106,1998,6180
106,1999,7730
106,2000,2695
106,2001,4400
106,2002,10112
106,2003,4400
106,2004,4500
106,2005,4700
106,2006,4819
106,2007,5040
106,2008,5000
106,2009,5125
106,2010,5011
106,2011,4899
106,2012,4600
106,2013,4700
107,1961,87
107,1962,756
107,1963,145
107,1964,675
107,1965,28
107,1966,1454
107,1967,1455
107,1968,1811
107,1969,2645
107,1970,2736
107,1971,2451
107,1972,2674
107,1973,1288
107,1974,2642
107,1975,3252
107,1976,4092
107,1977,2995
107,1978,3348
107,1979,1854
107,1980,2497
107,1981,2269
107,1982,2639
107,1983,1654
107,1984,1637
107,1985,1698
107,1986,1700
107,1987,2032
107,1988,2022
107,1989,2149
107,1990,2131
107,1991,1978
107,1992,2132
107,1993,2182
107,1994,2172
107,1995,2326
107,1996,2041
107,1997,2159
107,1998,2109
107,1999,2098
107,2000,2234
107,2001,2241
107,2002,1845
107,2003,1887
107,2004,1952
107,2005,2016
107,2006,2077
107,2007,2077
107,2008,2460
107,2009,2587
107,2010,2756
107,2011,2810
107,2012,2866
107,2013,2997
108,1992,0
108,1993,0
108,1994,0
108,1995,14
108,1996,0
108,1997,0
108,1998,2
108,1999,1
108,2000,6
108,2001,0
108,2002,0
108,2003,0
108,2004,0
108,2005,0
108,2006,0
108,2007,0
108,2008,0
108,2009,0
108,2010,0
108,2011,0
108,2012,0
108,2013,0
109,1961,0
109,1962,0
109,1963,0
109,1964,0
109,1965,0
109,1966,0
109,1967,0
109,1968,0
109,1969,0
109,1970,0
109,1971,0
109,1972,0
109,1973,0
109,1974,0
109,1975,0
109,1976,0
109,1977,0
109,1978,0
109,1979,0
109,1980,0
109,1981,0
109,1982,0
109,1983,0
109,1984,0
109,1985,0
109,1986,0
109,1987,0
109,1988,0
109,1989,0
109,1990,0
109,1991,0
109,1992,3101
109,1993,4088
109,1994,792
109,1995,200
109,1996,0
109,1997,0
109,1998,100
109,1999,0
109,2000,0
109,2001,0
109,2002,0
109,2003,0
109,2004,0
109,2005,0
109,2006,0
109,2007,0
109,2008,0
109,2009,0
109,2010,0
109,2011,0
109,2012,0
109,2013,0
11,1961,15160
11,1962,12820
11,1963,14290
11,1964,12750
11,1965,18750
11,1966,14944
11,1967,20047
11,1968,15828
11,1969,15193
11,1970,15614
11,1971,15757
11,1972,16516
11,1973,12285
11,1974,8830
11,1975,11099
11,1976,22223
11,1977,20270
11,1978,12159
11,1979,12917
11,1980,8293
11,1981,816
11,1982,1389
11,1983,0
11,1984,25
11,1985,0
11,1986,0
11,1987,0
11,1988,339
11,1989,65
11,1990,70
11,1991,26
11,1992,23
11,1993,48
11,1994,118
11,1995,0
11,1996,0
11,1997,0
11,1998,0
11,1999,0
11,2000,0
11,2001,0
11,2002,0
11,2003,0
11,2004,1
11,2005,0
11,2006,0
11,2007,0
11,2008,0
11,2009,0
11,2010,0
11,2011,0
11,2012,0
11,2013,0
110,1961,36000
110,1962,38000
110,1963,41050
110,1964,71830
110,1965,47120
110,1966,79671
110,1967,64479
110,1968,75826
110,1969,84139
110,1970,142802
110,1971,123900
110,1972,144976
110,1973,183006
110,1974,119642
110,1975,26471
110,1976,115327
110,1977,42988
110,1978,1416
110,1979,618
110,1980,1136
110,1981,934
110,1982,1456
110,1983,1004
110,1984,884
110,1985,1517
110,1986,914
110,1987,847
110,1988,850
110,1989,719
110,1990,812
110,1991,1191
110,1992,1013
110,1993,600
110,1994,502
110,1995,800
110,1996,500
110,1997,600
110,1998,700
110,1999,700
110,2000,731
110,2001,741
110,2002,1019
110,2003,998
110,2004,904
110,2005,888
110,2006,936
110,2007,842
110,2008,560
110,2009,513
110,2010,543
110,2011,754
110,2012,579
110,2013,534
112,1961,0
112,1962,0
112,1963,0
112,1964,0
112,1965,0
112,1966,0
112,1967,0
112,1968,0
112,1969,0
112,1970,0
112,1971,0
112,1972,0
112,1973,0
112,1974,0
112,1975,0
112,1976,0
112,1977,0
112,1978,0
112,1979,0
112,1980,0
112,1981,0
112,1982,0
112,1983,0
112,1984,0
112,1985,0
112,1986,0
112,1987,0
112,1988,0
112,1989,0
112,1990,0
112,1991,0
112,1992,0
112,1993,0
112,1994,0
112,1995,0
112,1996,0
112,1997,0
112,1998,0
112,1999,0
112,2000,0
112,2001,0
112,2002,0
112,2003,0
112,2004,0
112,2005,0
112,2006,0
112,2007,0
112,2008,0
112,2009,0
112,2010,0
112,2011,0
112,2012,0
112,2013,482
114,1961,0
114,1962,0
114,1963,0
114,1964,425
114,1965,116
114,1966,66
114,1967,43
114,1968,94
114,1969,7
114,1970,45
114,1971,1164
114,1972,137
114,1973,1450
114,1974,48
114,1975,0
114,1976,0
114,1977,0
114,1978,0
114,1979,0
114,1980,0
114,1981,0
114,1982,0
114,1983,0
114,1984,0
114,1985,0
114,1986,0
114,1987,0
114,1988,0
114,1989,0
114,1990,0
114,1991,0
114,1992,0
114,1993,0
114,1994,0
114,1995,0
114,1996,0
114,1997,0
114,1998,0
114,1999,0
114,2000,0
114,2001,0
114,2002,0
114,2003,0
114,2004,0
114,2005,12
114,2006,0
114,2007,0
114,2008,2
114,2009,0
114,2010,0
114,2011,0
114,2012,0
114,2013,0
115,1961,303
115,1962,408
115,1963,172
115,1964,604
115,1965,776
115,1966,669
115,1967,618
115,1968,837
115,1969,644
115,1970,535
115,1971,788
115,1972,458
115,1973,453
115,1974,453
115,1975,457
115,1976,392
115,1977,298
115,1978,192
115,1979,125
115,1980,57
115,1981,181
115,1982,130
115,1983,227
115,1984,68
115,1985,156
115,1986,135
115,1987,108
115,1988,197
115,1989,84
115,1990,117
115,1991,116
115,1992,119
115,1993,148
115,1994,145
115,1995,201
115,1996,190
115,1997,218
115,1998,201
115,1999,298
115,2000,228
115,2001,273
115,2002,300
115,2003,601
115,2004,719
115,2005,779
115,2006,776
115,2007,1015
115,2008,857
115,2009,711
115,2010,727
115,2011,747
115,2012,1330
115,2013,915
116,1961,0
116,1962,0
116,1963,0
116,1964,0
116,1965,0
116,1966,0
116,1967,0
116,1968,0
116,1969,0
116,1970,0
116,1971,0
116,1972,0
116,1973,0
116,1974,0
116,1975,0
116,1976,0
116,1977,0
116,1978,0
116,1979,0
116,1980,0
116,1981,0
116,1982,0
116,1983,3500
116,1984,10600
116,1985,0
116,1986,0
116,1987,0
116,1988,0
116,1989,0
116,1990,0
116,1991,0
116,1992,0
116,1993,0
116,1994,0
116,1995,0
116,1996,0
116,1997,0
116,1998,0
116,1999,0
116,2000,0
116,2001,0
116,2002,0
116,2003,0
116,2004,0
116,2005,0
116,2006,0
116,2007,0
116,2008,0
116,2009,0
116,2010,0
116,2011,0
116,2012,0
116,2013,0
117,1961,146
117,1962,177
117,1963,181
117,1964,181
117,1965,239
117,1966,295
117,1967,362
117,1968,455
117,1969,541
117,1970,584
117,1971,516
117,1972,467
117,1973,351
117,1974,506
117,1975,518
117,1976,573
117,1977,9115
117,1978,1488
117,1979,1930
117,1980,1282
117,1981,1378
117,1982,1168
117,1983,1471
117,1984,1465
117,1985,1678
117,1986,1981
117,1987,3495
117,1988,2325
117,1989,2362
117,1990,2007
117,1991,3544
117,1992,3197
117,1993,2476
117,1994,2595
117,1995,2237
117,1996,2231
117,1997,1508
117,1998,1550
117,1999,1018
117,2000,912
117,2001,948
117,2002,870
117,2003,852
117,2004,953
117,2005,657
117,2006,761
117,2007,1252
117,2008,635
117,2009,844
117,2010,1059
117,2011,816
117,2012,917
117,2013,835
118,1961,104
118,1962,104
118,1963,106
118,1964,110
118,1965,58
118,1966,99
118,1967,100
118,1968,129
118,1969,82
118,1970,110
118,1971,110
118,1972,121
118,1973,143
118,1974,328
118,1975,292
118,1976,346
118,1977,301
118,1978,353
118,1979,421
118,1980,405
118,1981,392
118,1982,382
118,1983,431
118,1984,413
118,1985,429
118,1986,317
118,1987,248
118,1988,304
118,1989,347
118,1990,200
118,1991,20
118,1992,110
118,1993,239
118,1994,274
118,1995,520
118,1996,271
118,1997,484
118,1998,580
118,1999,365
118,2000,167
118,2001,162
118,2002,243
118,2003,192
118,2004,240
118,2005,530
118,2006,659
118,2007,2144
118,2008,549
118,2009,656
118,2010,821
118,2011,1041
118,2012,1371
118,2013,660
119,1992,0
119,1993,0
119,1994,0
119,1995,0
119,1996,0
119,1997,0
119,1998,0
119,1999,0
119,2000,0
119,2001,0
119,2002,0
119,2003,0
119,2004,0
119,2005,0
119,2006,3
119,2007,0
119,2008,0
119,2009,0
119,2010,103
119,2011,0
119,2012,0
119,2013,0
120,1961,163
120,1962,166
120,1963,236
120,1964,198
120,1965,202
120,1966,201
120,1967,219
120,1968,229
120,1969,304
120,1970,333
120,1971,418
120,1972,477
120,1973,513
120,1974,530
120,1975,289
120,1976,570
120,1977,765
120,1978,1127
120,1979,1264
120,1980,1286
120,1981,1418
120,1982,1528
120,1983,1431
120,1984,1555
120,1985,858
120,1986,815
120,1987,1090
120,1988,736
120,1989,996
120,1990,1107
120,1991,540
120,1992,315
120,1993,147
120,1994,274
120,1995,426
120,1996,1668
120,1997,1769
120,1998,2308
120,1999,1960
120,2000,2194
120,2001,2786
120,2002,2788
120,2003,2716
120,2004,3281
120,2005,5417
120,2006,5023
120,2007,5614
120,2008,5516
120,2009,5652
120,2010,6518
120,2011,7394
120,2012,8301
120,2013,8169
121,1961,409
121,1962,373
121,1963,1475
121,1964,1273
121,1965,1672
121,1966,1208
121,1967,470
121,1968,2074
121,1969,0
121,1970,820
121,1971,931
121,1972,1334
121,1973,955
121,1974,2025
121,1975,1845
121,1976,1656
121,1977,916
121,1978,780
121,1979,629
121,1980,2495
121,1981,1038
121,1982,636
121,1983,459
121,1984,228
121,1985,752
121,1986,947
121,1987,1333
121,1988,1904
121,1989,1938
121,1990,2107
121,1991,3309
121,1992,3748
121,1993,3200
121,1994,4266
121,1995,4176
121,1996,3219
121,1997,3648
121,1998,4447
121,1999,4012
121,2000,4209
121,2001,6395
121,2002,3560
121,2003,4496
121,2004,3971
121,2005,7300
121,2006,4598
121,2007,6139
121,2008,5211
121,2009,9336
121,2010,9844
121,2011,13748
121,2012,5776
121,2013,5855
123,1961,0
123,1962,0
123,1963,0
123,1964,0
123,1965,0
123,1966,0
123,1967,0
123,1968,0
123,1969,0
123,1970,0
123,1971,0
123,1972,0
123,1973,0
123,1974,0
123,1975,0
123,1976,0
123,1977,0
123,1978,0
123,1979,0
123,1980,0
123,1981,0
123,1982,0
123,1983,0
123,1984,0
123,1985,0
123,1986,0
123,1987,0
123,1988,0
123,1989,0
123,1990,0
123,1991,0
123,1992,0
123,1993,2200
123,1994,0
123,1995,0
123,1996,0
123,1997,0
123,1998,0
123,1999,0
123,2000,0
123,2001,0
123,2002,0
123,2003,0
123,2004,0
123,2005,0
123,2006,0
123,2007,0
123,2008,0
123,2009,0
123,2010,0
123,2011,0
123,2012,0
123,2013,0
128,1961,0
128,1962,0
128,1963,0
128,1964,0
128,1965,0
128,1966,0
128,1967,0
128,1968,0
128,1969,0
128,1970,57
128,1971,56
128,1972,71
128,1973,159
128,1974,144
128,1975,110
128,1976,2
128,1977,0
128,1978,0
128,1979,0
128,1980,3
128,1981,4
128,1982,3
128,1983,14
128,1984,0
128,1985,3
128,1986,0
128,1987,0
128,1988,11
128,1989,0
128,1990,0
128,1991,0
128,1992,4
128,1993,0
128,1994,0
128,1995,0
128,1996,0
128,1997,0
128,1998,0
128,1999,0
128,2000,0
128,2001,10
128,2002,1
128,2003,0
128,2004,20
128,2005,20
128,2006,0
128,2007,0
128,2008,0
128,2009,0
128,2010,0
128,2011,0
128,2012,0
128,2013,0
129,1961,768
129,1962,846
129,1963,902
129,1964,1658
129,1965,1914
129,1966,1072
129,1967,2088
129,1968,1968
129,1969,2161
129,1970,549
129,1971,36
129,1972,384
129,1973,378
129,1974,1292
129,1975,1022
129,1976,5260
129,1977,2907
129,1978,3361
129,1979,6575
129,1980,3865
129,1981,5670
129,1982,5292
129,1983,5670
129,1984,6048
129,1985,6048
129,1986,6426
129,1987,6426
129,1988,6804
129,1989,6804
129,1990,7104
129,1991,6532
129,1992,4887
129,1993,7896
129,1994,6793
129,1995,7779
129,1996,8648
129,1997,8422
129,1998,8108
129,1999,8299
129,2000,8112
129,2001,7896
129,2002,8076
129,2003,7983
129,2004,7814
129,2005,8911
129,2006,9748
129,2007,6984
129,2008,7700
129,2009,6093
129,2010,6935
129,2011,6801
129,2012,5579
129,2013,2960
130,1961,6200
130,1962,4400
130,1963,4400
130,1964,4910
130,1965,8371
130,1966,7331
130,1967,5986
130,1968,5571
130,1969,6743
130,1970,6987
130,1971,7125
130,1972,8164
130,1973,7514
130,1974,7682
130,1975,8849
130,1976,9282
130,1977,11099
130,1978,12000
130,1979,10800
130,1980,8487
130,1981,11764
130,1982,11279
130,1983,6256
130,1984,7800
130,1985,9000
130,1986,11000
130,1987,9000
130,1988,2986
130,1989,4651
130,1990,4800
130,1991,5400
130,1992,5400
130,1993,6106
130,1994,6000
130,1995,4800
130,1996,6000
130,1997,10800
130,1998,20916
130,1999,22116
130,2000,22200
130,2001,22200
130,2002,22230
130,2003,22230
130,2004,22230
130,2005,22230
130,2006,25230
130,2007,36000
130,2008,36000
130,2009,36015
130,2010,36000
130,2011,36000
130,2012,36000
130,2013,51000
131,1961,0
131,1962,0
131,1963,0
131,1964,0
131,1965,0
131,1966,0
131,1967,0
131,1968,0
131,1969,11301
131,1970,10285
131,1971,12979
131,1972,14457
131,1973,13920
131,1974,13383
131,1975,18018
131,1976,14298
131,1977,21608
131,1978,12409
131,1979,14382
131,1980,24423
131,1981,29170
131,1982,22483
131,1983,20529
131,1984,14911
131,1985,5070
131,1986,27298
131,1987,18575
131,1988,23251
131,1989,47253
131,1990,46058
131,1991,40853
131,1992,46683
131,1993,51157
131,1994,31036
131,1995,15805
131,1996,11896
131,1997,10473
131,1998,8270
131,1999,916
131,2000,0
131,2001,20
131,2002,45
131,2003,21
131,2004,44
131,2005,121
131,2006,0
131,2007,1
131,2008,4
131,2009,20
131,2010,2
131,2011,5
131,2012,715
131,2013,550
133,1961,12934
133,1962,12440
133,1963,33134
133,1964,20949
133,1965,35810
133,1966,26641
133,1967,21120
133,1968,19223
133,1969,26003
133,1970,31518
133,1971,21675
133,1972,20844
133,1973,17333
133,1974,34557
133,1975,55428
133,1976,47611
133,1977,53758
133,1978,40470
133,1979,38792
133,1980,36394
133,1981,34562
133,1982,38174
133,1983,23879
133,1984,12192
133,1985,25536
133,1986,32429
133,1987,28824
133,1988,54048
133,1989,46182
133,1990,55522
133,1991,57922
133,1992,36808
133,1993,42409
133,1994,66328
133,1995,47212
133,1996,38728
133,1997,44584
133,1998,45611
133,1999,60083
133,2000,62118
133,2001,54776
133,2002,65766
133,2003,41452
133,2004,25185
133,2005,27855
133,2006,38568
133,2007,39942
133,2008,50008
133,2009,53262
133,2010,43530
133,2011,119378
133,2012,109590
133,2013,116016
136,1961,72
136,1962,72
136,1963,89
136,1964,90
136,1965,83
136,1966,93
136,1967,91
136,1968,82
136,1969,85
136,1970,677
136,1971,430
136,1972,169
136,1973,178
136,1974,206
136,1975,466
136,1976,588
136,1977,626
136,1978,687
136,1979,102
136,1980,119
136,1981,263
136,1982,412
136,1983,411
136,1984,372
136,1985,421
136,1986,356
136,1987,356
136,1988,786
136,1989,1476
136,1990,455
136,1991,4050
136,1992,379
136,1993,435
136,1994,695
136,1995,567
136,1996,561
136,1997,460
136,1998,489
136,1999,1546
136,2000,554
136,2001,70249
136,2002,15708
136,2003,2272
136,2004,3178
136,2005,448
136,2006,1661
136,2007,11602
136,2008,4699
136,2009,14234
136,2010,7178
136,2011,7025
136,2012,3325
136,2013,1638
137,1961,0
137,1962,0
137,1963,0
137,1964,0
137,1965,0
137,1966,0
137,1967,0
137,1968,0
137,1969,0
137,1970,0
137,1971,371
137,1972,1480
137,1973,931
137,1974,37
137,1975,42
137,1976,445
137,1977,1541
137,1978,1412
137,1979,1400
137,1980,2225
137,1981,1644
137,1982,869
137,1983,670
137,1984,374
137,1985,251
137,1986,286
137,1987,219
137,1988,0
137,1989,0
137,1990,0
137,1991,0
137,1992,0
137,1993,0
137,1994,0
137,1995,0
137,1996,0
137,1997,0
137,1998,0
137,1999,0
137,2000,0
137,2001,0
137,2002,0
137,2003,0
137,2004,0
137,2005,0
137,2006,0
137,2007,0
137,2008,0
137,2009,0
137,2010,0
137,2011,0
137,2012,0
137,2013,18
138,1961,672
138,1962,1512
138,1963,2352
138,1964,2520
138,1965,1960
138,1966,1512
138,1967,1680
138,1968,1680
138,1969,1960
138,1970,1960
138,1971,1960
138,1972,1960
138,1973,1960
138,1974,1960
138,1975,1960
138,1976,1960
138,1977,1960
138,1978,2240
138,1979,2240
138,1980,2800
138,1981,2800
138,1982,14600
138,1983,11400
138,1984,16400
138,1985,14500
138,1986,7500
138,1987,6000
138,1988,7694
138,1989,7857
138,1990,8461
138,1991,6401
138,1992,14069
138,1993,11241
138,1994,17601
138,1995,23478
138,1996,26966
138,1997,17213
138,1998,9867
138,1999,10708
138,2000,10354
138,2001,9018
138,2002,8990
138,2003,8245
138,2004,3686
138,2005,5218
138,2006,7081
138,2007,5604
138,2008,5155
138,2009,5043
138,2010,4167
138,2011,14730
138,2012,19143
138,2013,6733
143,1961,1606
143,1962,1290
143,1963,971
143,1964,3076
143,1965,1329
143,1966,1076
143,1967,1278
143,1968,561
143,1969,461
143,1970,975
143,1971,710
143,1972,2257
143,1973,1783
143,1974,3675
143,1975,5247
143,1976,4115
143,1977,3732
143,1978,6554
143,1979,7492
143,1980,10493
143,1981,12285
143,1982,10780
143,1983,9671
143,1984,12103
143,1985,10044
143,1986,7603
143,1987,10336
143,1988,21071
143,1989,6901
143,1990,7747
143,1991,8967
143,1992,10957
143,1993,10411
143,1994,9848
143,1995,4766
143,1996,5189
143,1997,13988
143,1998,14501
143,1999,14145
143,2000,12356
143,2001,15109
143,2002,14833
143,2003,6462
143,2004,17257
143,2005,17755
143,2006,12940
143,2007,16537
143,2008,14590
143,2009,19959
143,2010,16253
143,2011,13781
143,2012,11724
143,2013,12617
144,1961,6813
144,1962,5051
144,1963,5005
144,1964,7239
144,1965,9533
144,1966,5540
144,1967,11713
144,1968,22061
144,1969,24827
144,1970,19957
144,1971,23179
144,1972,18729
144,1973,21441
144,1974,20437
144,1975,18745
144,1976,12427
144,1977,13261
144,1978,17005
144,1979,10161
144,1980,13145
144,1981,13984
144,1982,12196
144,1983,11835
144,1984,14847
144,1985,14873
144,1986,15344
144,1987,16620
144,1988,17174
144,1989,16980
144,1990,18780
144,1991,22397
144,1992,16399
144,1993,13628
144,1994,14491
144,1995,17743
144,1996,19748
144,1997,21786
144,1998,25304
144,1999,26240
144,2000,22047
144,2001,18161
144,2002,18229
144,2003,12889
144,2004,12289
144,2005,15521
144,2006,11317
144,2007,8401
144,2008,14042
144,2009,12922
144,2010,22861
144,2011,9472
144,2012,12470
144,2013,9133
147,1961,0
147,1962,0
147,1963,0
147,1964,0
147,1965,0
147,1966,0
147,1967,0
147,1968,0
147,1969,0
147,1970,0
147,1971,0
147,1972,0
147,1973,0
147,1974,0
147,1975,0
147,1976,0
147,1977,0
147,1978,0
147,1979,0
147,1980,0
147,1981,0
147,1982,0
147,1983,0
147,1984,0
147,1985,0
147,1986,0
147,1987,0
147,1988,0
147,1989,0
147,1990,0
147,1991,0
147,1992,0
147,1993,0
147,1994,0
147,1995,0
147,1996,0
147,1997,0
147,1998,66
147,1999,75
147,2000,83
147,2001,60
147,2002,34
147,2003,29
147,2004,25
147,2005,25
147,2006,25
147,2007,25
147,2008,0
147,2009,0
147,2010,0
147,2011,0
147,2012,0
147,2013,0
149,1961,0
149,1962,0
149,1963,0
149,1964,0
149,1965,0
149,1966,0
149,1967,0
149,1968,0
149,1969,0
149,1970,0
149,1971,0
149,1972,0
149,1973,0
149,1974,0
149,1975,0
149,1976,0
149,1977,0
149,1978,0
149,1979,0
149,1980,0
149,1981,0
149,1982,0
149,1983,82
149,1984,275
149,1985,174
149,1986,280
149,1987,192
149,1988,192
149,1989,67
149,1990,166
149,1991,240
149,1992,240
149,1993,120
149,1994,0
149,1995,0
149,1996,0
149,1997,0
149,1998,0
149,1999,404
149,2000,0
149,2001,2
149,2002,19
149,2003,6
149,2004,122
149,2005,191
149,2006,333
149,2007,526
149,2008,865
149,2009,1179
149,2010,1122
149,2011,1275
149,2012,1360
149,2013,1886
15,1961,60994
15,1962,66226
15,1963,61829
15,1964,61128
15,1965,53634
15,1966,62789
15,1967,60854
15,1968,53636
15,1969,48135
15,1970,56424
15,1971,68416
15,1972,54872
15,1973,60924
15,1974,22436
15,1975,31221
15,1976,53922
15,1977,61119
15,1978,40569
15,1979,58895
15,1980,59749
15,1981,29692
15,1982,38870
15,1983,51761
15,1984,25061
15,1985,18612
15,1986,22507
15,1987,17858
15,1988,22856
15,1989,15627
15,1990,15884
15,1991,14436
15,1992,25332
15,1993,13289
15,1994,13479
15,1995,21707
15,1996,19798
15,1997,15699
15,1998,5388
15,1999,28475
150,1961,57805
150,1962,48410
150,1963,51032
150,1964,45649
150,1965,29703
150,1966,41339
150,1967,47735
150,1968,51501
150,1969,46448
150,1970,28040
150,1971,28203
150,1972,54622
150,1973,48290
150,1974,66006
150,1975,33748
150,1976,43966
150,1977,34907
150,1978,26253
150,1979,43776
150,1980,51032
150,1981,42335
150,1982,72608
150,1983,105297
150,1984,48154
150,1985,77238
150,1986,75761
150,1987,109967
150,1988,107675
150,1989,36974
150,1990,44045
150,1991,41703
150,1992,43491
150,1993,11292
150,1994,23551
150,1995,43651
150,1996,50147
150,1997,46950
150,1998,74926
150,1999,50118
150,2000,59913
150,2001,81451
150,2002,68992
150,2003,60375
150,2004,61151
150,2005,66880
150,2006,45202
150,2007,47297
150,2008,88406
150,2009,80980
150,2010,71867
150,2011,40157
150,2012,56136
150,2013,75656
154,1992,0
154,1993,0
154,1994,0
154,1995,0
154,1996,0
154,1997,0
154,1998,0
154,1999,0
154,2000,0
154,2001,0
154,2002,24
154,2003,0
154,2004,0
154,2005,0
154,2006,24
154,2007,24
154,2008,0
154,2009,0
154,2010,0
154,2011,0
154,2012,0
154,2013,0
156,1961,0
156,1962,0
156,1963,0
156,1964,0
156,1965,0
156,1966,0
156,1967,0
156,1968,0
156,1969,0
156,1970,0
156,1971,0
156,1972,0
156,1973,0
156,1974,0
156,1975,0
156,1976,0
156,1977,0
156,1978,0
156,1979,0
156,1980,0
156,1981,0
156,1982,0
156,1983,0
156,1984,0
156,1985,0
156,1986,0
156,1987,0
156,1988,0
156,1989,160
156,1990,0
156,1991,0
156,1992,0
156,1993,0
156,1994,0
156,1995,0
156,1996,0
156,1997,0
156,1998,72
156,1999,258
156,2000,130
156,2001,18
156,2002,0
156,2003,0
156,2004,0
156,2005,0
156,2006,0
156,2007,0
156,2008,0
156,2009,0
156,2010,0
156,2011,0
156,2012,0
156,2013,0
157,1961,0
157,1962,0
157,1963,0
157,1964,0
157,1965,0
157,1966,0
157,1967,0
157,1968,0
157,1969,4
157,1970,73
157,1971,182
157,1972,1276
157,1973,1003
157,1974,1747
157,1975,1487
157,1976,1306
157,1977,2034
157,1978,2032
157,1979,2184
157,1980,2548
157,1981,2912
157,1982,1456
157,1983,728
157,1984,182
157,1985,182
157,1986,182
157,1987,182
157,1988,109
157,1989,182
157,1990,22
157,1991,229
157,1992,6
157,1993,1
157,1994,32
157,1995,379
157,1996,287
157,1997,79
157,1998,714
157,1999,1132
157,2000,2387
157,2001,3814
157,2002,3036
157,2003,8084
157,2004,532
157,2005,1215
157,2006,467
157,2007,8658
157,2008,11025
157,2009,10186
157,2010,11949
157,2011,21171
157,2012,13639
157,2013,7382
158,1961,8800
158,1962,9470
158,1963,4396
158,1964,450
158,1965,640
158,1966,893
158,1967,3016
158,1968,4094
158,1969,1488
158,1970,804
158,1971,2538
158,1972,1177
158,1973,2434
158,1974,5714
158,1975,464
158,1976,11018
158,1977,5400
158,1978,16628
158,1979,11464
158,1980,21233
158,1981,17499
158,1982,17986
158,1983,4386
158,1984,9853
158,1985,7999
158,1986,12609
158,1987,11000
158,1988,10268
158,1989,604
158,1990,1500
158,1991,6500
158,1992,10700
158,1993,3100
158,1994,10500
158,1995,16960
158,1996,21424
158,1997,30046
158,1998,18000
158,1999,20057
158,2000,25011
158,2001,22700
158,2002,26999
158,2003,29010
158,2004,31369
158,2005,24262
158,2006,25384
158,2007,18715
158,2008,23411
158,2009,38661
158,2010,36617
158,2011,51561
158,2012,49060
158,2013,36435
159,1961,59328
159,1962,141360
159,1963,121284
159,1964,59146
159,1965,55404
159,1966,9847
159,1967,45509
159,1968,49943
159,1969,81217
159,1970,128267
159,1971,148230
159,1972,152631
159,1973,49618
159,1974,246301
159,1975,67742
159,1976,58653
159,1977,105953
159,1978,153452
159,1979,79273
159,1980,75206
159,1981,93194
159,1982,61154
159,1983,118583
159,1984,94875
159,1985,130892
159,1986,260691
159,1987,201579
159,1988,300639
159,1989,319946
159,1990,330192
159,1991,450241
159,1992,358930
159,1993,340125
159,1994,396800
159,1995,404410
159,1996,479060
159,1997,538415
159,1998,545060
159,1999,555200
159,2000,582345
159,2001,532850
159,2002,568185
159,2003,604960
159,2004,645000
159,2005,694607
159,2006,756649
159,2007,756615
159,2008,704859
159,2009,999859
159,2010,1149859
159,2011,1049951
159,2012,1049951
159,2013,1049951
16,1961,1247
16,1962,1966
16,1963,101
16,1964,2053
16,1965,2063
16,1966,3690
16,1967,8327
16,1968,12729
16,1969,12566
16,1970,13459
16,1971,10133
16,1972,9048
16,1973,9137
16,1974,7463
16,1975,9074
16,1976,6367
16,1977,7676
16,1978,7721
16,1979,7416
16,1980,8360
16,1981,7184
16,1982,7184
16,1983,6842
16,1984,9322
16,1985,8914
16,1986,9624
16,1987,9151
16,1988,13682
16,1989,12714
16,1990,11530
16,1991,9637
16,1992,11915
16,1993,11111
16,1994,11161
16,1995,11217
16,1996,11380
16,1997,11004
16,1998,10894
16,1999,12107
16,2000,8994
16,2001,7386
16,2002,10563
16,2003,10996
16,2004,11718
16,2005,12860
16,2006,10627
16,2007,13149
16,2008,12580
16,2009,13448
16,2010,15515
16,2011,15770
16,2012,15194
16,2013,15023
162,1961,38535
162,1962,60660
162,1963,62115
162,1964,72235
162,1965,52700
162,1966,48634
162,1967,36874
162,1968,38264
162,1969,39096
162,1970,56433
162,1971,23886
162,1972,40566
162,1973,31120
162,1974,3972
162,1975,338
162,1976,1362
162,1977,943
162,1978,1479
162,1979,1546
162,1980,1918
162,1981,1786
162,1982,1571
162,1983,1213
162,1984,1416
162,1985,1842
162,1986,1584
162,1987,1486
162,1988,1382
162,1989,1646
162,1990,2012
162,1991,1510
162,1992,2156
162,1993,3050
162,1994,1804
162,1995,1865
162,1996,1687
162,1997,1739
162,1998,1392
162,1999,2272
162,2000,1394
162,2001,1525
162,2002,1680
162,2003,2167
162,2004,2358
162,2005,2533
162,2006,2837
162,2007,3044
162,2008,3159
162,2009,3045
162,2010,2733
162,2011,6533
162,2012,4319
162,2013,7782
165,1961,3123
165,1962,2983
165,1963,3634
165,1964,3888
165,1965,8689
165,1966,6741
165,1967,2274
165,1968,450
165,1969,12340
165,1970,8686
165,1971,12237
165,1972,9490
165,1973,11833
165,1974,12403
165,1975,13600
165,1976,14003
165,1977,16745
165,1978,9704
165,1979,10674
165,1980,11866
165,1981,15190
165,1982,18082
165,1983,19743
165,1984,15062
165,1985,13169
165,1986,16028
165,1987,10148
165,1988,16072
165,1989,16994
165,1990,18691
165,1991,20109
165,1992,21521
165,1993,20067
165,1994,22228
165,1995,23917
165,1996,24926
165,1997,24135
165,1998,22244
165,1999,21530
165,2000,18830
165,2001,22196
165,2002,18829
165,2003,24859
165,2004,15686
165,2005,14820
165,2006,16126
165,2007,20215
165,2008,20916
165,2009,12332
165,2010,22269
165,2011,24769
165,2012,16466
165,2013,19379
167,1993,16
167,1994,1441
167,1995,1289
167,1996,5355
167,1997,6400
167,1998,4600
167,1999,2978
167,2000,1900
167,2001,1300
167,2002,1200
167,2003,1600
167,2004,1599
167,2005,1700
167,2006,1700
167,2007,1700
167,2008,1700
167,2009,1500
167,2010,1300
167,2011,1800
167,2012,2184
167,2013,1700
169,1961,562
169,1962,457
169,1963,347
169,1964,1735
169,1965,1441
169,1966,1719
169,1967,3921
169,1968,3150
169,1969,2250
169,1970,2088
169,1971,2531
169,1972,1442
169,1973,370
169,1974,1740
169,1975,2080
169,1976,1794
169,1977,3598
169,1978,2574
169,1979,2059
169,1980,1553
169,1981,3747
169,1982,4074
169,1983,1691
169,1984,3394
169,1985,5001
169,1986,3562
169,1987,6459
169,1988,5863
169,1989,3154
169,1990,3888
169,1991,3238
169,1992,6960
169,1993,6856
169,1994,8102
169,1995,5648
169,1996,4770
169,1997,3635
169,1998,5694
169,1999,2798
169,2000,3804
169,2001,3320
169,2002,5398
169,2003,3486
169,2004,4957
169,2005,4762
169,2006,3342
169,2007,3003
169,2008,987
169,2009,972
169,2010,2983
169,2011,546
169,2012,181
169,2013,959
170,1961,0
170,1962,0
170,1963,0
170,1964,0
170,1965,0
170,1966,0
170,1967,0
170,1968,0
170,1969,0
170,1970,0
170,1971,0
170,1972,0
170,1973,0
170,1974,0
170,1975,0
170,1976,0
170,1977,0
170,1978,0
170,1979,0
170,1980,0
170,1981,0
170,1982,0
170,1983,0
170,1984,0
170,1985,0
170,1986,0
170,1987,0
170,1988,0
170,1989,0
170,1990,0
170,1991,0
170,1992,0
170,1993,0
170,1994,0
170,1995,0
170,1996,1
170,1997,0
170,1998,0
170,1999,0
170,2000,0
170,2001,0
170,2002,0
170,2003,0
170,2004,0
170,2005,0
170,2006,0
170,2007,0
170,2008,0
170,2009,0
170,2010,273
170,2011,496
170,2012,150
170,2013,130
171,1961,0
171,1962,0
171,1963,0
171,1964,0
171,1965,0
171,1966,0
171,1967,0
171,1968,0
171,1969,0
171,1970,0
171,1971,0
171,1972,0
171,1973,330
171,1974,3093
171,1975,3096
171,1976,2979
171,1977,4015
171,1978,3619
171,1979,10860
171,1980,4832
171,1981,0
171,1982,909
171,1983,0
171,1984,0
171,1985,150
171,1986,0
171,1987,0
171,1988,0
171,1989,0
171,1990,0
171,1991,0
171,1992,0
171,1993,0
171,1994,630
171,1995,3
171,1996,0
171,1997,0
171,1998,0
171,1999,0
171,2000,0
171,2001,0
171,2002,3
171,2003,6378
171,2004,6195
171,2005,4511
171,2006,6864
171,2007,6187
171,2008,5325
171,2009,2761
171,2010,4619
171,2011,4777
171,2012,2891
171,2013,2423
173,1961,35000
173,1962,76000
173,1963,88000
173,1964,153000
173,1965,120000
173,1966,113000
173,1967,124000
173,1968,215000
173,1969,166000
173,1970,200000
173,1971,189000
173,1972,170000
173,1973,152700
173,1974,175700
173,1975,214000
173,1976,293000
173,1977,145000
173,1978,82003
173,1979,131240
173,1980,130482
173,1981,136048
173,1982,149000
173,1983,101792
173,1984,194089
173,1985,120826
173,1986,132767
173,1987,330199
173,1988,122055
173,1989,155702
173,1990,16100
173,1991,19100
173,1992,1515
173,1993,6627
173,1994,2064
173,1995,393
173,1996,1622
173,1997,356
173,1998,2679
173,1999,2130
173,2000,2120
173,2001,1608
173,2002,2385
173,2003,2385
173,2004,4644
173,2005,2334
173,2006,5054
173,2007,10420
173,2008,8153
173,2009,8668
173,2010,7632
173,2011,14844
173,2012,7395
173,2013,8612
174,1961,15988
174,1962,17938
174,1963,26962
174,1964,17462
174,1965,43669
174,1966,38722
174,1967,44303
174,1968,55138
174,1969,61415
174,1970,29648
174,1971,48951
174,1972,38893
174,1973,30823
174,1974,32714
174,1975,34104
174,1976,54565
174,1977,63474
174,1978,63373
174,1979,54833
174,1980,57816
174,1981,48096
174,1982,42756
174,1983,31291
174,1984,28466
174,1985,13259
174,1986,10622
174,1987,23511
174,1988,37841
174,1989,24669
174,1990,20463
174,1991,24901
174,1992,20421
174,1993,5618
174,1994,13456
174,1995,15517
174,1996,7202
174,1997,5393
174,1998,3491
174,1999,2493
174,2000,4253
174,2001,3342
174,2002,688
174,2003,703
174,2004,824
174,2005,928
174,2006,121
174,2007,1331
174,2008,577
174,2009,1021
174,2010,8489
174,2011,4860
174,2012,2931
174,2013,1417
175,1961,2170
175,1962,2343
175,1963,1989
175,1964,1989
175,1965,2790
175,1966,3213
175,1967,1693
175,1968,1592
175,1969,1616
175,1970,1759
175,1971,753
175,1972,2164
175,1973,2858
175,1974,3907
175,1975,3013
175,1976,4499
175,1977,1737
175,1978,3225
175,1979,3285
175,1980,3343
175,1981,3850
175,1982,1532
175,1983,3867
175,1984,4474
175,1985,5456
175,1986,7603
175,1987,4598
175,1988,2204
175,1989,3664
175,1990,4173
175,1991,4116
175,1992,4275
175,1993,5289
175,1994,5175
175,1995,4862
175,1996,4530
175,1997,5004
175,1998,5308
175,1999,5577
175,2000,5809
175,2001,5451
175,2002,5327
175,2003,5948
175,2004,5586
175,2005,6007
175,2006,6476
175,2007,7200
175,2008,8652
175,2009,9076
175,2010,9704
175,2011,10145
175,2012,13696
175,2013,14000
181,1961,7800
181,1962,6271
181,1963,9810
181,1964,10930
181,1965,10790
181,1966,8798
181,1967,9308
181,1968,8840
181,1969,5252
181,1970,7436
181,1971,5304
181,1972,9880
181,1973,11440
181,1974,11076
181,1975,10249
181,1976,8892
181,1977,10972
181,1978,3848
181,1979,2366
181,1980,3090
181,1981,1241
181,1982,3840
181,1983,3163
181,1984,2080
181,1985,3640
181,1986,5408
181,1987,5162
181,1988,5294
181,1989,5252
181,1990,6847
181,1991,6589
181,1992,4039
181,1993,4586
181,1994,4586
181,1995,3567
181,1996,5096
181,1997,5096
181,1998,5096
181,1999,7644
181,2000,17836
181,2001,12485
181,2002,4179
181,2003,6500
181,2004,8300
181,2005,7500
181,2006,8200
181,2007,12500
181,2008,17600
181,2009,14200
181,2010,15000
181,2011,16900
181,2012,16000
181,2013,16995
183,1961,0
183,1962,0
183,1963,0
183,1964,0
183,1965,0
183,1966,0
183,1967,0
183,1968,0
183,1969,0
183,1970,0
183,1971,4700
183,1972,1200
183,1973,3600
183,1974,5100
183,1975,0
183,1976,0
183,1977,1600
183,1978,0
183,1979,0
183,1980,1000
183,1981,3000
183,1982,2200
183,1983,1200
183,1984,1800
183,1985,0
183,1986,0
183,1987,0
183,1988,0
183,1989,0
183,1990,0
183,1991,0
183,1992,0
183,1993,57139
183,1994,0
183,1995,0
183,1996,0
183,1997,150
183,1998,0
183,1999,0
183,2000,0
183,2001,0
183,2002,0
183,2003,0
183,2004,0
183,2005,1
183,2006,1
183,2007,0
183,2008,0
183,2009,1211
183,2010,0
183,2011,0
183,2012,378
183,2013,0
184,1961,192
184,1962,0
184,1963,192
184,1964,770
184,1965,770
184,1966,385
184,1967,1540
184,1968,1155
184,1969,1155
184,1970,1155
184,1971,1155
184,1972,1155
184,1973,1155
184,1974,1155
184,1975,2310
184,1976,1925
184,1977,1540
184,1978,2310
184,1979,3080
184,1980,3465
184,1981,3658
184,1982,3850
184,1983,3850
184,1984,3850
184,1985,3850
184,1986,3850
184,1987,3850
184,1988,3850
184,1989,2426
184,1990,1155
184,1991,1540
184,1992,1155
184,1993,2426
184,1994,1155
184,1995,1155
184,1996,1204
184,1997,1196
184,1998,1157
184,1999,1155
184,2000,1155
184,2001,1540
184,2002,1566
184,2003,1612
184,2004,1951
184,2005,1546
184,2006,1879
184,2007,2600
184,2008,5815
184,2009,7774
184,2010,4378
184,2011,3404
184,2012,3988
184,2013,2198
185,1992,5500
185,1993,4100
185,1994,0
185,1995,0
185,1996,0
185,1997,0
185,1998,0
185,1999,0
185,2000,0
185,2001,0
185,2002,0
185,2003,0
185,2004,0
185,2005,0
185,2006,0
185,2007,0
185,2008,0
185,2009,0
185,2010,15
185,2011,0
185,2012,0
185,2013,0
186,1992,741
186,1993,0
186,1994,0
186,1995,148
186,1996,870
186,1997,1126
186,1998,1427
186,1999,403
186,2000,864
186,2001,1358
186,2002,2731
186,2003,981
186,2004,3636
186,2005,2627
188,1961,0
188,1962,0
188,1963,0
188,1964,0
188,1965,0
188,1966,0
188,1967,0
188,1968,0
188,1969,0
188,1970,0
188,1971,0
188,1972,0
188,1973,0
188,1974,0
188,1975,33
188,1976,28
188,1977,38
188,1978,33
188,1979,38
188,1980,33
188,1981,33
188,1982,33
188,1983,33
188,1984,33
188,1985,33
188,1986,113
188,1987,38
188,1988,44
188,1989,44
188,1990,33
188,1991,28
188,1992,22
188,1993,11
188,1994,11
188,1995,10
188,1996,16
188,1997,22
188,1998,16
188,1999,14
188,2000,10
188,2001,10
188,2002,10
188,2003,10
188,2004,10
188,2005,10
188,2006,14
188,2007,14
188,2008,11
188,2009,11
188,2010,11
188,2011,11
188,2012,11
188,2013,11
19,1961,0
19,1962,0
19,1963,0
19,1964,0
19,1965,0
19,1966,0
19,1967,0
19,1968,0
19,1969,315
19,1970,315
19,1971,315
19,1972,315
19,1973,630
19,1974,1260
19,1975,1418
19,1976,1260
19,1977,1575
19,1978,1575
19,1979,1575
19,1980,1575
19,1981,1575
19,1982,1575
19,1983,536
19,1984,630
19,1985,630
19,1986,630
19,1987,0
19,1988,2
19,1989,9
19,1990,0
19,1991,0
19,1992,0
19,1993,0
19,1994,0
19,1995,0
19,1996,0
19,1997,0
19,1998,0
19,1999,0
19,2000,1
19,2001,1
19,2002,2
19,2003,1
19,2004,4
19,2005,4
19,2006,2
19,2007,238
19,2008,332
19,2009,555
19,2010,336
19,2011,434
19,2012,368
19,2013,909
191,1961,53
191,1962,53
191,1963,53
191,1964,53
191,1965,53
191,1966,56
191,1967,58
191,1968,58
191,1969,54
191,1970,48
191,1971,54
191,1972,49
191,1973,57
191,1974,14
191,1975,40
191,1976,55
191,1977,27
191,1978,4
191,1979,13
191,1980,1
191,1981,48
191,1982,34
191,1983,5
191,1984,4
191,1985,2
191,1986,23
191,1987,28
191,1988,29
191,1989,34
191,1990,38
191,1991,40
191,1992,39
191,1993,41
191,1994,43
191,1995,85
191,1996,45
191,1997,77
191,1998,58
191,1999,60
191,2000,67
191,2001,68
191,2002,72
191,2003,75
191,2004,89
191,2005,91
191,2006,98
191,2007,93
191,2008,96
191,2009,87
191,2010,78
191,2011,56
191,2012,56
191,2013,65
194,1961,0
194,1962,0
194,1963,0
194,1964,0
194,1965,0
194,1966,0
194,1967,0
194,1968,0
194,1969,0
194,1970,0
194,1971,0
194,1972,0
194,1973,0
194,1974,0
194,1975,0
194,1976,0
194,1977,0
194,1978,0
194,1979,0
194,1980,0
194,1981,0
194,1982,0
194,1983,0
194,1984,0
194,1985,0
194,1986,0
194,1987,0
194,1988,0
194,1989,0
194,1990,0
194,1991,6
194,1992,0
194,1993,5
194,1994,0
194,1995,73
194,1996,0
194,1997,28
194,1998,1675
194,1999,0
194,2000,6005
194,2001,1820
194,2002,1448
194,2003,1598
194,2004,1975
194,2005,2484
194,2006,2266
194,2007,2610
194,2008,1480
194,2009,1883
194,2010,1979
194,2011,3449
194,2012,1771
194,2013,1447
195,1961,5762
195,1962,7151
195,1963,37194
195,1964,7404
195,1965,8728
195,1966,8460
195,1967,8730
195,1968,11879
195,1969,26671
195,1970,15681
195,1971,6208
195,1972,4099
195,1973,6680
195,1974,4717
195,1975,1548
195,1976,1899
195,1977,2118
195,1978,2375
195,1979,3505
195,1980,3000
195,1981,9406
195,1982,1313
195,1983,1276
195,1984,1226
195,1985,1869
195,1986,1695
195,1987,1720
195,1988,2137
195,1989,1915
195,1990,2015
195,1991,15987
195,1992,32839
195,1993,33592
195,1994,44882
195,1995,72357
195,1996,73510
195,1997,104383
195,1998,68045
195,1999,49516
195,2000,61699
195,2001,90621
195,2002,105340
195,2003,94938
195,2004,60706
195,2005,66246
195,2006,77434
195,2007,93584
195,2008,98205
195,2009,163248
195,2010,169207
195,2011,229595
195,2012,133850
195,2013,122451
197,1961,0
197,1962,0
197,1963,0
197,1964,0
197,1965,0
197,1966,0
197,1967,0
197,1968,0
197,1969,0
197,1970,0
197,1971,0
197,1972,0
197,1973,0
197,1974,0
197,1975,0
197,1976,0
197,1977,0
197,1978,0
197,1979,0
197,1980,0
197,1981,0
197,1982,0
197,1983,0
197,1984,0
197,1985,0
197,1986,0
197,1987,0
197,1988,0
197,1989,0
197,1990,0
197,1991,0
197,1992,0
197,1993,0
197,1994,0
197,1995,0
197,1996,0
197,1997,0
197,1998,0
197,1999,0
197,2000,0
197,2001,0
197,2002,5460
197,2003,7280
197,2004,9100
197,2005,10920
197,2006,14560
197,2007,7280
197,2008,7280
197,2009,10920
197,2010,12740
197,2011,12740
197,2012,13468
197,2013,13468
199,1993,231
199,1994,13
199,1995,0
199,1996,0
199,1997,0
199,1998,0
199,1999,330
199,2000,305
199,2001,280
199,2002,280
199,2003,280
199,2004,280
199,2005,280
199,2006,280
199,2007,280
199,2008,200
199,2009,200
199,2010,200
199,2011,200
199,2012,200
199,2013,200
20,1961,406
20,1962,321
20,1963,320
20,1964,364
20,1965,171
20,1966,434
20,1967,537
20,1968,1065
20,1969,1151
20,1970,858
20,1971,920
20,1972,1131
20,1973,1120
20,1974,744
20,1975,311
20,1976,268
20,1977,220
20,1978,387
20,1979,133
20,1980,198
20,1981,331
20,1982,197
20,1983,34
20,1984,125
20,1985,170
20,1986,108
20,1987,152
20,1988,80
20,1989,139
20,1990,159
20,1991,331
20,1992,170
20,1993,295
20,1994,167
20,1995,295
20,1996,164
20,1997,174
20,1998,173
20,1999,113
20,2000,392
20,2001,479
20,2002,288
20,2003,201
20,2004,154
20,2005,184
20,2006,160
20,2007,150
20,2008,332
20,2009,457
20,2010,516
20,2011,163
20,2012,37
20,2013,4
202,1961,5589
202,1962,4140
202,1963,32456
202,1964,15725
202,1965,32081
202,1966,39760
202,1967,45627
202,1968,34411
202,1969,41061
202,1970,42604
202,1971,41247
202,1972,17545
202,1973,3731
202,1974,12865
202,1975,67508
202,1976,82550
202,1977,90846
202,1978,49529
202,1979,44601
202,1980,87706
202,1981,72621
202,1982,21554
202,1983,34030
202,1984,28081
202,1985,40094
202,1986,35900
202,1987,45031
202,1988,82353
202,1989,35300
202,1990,28041
202,1991,47684
202,1992,37778
202,1993,41618
202,1994,38937
202,1995,43478
202,1996,39597
202,1997,28125
202,1998,26765
202,1999,20319
202,2000,20319
202,2001,28129
202,2002,29970
202,2003,21307
202,2004,23958
202,2005,20626
202,2006,18236
202,2007,18446
202,2008,14301
202,2009,19057
202,2010,16222
202,2011,10017
202,2012,8912
202,2013,6917
203,1961,0
203,1962,0
203,1963,0
203,1964,0
203,1965,0
203,1966,0
203,1967,0
203,1968,0
203,1969,0
203,1970,0
203,1971,0
203,1972,0
203,1973,0
203,1974,0
203,1975,0
203,1976,0
203,1977,0
203,1978,0
203,1979,0
203,1980,0
203,1981,0
203,1982,4350
203,1983,16980
203,1984,16526
203,1985,13341
203,1986,21559
203,1987,15653
203,1988,23218
203,1989,18862
203,1990,16778
203,1991,12965
203,1992,6556
203,1993,1864
203,1994,2100
203,1995,0
203,1996,9
203,1997,0
203,1998,0
203,1999,0
203,2000,0
203,2001,0
203,2002,12
203,2003,4
203,2004,1
203,2005,0
203,2006,0
203,2007,0
203,2008,0
203,2009,0
203,2010,20
203,2011,1319
203,2012,334
203,2013,6
206,1961,10377
206,1962,15203
206,1963,11509
206,1964,8423
206,1965,8433
206,1966,8254
206,1967,5919
206,1968,9372
206,1969,12875
206,1970,17613
206,1971,24575
206,1972,22418
206,1973,23805
206,1974,24429
206,1975,25814
206,1976,39144
206,1977,43623
206,1978,42257
206,1979,61509
206,1980,71590
206,1981,84571
206,1982,64834
206,1983,68215
206,1984,62858
206,1985,68428
206,1986,61252
206,1987,56083
206,1988,57526
206,1989,40377
206,1990,38823
206,1991,37152
206,1992,30206
206,1993,18444
206,1994,20969
206,1995,75562
206,1996,75639
206,1997,97757
206,1998,99793
206,1999,112307
206,2000,151182
206,2001,144328
206,2002,170881
206,2003,91126
206,2004,92614
206,2005,26990
206,2006,39271
206,2007,40532
206,2008,51590
206,2009,82366
206,2010,54656
206,2011,119723
21,1961,20028
21,1962,46440
21,1963,5668
21,1964,32947
21,1965,22207
21,1966,2604
21,1967,3948
21,1968,3852
21,1969,2283
21,1970,3852
21,1971,2834
21,1972,3832
21,1973,10980
21,1974,12171
21,1975,19797
21,1976,82576
21,1977,49921
21,1978,50797
21,1979,56734
21,1980,59097
21,1981,53245
21,1982,55997
21,1983,48690
21,1984,64138
21,1985,63899
21,1986,52953
21,1987,55150
21,1988,59246
21,1989,27473
21,1990,20868
21,1991,17487
21,1992,24916
21,1993,26024
21,1994,27685
21,1995,28792
21,1996,30462
21,1997,25470
21,1998,34329
21,1999,32121
21,2000,34346
21,2001,35450
21,2002,37112
21,2003,28796
21,2004,28808
21,2005,38770
21,2006,39905
21,2007,33225
21,2008,44339
21,2009,48172
21,2010,31007
21,2011,27686
21,2012,42748
21,2013,87688
210,1961,36880
210,1962,36920
210,1963,43190
210,1964,44520
210,1965,53750
210,1966,65812
210,1967,46095
210,1968,52034
210,1969,40260
210,1970,43236
210,1971,19909
210,1972,13947
210,1973,1595
210,1974,1878
210,1975,25
210,1976,0
210,1977,0
210,1978,0
210,1979,0
210,1980,0
210,1981,0
210,1982,0
210,1983,0
210,1984,0
210,1985,1
210,1986,0
210,1987,1
210,1988,0
210,1989,1
210,1990,31
210,1991,29
210,1992,0
210,1993,0
210,1994,1
210,1995,0
210,1996,53
210,1997,0
210,1998,0
210,1999,0
210,2000,0
210,2001,0
210,2002,0
210,2003,0
210,2004,0
210,2005,0
210,2006,0
210,2007,0
210,2008,0
210,2009,0
210,2010,0
210,2011,0
210,2012,0
210,2013,7
211,1961,52450
211,1962,46910
211,1963,49720
211,1964,54750
211,1965,52990
211,1966,64310
211,1967,57147
211,1968,57585
211,1969,43525
211,1970,59280
211,1971,53125
211,1972,48075
211,1973,66400
211,1974,47600
211,1975,34600
211,1976,50627
211,1977,29218
211,1978,15499
211,1979,17877
211,1980,11424
211,1981,11922
211,1982,13416
211,1983,15082
211,1984,14932
211,1985,13712
211,1986,16432
211,1987,20657
211,1988,19130
211,1989,17794
211,1990,18520
211,1991,13046
211,1992,7655
211,1993,4545
211,1994,4189
211,1995,3700
211,1996,3099
211,1997,1701
211,1998,2577
211,1999,2675
211,2000,1755
211,2001,1321
211,2002,1500
211,2003,1300
211,2004,1502
211,2005,1550
211,2006,1550
211,2007,1151
211,2008,1139
211,2009,1150
211,2010,1050
211,2011,1170
211,2012,800
211,2013,1300
214,1961,20040
214,1962,18202
214,1963,17341
214,1964,24116
214,1965,22394
214,1966,20901
214,1967,24863
214,1968,21418
214,1969,16307
214,1970,20958
214,1971,12747
214,1972,13609
214,1973,13781
214,1974,13781
214,1975,13379
214,1976,41120
214,1977,49312
214,1978,24073
214,1979,12805
214,1980,12403
214,1981,9819
214,1982,13723
214,1983,9072
214,1984,12920
214,1985,15446
214,1986,11369
214,1987,25609
214,1988,17341
214,1989,10952
214,1990,12572
214,1991,31044
214,1992,37388
214,1993,45719
214,1994,30376
214,1995,28771
214,1996,29612
214,1997,19398
214,1998,24654
214,1999,24196
214,2000,19395
214,2001,15153
214,2002,16663
214,2003,14187
214,2004,23477
214,2005,20921
214,2006,21579
214,2007,17145
214,2008,12556
214,2009,14523
214,2010,11134
214,2011,12858
214,2012,15351
214,2013,17630
215,1961,829
215,1962,159
215,1963,1008
215,1964,1615
215,1965,1989
215,1966,2057
215,1967,1982
215,1968,917
215,1969,1880
215,1970,1847
215,1971,2175
215,1972,2092
215,1973,2532
215,1974,3699
215,1975,3326
215,1976,3742
215,1977,4158
215,1978,4158
215,1979,4574
215,1980,4574
215,1981,4990
215,1982,4990
215,1983,4990
215,1984,4990
215,1985,4990
215,1986,4990
215,1987,4990
215,1988,4990
215,1989,5405
215,1990,5405
215,1991,3024
215,1992,6615
215,1993,10395
215,1994,10395
215,1995,11120
215,1996,11321
215,1997,11234
215,1998,11057
215,1999,10303
215,2000,10272
215,2001,10125
215,2002,9853
215,2003,3384
215,2004,9120
215,2005,9322
215,2006,10080
215,2007,7419
215,2008,5649
215,2009,8460
215,2010,11580
215,2011,9453
215,2012,5728
215,2013,10311
216,1961,6191
216,1962,2091
216,1963,4698
216,1964,1981
216,1965,725
216,1966,25415
216,1967,8071
216,1968,16400
216,1969,8361
216,1970,6066
216,1971,9859
216,1972,20078
216,1973,14278
216,1974,15261
216,1975,16644
216,1976,38486
216,1977,32795
216,1978,12011
216,1979,12128
216,1980,13480
216,1981,10871
216,1982,6789
216,1983,11475
216,1984,16336
216,1985,14396
216,1986,46686
216,1987,83109
216,1988,104361
216,1989,151265
216,1990,155253
216,1991,195458
216,1992,82871
216,1993,116282
216,1994,118549
216,1995,163044
216,1996,132074
216,1997,141240
216,1998,101757
216,1999,45674
216,2000,21658
216,2001,73535
216,2002,65249
216,2003,28139
216,2004,58146
216,2005,39286
216,2006,31797
216,2007,29596
216,2008,34652
216,2009,22864
216,2010,44402
216,2011,22751
216,2012,26137
216,2013,28059
217,1961,0
217,1962,0
217,1963,0
217,1964,0
217,1965,0
217,1966,0
217,1967,0
217,1968,0
217,1969,25
217,1970,350
217,1971,850
217,1972,508
217,1973,778
217,1974,786
217,1975,1265
217,1976,193
217,1977,1448
217,1978,1500
217,1979,1500
217,1980,1500
217,1981,1500
217,1982,1500
217,1983,900
217,1984,500
217,1985,500
217,1986,1000
217,1987,1290
217,1988,1561
217,1989,1555
217,1990,1755
217,1991,1581
217,1992,1670
217,1993,1575
217,1994,1500
217,1995,1284
217,1996,3351
217,1997,1832
217,1998,1614
217,1999,1590
217,2000,1550
217,2001,1560
217,2002,505
217,2003,465
217,2004,483
217,2005,619
217,2006,619
217,2007,511
217,2008,506
217,2009,446
217,2010,503
217,2011,164
217,2012,353
217,2013,1496
220,1961,148
220,1962,330
220,1963,324
220,1964,363
220,1965,275
220,1966,253
220,1967,456
220,1968,385
220,1969,248
220,1970,308
220,1971,341
220,1972,385
220,1973,352
220,1974,358
220,1975,748
220,1976,566
220,1977,572
220,1978,825
220,1979,550
220,1980,550
220,1981,660
220,1982,715
220,1983,715
220,1984,770
220,1985,798
220,1986,770
220,1987,770
220,1988,762
220,1989,345
220,1990,270
220,1991,154
220,1992,770
220,1993,770
220,1994,770
220,1995,770
220,1996,770
220,1997,770
220,1998,770
220,1999,605
220,2000,638
220,2001,632
220,2002,605
220,2003,605
220,2004,605
220,2005,550
220,2006,550
220,2007,550
220,2008,605
220,2009,550
220,2010,550
220,2011,481
220,2012,481
220,2013,275
221,1990,0
221,1991,62
221,1992,496
221,1993,0
221,1994,0
221,1995,0
221,1996,0
221,1997,0
221,1998,0
221,1999,0
221,2000,0
221,2001,0
221,2002,3
221,2003,450
221,2004,127
221,2005,30
221,2006,285
221,2007,136
221,2008,56
221,2009,1358
221,2010,986
221,2011,0
221,2012,0
221,2013,0
223,1961,0
223,1962,0
223,1963,0
223,1964,0
223,1965,0
223,1966,0
223,1967,0
223,1968,0
223,1969,0
223,1970,0
223,1971,0
223,1972,0
223,1973,0
223,1974,0
223,1975,0
223,1976,0
223,1977,0
223,1978,0
223,1979,0
223,1980,0
223,1981,0
223,1982,0
223,1983,0
223,1984,300
223,1985,0
223,1986,0
223,1987,0
223,1988,0
223,1989,0
223,1990,0
223,1991,3
223,1992,2
223,1993,0
223,1994,3
223,1995,5
223,1996,0
223,1997,3
223,1998,4
223,1999,0
223,2000,15
223,2001,2
223,2002,40
223,2003,15
223,2004,55
223,2005,10
223,2006,10
223,2007,10
223,2008,10
223,2009,10
223,2010,10
223,2011,10
223,2012,10
223,2013,10
225,1961,0
225,1962,0
225,1963,0
225,1964,0
225,1965,0
225,1966,0
225,1967,0
225,1968,0
225,1969,0
225,1970,0
225,1971,0
225,1972,0
225,1973,0
225,1974,0
225,1975,0
225,1976,0
225,1977,0
225,1978,0
225,1979,0
225,1980,0
225,1981,0
225,1982,0
225,1983,0
225,1984,0
225,1985,0
225,1986,0
225,1987,0
225,1988,0
225,1989,0
225,1990,0
225,1991,0
225,1992,0
225,1993,0
225,1994,0
225,1995,0
225,1996,0
225,1997,0
225,1998,0
225,1999,0
225,2000,0
225,2001,0
225,2002,7000
225,2003,3000
225,2004,1000
225,2005,3000
225,2006,11500
225,2007,361
225,2008,3398
225,2009,990
225,2010,740
225,2011,527
225,2012,1249
225,2013,906
226,1961,5890
226,1962,6350
226,1963,6532
226,1964,5843
226,1965,6651
226,1966,7630
226,1967,7435
226,1968,4744
226,1969,9977
226,1970,12971
226,1971,14156
226,1972,13431
226,1973,12185
226,1974,11419
226,1975,11162
226,1976,10158
226,1977,11059
226,1978,10749
226,1979,4594
226,1980,4019
226,1981,5168
226,1982,5168
226,1983,5685
226,1984,5857
226,1985,5340
226,1986,6776
226,1987,7005
226,1988,7694
226,1989,8373
226,1990,9072
226,1991,8268
226,1992,8441
226,1993,8785
226,1994,8024
226,1995,8157
226,1996,7175
226,1997,7688
226,1998,8012
226,1999,7789
226,2000,7983
226,2001,8603
226,2002,8522
226,2003,12749
226,2004,12868
226,2005,13037
226,2006,13193
226,2007,13680
226,2008,14712
226,2009,20659
226,2010,18597
226,2011,19542
226,2012,16957
226,2013,19988
228,1961,67592
228,1962,70970
228,1963,72808
228,1964,73186
228,1965,90722
228,1966,66862
228,1967,66762
228,1968,90640
228,1969,77732
228,1970,105070
228,1971,93634
228,1972,128020
228,1973,106656
228,1974,79511
228,1975,72199
228,1976,1350
228,1977,20926
228,1978,2845
228,1979,2106
228,1980,77328
228,1981,133042
228,1982,24242
228,1983,2242
228,1984,1242
228,1985,3350
228,1986,1458
228,1987,734
228,1988,972
228,1989,15472
228,1990,22072
228,1991,972
229,1961,666663
229,1962,725774
229,1963,655600
229,1964,545970
229,1965,511841
229,1966,391879
229,1967,365134
229,1968,393571
229,1969,361895
229,1970,373784
229,1971,292406
229,1972,296563
229,1973,316056
229,1974,160304
229,1975,213109
229,1976,362480
229,1977,241507
229,1978,141767
229,1979,235408
229,1980,75329
229,1981,9098
229,1982,426
229,1983,2616
229,1984,2550
229,1985,306
229,1986,229
229,1987,4192
229,1988,528
229,1989,250
229,1990,296
229,1991,4475
229,1992,1599
229,1993,18634
229,1994,19820
229,1995,1927
229,1996,37691
229,1997,14853
229,1998,27019
229,1999,18628
229,2000,33384
229,2001,23615
229,2002,13845
229,2003,1654
229,2004,7349
229,2005,0
229,2006,0
229,2007,226
229,2008,23
229,2009,23
229,2010,1
229,2011,1
229,2012,5
229,2013,3
230,1992,0
230,1993,0
230,1994,1
230,1995,0
230,1996,0
230,1997,0
230,1998,0
230,1999,0
230,2000,0
230,2001,0
230,2002,0
230,2003,0
230,2004,0
230,2005,265
230,2006,530
230,2007,530
230,2008,530
230,2009,530
230,2010,530
230,2011,530
230,2012,530
230,2013,530
231,1961,69612
231,1962,50483
231,1963,59451
231,1964,70282
231,1965,87406
231,1966,93716
231,1967,105594
231,1968,120810
231,1969,124833
231,1970,110607
231,1971,154380
231,1972,151693
231,1973,163188
231,1974,129273
231,1975,111394
231,1976,256718
231,1977,200735
231,1978,73900
231,1979,76100
231,1980,87300
231,1981,25800
231,1982,92600
231,1983,45900
231,1984,60200
231,1985,100765
231,1986,131500
231,1987,71900
231,1988,98423
231,1989,153184
231,1990,97828
231,1991,93180
231,1992,168127
231,1993,158909
231,1994,103618
231,1995,175840
231,1996,164177
231,1997,130067
231,1998,86142
231,1999,83504
231,2000,101637
231,2001,127354
231,2002,159104
231,2003,105943
231,2004,80331
231,2005,100616
231,2006,116465
231,2007,115064
231,2008,103340
231,2009,86475
231,2010,96122
231,2011,110900
231,2012,97467
231,2013,115855
233,1961,2123
233,1962,1109
233,1963,928
233,1964,1692
233,1965,1799
233,1966,1416
233,1967,1305
233,1968,2156
233,1969,1686
233,1970,1249
233,1971,1308
233,1972,606
233,1973,1808
233,1974,2874
233,1975,2767
233,1976,2201
233,1977,1268
233,1978,1949
233,1979,2549
233,1980,1619
233,1981,2413
233,1982,2201
233,1983,2774
233,1984,2571
233,1985,3924
233,1986,3335
233,1987,1858
233,1988,5480
233,1989,4237
233,1990,4402
233,1991,2967
233,1992,4629
233,1993,6846
233,1994,6607
233,1995,5990
233,1996,7249
233,1997,4934
233,1998,7063
233,1999,6939
233,2000,7763
233,2001,7709
233,2002,10616
233,2003,12028
233,2004,10352
233,2005,7181
233,2006,6660
233,2007,7912
233,2008,9464
233,2009,10892
233,2010,11359
233,2011,10475
233,2012,6088
233,2013,10787
234,1961,6
234,1962,198
234,1963,246
234,1964,137
234,1965,181
234,1966,200
234,1967,197
234,1968,215
234,1969,176
234,1970,160
234,1971,120
234,1972,200
234,1973,80
234,1974,120
234,1975,160
234,1976,239
234,1977,183
234,1978,160
234,1979,194
234,1980,274
234,1981,362
234,1982,388
234,1983,323
234,1984,402
234,1985,438
234,1986,425
234,1987,408
234,1988,557
234,1989,572
234,1990,608
234,1991,639
234,1992,767
234,1993,715
234,1994,760
234,1995,776
234,1996,755
234,1997,710
234,1998,766
234,1999,725
234,2000,781
234,2001,696
234,2002,601
234,2003,620
234,2004,704
234,2005,707
234,2006,731
234,2007,738
234,2008,588
234,2009,718
234,2010,545
234,2011,522
234,2012,1030
234,2013,559
235,1992,4700
235,1993,4361
235,1994,5741
235,1995,4606
235,1996,294
235,1997,377
235,1998,342
235,1999,24
235,2000,0
235,2001,18
235,2002,85
235,2003,209
235,2004,0
235,2005,64
235,2006,0
235,2007,0
235,2008,0
235,2009,0
235,2010,0
235,2011,0
235,2012,0
235,2013,0
236,1961,450
236,1962,670
236,1963,525
236,1964,595
236,1965,700
236,1966,775
236,1967,1070
236,1968,975
236,1969,1350
236,1970,2600
236,1971,4645
236,1972,7325
236,1973,3602
236,1974,12999
236,1975,25778
236,1976,22291
236,1977,4507
236,1978,5302
236,1979,7655
236,1980,3274
236,1981,1311
236,1982,5016
236,1983,1844
236,1984,4632
236,1985,1607
236,1986,2542
236,1987,2760
236,1988,8168
236,1989,3291
236,1990,1580
236,1991,1242
236,1992,2198
236,1993,1913
236,1994,274
236,1995,958
236,1996,601
236,1997,1590
236,1998,2932
236,1999,4112
236,2000,2644
236,2001,2646
236,2002,1792
236,2003,1712
236,2004,3013
236,2005,2300
236,2006,2750
236,2007,2500
236,2008,1950
236,2009,1600
236,2010,1000
236,2011,1000
236,2012,1000
236,2013,1000
237,1961,3886
237,1962,4674
237,1963,4532
237,1964,4987
237,1965,5269
237,1966,5118
237,1967,5607
237,1968,4977
237,1969,5523
237,1970,4663
237,1971,6543
237,1972,6249
237,1973,6388
237,1974,6269
237,1975,4604
237,1976,7228
237,1977,6664
237,1978,6264
237,1979,5856
237,1980,6895
237,1981,7717
237,1982,8671
237,1983,9103
237,1984,11991
237,1985,14810
237,1986,15391
237,1987,16984
237,1988,15792
237,1989,15191
237,1990,15726
237,1991,17470
237,1992,16756
237,1993,22407
237,1994,25648
237,1995,25552
237,1996,27412
237,1997,34718
237,1998,40352
237,1999,37582
237,2000,37626
237,2001,41129
237,2002,43968
237,2003,44788
237,2004,35114
237,2005,36366
237,2006,34584
237,2007,38470
237,2008,40310
237,2009,38477
237,2010,36596
237,2011,35348
237,2012,37685
237,2013,37617
238,1993,1590
238,1994,1590
238,1995,1590
238,1996,2120
238,1997,1590
238,1998,1060
238,1999,2385
238,2000,2650
238,2001,2650
238,2002,2650
238,2003,2650
238,2004,2650
238,2005,2650
238,2006,2708
238,2007,2650
238,2008,2650
238,2009,2703
238,2010,2703
238,2011,3129
238,2012,3659
238,2013,1539
248,1961,438
248,1962,705
248,1963,794
248,1964,2217
248,1965,647
248,1966,1138
248,1967,688
248,1968,477
248,1969,1078
248,1970,1536
248,1971,1698
248,1972,2779
248,1973,11867
248,1974,12319
248,1975,3672
248,1976,5300
248,1977,5713
248,1978,7168
248,1979,6233
248,1980,1646
248,1981,2650
248,1982,3116
248,1983,2350
248,1984,2874
248,1985,1842
248,1986,4434
248,1987,4167
248,1988,4445
248,1989,6956
248,1990,4910
248,1991,2943
249,1961,0
249,1962,0
249,1963,0
249,1964,0
249,1965,0
249,1966,0
249,1967,0
249,1968,0
249,1969,0
249,1970,0
249,1971,0
249,1972,0
249,1973,0
249,1974,0
249,1975,0
249,1976,0
249,1977,0
249,1978,0
249,1979,0
249,1980,0
249,1981,0
249,1982,0
249,1983,0
249,1984,0
249,1985,0
249,1986,0
249,1987,0
249,1988,0
249,1989,0
249,1990,0
249,1991,0
249,1992,0
249,1993,0
249,1994,0
249,1995,0
249,1996,0
249,1997,0
249,1998,0
249,1999,0
249,2000,0
249,2001,0
249,2002,0
249,2003,0
249,2004,6556
249,2005,67
249,2006,0
249,2007,0
249,2008,1074
249,2009,211
249,2010,0
249,2011,40
249,2012,2400
249,2013,0
251,1961,2475
251,1962,2750
251,1963,3750
251,1964,4520
251,1965,2670
251,1966,2258
251,1967,4870
251,1968,3341
251,1969,5337
251,1970,3342
251,1971,3704
251,1972,4111
251,1973,3583
251,1974,6153
251,1975,2320
251,1976,2762
251,1977,5140
251,1978,3207
251,1979,3470
251,1980,1631
251,1981,3615
251,1982,825
251,1983,1100
251,1984,4592
251,1985,1100
251,1986,550
251,1987,1650
251,1988,1650
251,1989,1650
251,1990,2200
251,1991,2700
251,1992,1052
251,1993,2750
251,1994,2890
251,1995,2754
251,1996,2200
251,1997,3820
251,1998,3934
251,1999,3710
251,2000,3850
251,2001,2750
251,2002,2750
251,2003,2750
251,2004,2750
251,2005,2750
251,2006,2750
251,2007,1650
251,2008,2200
251,2009,3850
251,2010,4950
251,2011,4950
251,2012,4950
251,2013,4950
255,2000,14079
255,2001,17627
255,2002,2857
255,2003,3346
255,2004,4025
255,2005,3490
255,2006,3655
255,2007,3595
255,2008,3102
255,2009,165
255,2010,387
255,2011,621
255,2012,2250
255,2013,7199
26,1961,0
26,1962,0
26,1963,0
26,1964,0
26,1965,0
26,1966,0
26,1967,0
26,1968,0
26,1969,0
26,1970,0
26,1971,0
26,1972,0
26,1973,0
26,1974,0
26,1975,0
26,1976,0
26,1977,0
26,1978,0
26,1979,0
26,1980,0
26,1981,0
26,1982,0
26,1983,0
26,1984,0
26,1985,0
26,1986,0
26,1987,0
26,1988,12
26,1989,0
26,1990,0
26,1991,0
26,1992,0
26,1993,0
26,1994,0
26,1995,0
26,1996,0
26,1997,0
26,1998,0
26,1999,0
26,2000,0
26,2001,0
26,2002,0
26,2003,0
26,2004,0
26,2005,0
26,2006,0
26,2007,0
26,2008,0
26,2009,0
26,2010,0
26,2011,0
26,2012,0
26,2013,0
27,1961,2610
27,1962,6001
27,1963,8401
27,1964,20376
27,1965,10782
27,1966,22977
27,1967,14225
27,1968,7936
27,1969,28595
27,1970,16054
27,1971,36118
27,1972,31917
27,1973,16522
27,1974,22422
27,1975,22365
27,1976,22158
27,1977,1476
27,1978,1104
27,1979,1281
27,1980,1328
27,1981,1838
27,1982,1774
27,1983,3295
27,1984,1053
27,1985,1244
27,1986,4579
27,1987,3524
27,1988,2353
27,1989,1488
27,1990,4033
27,1991,3416
27,1992,2873
27,1993,2123
27,1994,2098
27,1995,3173
27,1996,2618
27,1997,3167
27,1998,4398
27,1999,3763
27,2000,4178
27,2001,2908
27,2002,2240
27,2003,1497
27,2004,6305
27,2005,4525
27,2006,7065
27,2007,5454
27,2008,6041
27,2009,4110
27,2010,4347
27,2011,3785
27,2012,3218
27,2013,3628
276,2012,195936
276,2013,200472
28,1961,122
28,1962,744
28,1963,257
28,1964,17339
28,1965,29586
28,1966,35529
28,1967,38291
28,1968,62941
28,1969,74742
28,1970,83596
28,1971,108917
28,1972,59586
28,1973,76472
28,1974,85556
28,1975,114602
28,1976,109055
28,1977,113102
28,1978,122268
28,1979,97021
28,1980,92343
28,1981,123215
28,1982,164164
28,1983,156772
28,1984,148928
28,1985,194966
28,1986,161709
28,1987,158770
28,1988,150535
28,1989,121703
28,1990,98653
28,1991,104619
28,1992,85911
28,1993,74172
28,1994,83447
28,1995,89186
28,1996,117185
28,1997,104872
28,1998,102493
28,1999,109097
28,2000,128482
28,2001,132870
28,2002,138848
28,2003,150039
28,2004,161417
28,2005,168838
28,2006,144911
28,2007,223700
28,2008,262200
28,2009,298000
28,2010,318600
28,2011,327600
28,2012,314700
28,2013,301700
3,1961,0
3,1962,0
3,1963,0
3,1964,0
3,1965,0
3,1966,0
3,1967,0
3,1968,0
3,1969,0
3,1970,0
3,1971,0
3,1972,0
3,1973,0
3,1974,0
3,1975,0
3,1976,0
3,1977,0
3,1978,0
3,1979,0
3,1980,0
3,1981,0
3,1982,0
3,1983,0
3,1984,0
3,1985,0
3,1986,0
3,1987,0
3,1988,0
3,1989,0
3,1990,0
3,1991,0
3,1992,0
3,1993,0
3,1994,0
3,1995,0
3,1996,141
3,1997,53
3,1998,0
3,1999,0
3,2000,30
3,2001,0
3,2002,0
3,2003,48
3,2004,32
3,2005,0
3,2006,15
3,2007,30
3,2008,30
3,2009,25
3,2010,20
3,2011,4
3,2012,15
3,2013,20
32,1961,5710
32,1962,6008
32,1963,6023
32,1964,6003
32,1965,7630
32,1966,7520
32,1967,7500
32,1968,12120
32,1969,12118
32,1970,12000
32,1971,15001
32,1972,15004
32,1973,21000
32,1974,12000
32,1975,7082
32,1976,13500
32,1977,15000
32,1978,13200
32,1979,13500
32,1980,16500
32,1981,12000
32,1982,13500
32,1983,15000
32,1984,14313
32,1985,13715
32,1986,13800
32,1987,11000
32,1988,15000
32,1989,15600
32,1990,16200
32,1991,16800
32,1992,17400
32,1993,11600
32,1994,11400
32,1995,13200
32,1996,16020
32,1997,10285
32,1998,8700
32,1999,10889
32,2000,9400
32,2001,9170
32,2002,8400
32,2003,6500
32,2004,18868
32,2005,18697
32,2006,19523
32,2007,32600
32,2008,40200
32,2009,47200
32,2010,51800
32,2011,54300
32,2012,59190
32,2013,64590
33,1961,0
33,1962,0
33,1963,0
33,1964,0
33,1965,0
33,1966,0
33,1967,0
33,1968,0
33,1969,0
33,1970,0
33,1971,0
33,1972,0
33,1973,0
33,1974,0
33,1975,0
33,1976,0
33,1977,0
33,1978,0
33,1979,0
33,1980,0
33,1981,0
33,1982,0
33,1983,0
33,1984,0
33,1985,0
33,1986,0
33,1987,0
33,1988,930
33,1989,407
33,1990,537
33,1991,680
33,1992,1468
33,1993,713
33,1994,768
33,1995,1364
33,1996,157
33,1997,278
33,1998,626
33,1999,385
33,2000,691
33,2001,1048
33,2002,4029
33,2003,6854
33,2004,2471
33,2005,3905
33,2006,1528
33,2007,2162
33,2008,1860
33,2009,1480
33,2010,1584
33,2011,1408
33,2012,3572
33,2013,2155
35,1961,0
35,1962,0
35,1963,0
35,1964,0
35,1965,0
35,1966,0
35,1967,0
35,1968,0
35,1969,0
35,1970,0
35,1971,0
35,1972,0
35,1973,0
35,1974,0
35,1975,0
35,1976,0
35,1977,0
35,1978,0
35,1979,0
35,1980,0
35,1981,0
35,1982,0
35,1983,0
35,1984,0
35,1985,0
35,1986,0
35,1987,0
35,1988,20
35,1989,20
35,1990,0
35,1991,0
35,1992,0
35,1993,0
35,1994,150
35,1995,0
35,1996,100
35,1997,0
35,1998,0
35,1999,0
35,2000,0
35,2001,0
35,2002,0
35,2003,0
35,2004,0
35,2005,0
35,2006,0
35,2007,0
35,2008,0
35,2009,0
35,2010,0
35,2011,0
35,2012,2
35,2013,0
37,1961,19150
37,1962,19032
37,1963,18943
37,1964,17882
37,1965,17983
37,1966,19451
37,1967,24048
37,1968,22389
37,1969,21071
37,1970,22223
37,1971,22885
37,1972,23219
37,1973,22357
37,1974,34035
37,1975,28097
37,1976,32263
37,1977,32857
37,1978,31954
37,1979,36269
37,1980,37821
37,1981,37035
37,1982,38858
37,1983,37627
37,1984,29942
37,1985,25315
37,1986,30741
37,1987,33423
37,1988,32676
37,1989,34686
37,1990,25854
37,1991,25450
37,1992,26449
37,1993,26467
37,1994,30491
37,1995,27843
37,1996,31794
37,1997,34048
37,1998,32720
37,1999,36195
37,2000,33600
37,2001,39557
37,2002,41280
37,2003,43174
37,2004,45175
37,2005,47241
37,2006,47081
37,2007,50515
37,2008,51578
37,2009,54141
37,2010,46244
37,2011,53229
37,2012,49294
37,2013,53823
38,1961,716
38,1962,1387
38,1963,1786
38,1964,2427
38,1965,1375
38,1966,1810
38,1967,2020
38,1968,1433
38,1969,1635
38,1970,2180
38,1971,1037
38,1972,246
38,1973,473
38,1974,233
38,1975,337
38,1976,294
38,1977,359
38,1978,84
38,1979,55
38,1980,323
38,1981,190
38,1982,88
38,1983,89
38,1984,3136
38,1985,2715
38,1986,2976
38,1987,3309
38,1988,4580
38,1989,1248
38,1990,636
38,1991,1164
38,1992,402
38,1993,519
38,1994,596
38,1995,578
38,1996,598
38,1997,1667
38,1998,751
38,1999,998
38,2000,1081
38,2001,1156
38,2002,1155
38,2003,885
38,2004,1213
38,2005,1382
38,2006,1364
38,2007,1204
38,2008,2347
38,2009,1699
38,2010,1902
38,2011,2277
38,2012,1141
38,2013,805
39,1961,15357
39,1962,16017
39,1963,14929
39,1964,13792
39,1965,15984
39,1966,13011
39,1967,12599
39,1968,13488
39,1969,12420
39,1970,11368
39,1971,10115
39,1972,9176
39,1973,9358
39,1974,10804
39,1975,9875
39,1976,9550
39,1977,11635
39,1978,10502
39,1979,11238
39,1980,11906
39,1981,10921
39,1982,8935
39,1983,9250
39,1984,7847
39,1985,13971
39,1986,12936
39,1987,11533
39,1988,12377
39,1989,16166
39,1990,15488
39,1991,24667
39,1992,26801
39,1993,29066
39,1994,25467
39,1995,37334
39,1996,38219
39,1997,44606
39,1998,44269
39,1999,51967
39,2000,29686
39,2001,43755
39,2002,43804
39,2003,43916
39,2004,43764
39,2005,48297
39,2006,50158
39,2007,45409
39,2008,50265
39,2009,49979
39,2010,54045
39,2011,56312
39,2012,55456
39,2013,51255
4,1961,6037
4,1962,4241
4,1963,3561
4,1964,702
4,1965,3508
4,1966,400
4,1967,922
4,1968,2892
4,1969,3199
4,1970,3992
4,1971,1837
4,1972,203
4,1973,242
4,1974,2247
4,1975,1575
4,1976,1583
4,1977,4810
4,1978,5997
4,1979,0
4,1980,478
4,1981,1052
4,1982,1320
4,1983,1200
4,1984,1155
4,1985,1010
4,1986,1007
4,1987,1132
4,1988,386
4,1989,599
4,1990,4223
4,1991,827
4,1992,11799
4,1993,12035
4,1994,12896
4,1995,17380
4,1996,10548
4,1997,6822
4,1998,2203
4,1999,1680
4,2000,1353
4,2001,8501
4,2002,22933
4,2003,21724
4,2004,21627
4,2005,25794
4,2006,19821
4,2007,21885
4,2008,25265
4,2009,24799
4,2010,15283
4,2011,21942
4,2012,16892
4,2013,21781
40,1961,0
40,1962,0
40,1963,0
40,1964,0
40,1965,0
40,1966,0
40,1967,0
40,1968,0
40,1969,0
40,1970,0
40,1971,0
40,1972,0
40,1973,0
40,1974,0
40,1975,0
40,1976,0
40,1977,0
40,1978,0
40,1979,0
40,1980,0
40,1981,0
40,1982,0
40,1983,0
40,1984,0
40,1985,0
40,1986,0
40,1987,0
40,1988,0
40,1989,0
40,1990,3450
40,1991,1500
40,1992,538
40,1993,131
40,1994,41
40,1995,0
40,1996,0
40,1997,2111
40,1998,20803
40,1999,20500
40,2000,3388
40,2001,912
40,2002,9194
40,2003,7125
40,2004,2146
40,2005,12055
40,2006,17253
40,2007,15784
40,2008,10566
40,2009,12493
40,2010,12846
40,2011,3310
40,2012,14078
40,2013,14107
41,1961,163625
41,1962,168300
41,1963,219725
41,1964,259462
41,1965,273488
41,1966,331925
41,1967,313225
41,1968,278162
41,1969,268812
41,1970,327250
41,1971,336600
41,1972,303205
41,1973,312900
41,1974,345855
41,1975,341245
41,1976,280312
41,1977,301538
41,1978,359975
41,1979,420750
41,1980,522900
41,1981,483800
41,1982,548725
41,1983,529038
41,1984,679350
41,1985,959050
41,1986,681545
41,1987,739753
41,1988,647971
41,1989,677958
41,1990,799585
41,1991,698652
41,1992,882262
41,1993,1329069
41,1994,1625550
41,1995,1715225
41,1996,1820773
41,1997,1808739
41,1998,1946478
41,1999,2071086
41,2000,2199478
41,2001,2419429
41,2002,2709722
41,2003,2452593
41,2004,2702047
41,2005,2643646
41,2006,2597450
41,2007,2382801
41,2008,2347246
41,2009,2424493
41,2010,2594943
41,2011,2568580
41,2012,2564142
41,2013,2492612
44,1961,0
44,1962,0
44,1963,0
44,1964,0
44,1965,0
44,1966,0
44,1967,0
44,1968,0
44,1969,0
44,1970,0
44,1971,0
44,1972,0
44,1973,0
44,1974,0
44,1975,0
44,1976,0
44,1977,0
44,1978,0
44,1979,0
44,1980,0
44,1981,0
44,1982,0
44,1983,0
44,1984,0
44,1985,0
44,1986,0
44,1987,0
44,1988,0
44,1989,0
44,1990,0
44,1991,0
44,1992,0
44,1993,0
44,1994,0
44,1995,0
44,1996,0
44,1997,4
44,1998,6
44,1999,1
44,2000,0
44,2001,0
44,2002,0
44,2003,0
44,2004,0
44,2005,0
44,2006,0
44,2007,0
44,2008,0
44,2009,0
44,2010,0
44,2011,0
44,2012,0
44,2013,0
46,1961,1970
46,1962,2900
46,1963,725
46,1964,982
46,1965,222
46,1966,473
46,1967,1454
46,1968,919
46,1969,1078
46,1970,1658
46,1971,837
46,1972,868
46,1973,186
46,1974,1533
46,1975,768
46,1976,1265
46,1977,501
46,1978,565
46,1979,508
46,1980,340
46,1981,1697
46,1982,1225
46,1983,1728
46,1984,1674
46,1985,1674
46,1986,1890
46,1987,2160
46,1988,2322
46,1989,2484
46,1990,2646
46,1991,2700
46,1992,2700
46,1993,2808
46,1994,2862
46,1995,2700
46,1996,2700
46,1997,2700
46,1998,2700
46,1999,2970
46,2000,2970
46,2001,2970
46,2002,2970
46,2003,2970
46,2004,2972
46,2005,2975
46,2006,2983
46,2007,3240
46,2008,3314
46,2009,3510
46,2010,3618
46,2011,3628
46,2012,3628
46,2013,3618
48,1961,0
48,1962,0
48,1963,0
48,1964,0
48,1965,0
48,1966,0
48,1967,0
48,1968,0
48,1969,0
48,1970,0
48,1971,0
48,1972,0
48,1973,0
48,1974,0
48,1975,0
48,1976,0
48,1977,0
48,1978,0
48,1979,0
48,1980,0
48,1981,0
48,1982,0
48,1983,0
48,1984,0
48,1985,0
48,1986,0
48,1987,0
48,1988,0
48,1989,0
48,1990,0
48,1991,0
48,1992,0
48,1993,0
48,1994,0
48,1995,0
48,1996,0
48,1997,0
48,1998,0
48,1999,195
48,2000,235
48,2001,180
48,2002,0
48,2003,0
48,2004,253
48,2005,0
48,2006,0
48,2007,0
48,2008,0
48,2009,0
48,2010,653
48,2011,1101
48,2012,0
48,2013,145
49,1961,2434
49,1962,3239
49,1963,2490
49,1964,2490
49,1965,2502
49,1966,2375
49,1967,2075
49,1968,2075
49,1969,2075
49,1970,2075
49,1971,2075
49,1972,2075
49,1973,2075
49,1974,2075
49,1975,2075
49,1976,2075
49,1977,2075
49,1978,2075
49,1979,2075
49,1980,2075
49,1981,2075
49,1982,2075
49,1983,2075
49,1984,2075
49,1985,2075
49,1986,2075
49,1987,2075
49,1988,2075
49,1989,2070
49,1990,1711
49,1991,1948
49,1992,1787
49,1993,1926
49,1994,2033
49,1995,2487
49,1996,2371
49,1997,2483
49,1998,2737
49,1999,1396
49,2000,2133
49,2001,1203
49,2002,3639
49,2003,3682
49,2004,3966
49,2005,3810
49,2006,3609
49,2007,1411
49,2008,1193
49,2009,870
49,2010,806
49,2011,725
49,2012,806
49,2013,806
50,1961,0
50,1962,0
50,1963,0
50,1964,0
50,1965,0
50,1966,0
50,1967,0
50,1968,0
50,1969,0
50,1970,0
50,1971,0
50,1972,0
50,1973,0
50,1974,0
50,1975,0
50,1976,0
50,1977,0
50,1978,0
50,1979,150
50,1980,107
50,1981,0
50,1982,0
50,1983,0
50,1984,0
50,1985,0
50,1986,0
50,1987,0
50,1988,0
50,1989,0
50,1990,0
50,1991,0
50,1992,0
50,1993,0
50,1994,0
50,1995,0
50,1996,0
50,1997,0
50,1998,0
50,1999,0
50,2000,0
50,2001,0
50,2002,0
50,2003,0
50,2004,0
50,2005,0
50,2006,0
50,2007,0
50,2008,0
50,2009,0
50,2010,0
50,2011,0
50,2012,0
50,2013,0
5000,1961,3212783
5000,1962,3469731
5000,1963,3628292
5000,1964,3733739
5000,1965,3365932
5000,1966,3520330
5000,1967,4007106
5000,1968,3687783
5000,1969,3814403
5000,1970,4174043
5000,1971,4074372
5000,1972,3318677
5000,1973,3762893
5000,1974,3421103
5000,1975,3885622
5000,1976,3587949
5000,1977,3920451
5000,1978,3780932
5000,1979,3763139
5000,1980,3689587
5000,1981,3733573
5000,1982,3564764
5000,1983,3835141
5000,1984,3751640
5000,1985,3797069
5000,1986,3867050
5000,1987,4051849
5000,1988,4594418
5000,1989,4695875
5000,1990,4783447
5000,1991,5203501
5000,1992,5075862
5000,1993,4937395
5000,1994,5504434
5000,1995,5728168
5000,1996,6057092
5000,1997,5799720
5000,1998,6616708
5000,1999,5568720
5000,2000,6133764
5000,2001,6678609
5000,2002,6334854
5000,2003,6798559
5000,2004,6719025
5000,2005,7012052
5000,2006,6210533
5000,2007,7309967
5000,2008,6801004
5000,2009,6906864
5000,2010,8019122
5000,2011,7718171
5000,2012,7642930
5000,2013,7235386
51,1961,40000
51,1962,27970
51,1963,72940
51,1964,121630
51,1965,96300
51,1966,142119
51,1967,158652
51,1968,171851
51,1969,174000
51,1970,197250
51,1971,219075
51,1972,110000
51,1973,108450
51,1974,90700
51,1975,48400
51,1976,96850
51,1977,76550
51,1978,63700
51,1979,73400
51,1980,32150
51,1981,25400
51,1982,46950
51,1983,57700
51,1984,81300
51,1985,52750
51,1986,31500
51,1987,49300
51,1988,42500
51,1989,10300
51,1990,15900
51,1991,5088
51,1992,4300
5100,1961,209544
5100,1962,295718
5100,1963,348248
5100,1964,224014
5100,1965,260686
5100,1966,205093
5100,1967,256526
5100,1968,268478
5100,1969,334590
5100,1970,384839
5100,1971,398174
5100,1972,372148
5100,1973,271363
5100,1974,515045
5100,1975,385534
5100,1976,416623
5100,1977,484698
5100,1978,485133
5100,1979,414358
5100,1980,487152
5100,1981,509896
5100,1982,392206
5100,1983,430154
5100,1984,398514
5100,1985,466178
5100,1986,621346
5100,1987,557422
5100,1988,740342
5100,1989,668187
5100,1990,666876
5100,1991,834409
5100,1992,747011
5100,1993,730902
5100,1994,832025
5100,1995,933279
5100,1996,1008308
5100,1997,1156156
5100,1998,1152793
5100,1999,1199213
5100,2000,1264667
5100,2001,1338108
5100,2002,1492662
5100,2003,1356662
5100,2004,1363704
5100,2005,1366908
5100,2006,1501655
5100,2007,1452358
5100,2008,1499821
5100,2009,1961036
5100,2010,2086249
5100,2011,2228960
5100,2012,2124679
5100,2013,2171837
5101,1961,32087
5101,1962,26947
5101,1963,32719
5101,1964,38890
5101,1965,43989
5101,1966,36787
5101,1967,46821
5101,1968,49547
5101,1969,57782
5101,1970,54424
5101,1971,58518
5101,1972,59659
5101,1973,63007
5101,1974,63298
5101,1975,59689
5101,1976,55896
5101,1977,62867
5101,1978,59015
5101,1979,49390
5101,1980,49606
5101,1981,59004
5101,1982,56379
5101,1983,52789
5101,1984,52039
5101,1985,56792
5101,1986,70530
5101,1987,70822
5101,1988,66342
5101,1989,68501
5101,1990,71793
5101,1991,73410
5101,1992,65478
5101,1993,58162
5101,1994,55924
5101,1995,58665
5101,1996,63512
5101,1997,71632
5101,1998,84644
5101,1999,89641
5101,2000,96105
5101,2001,86410
5101,2002,78055
5101,2003,72747
5101,2004,79972
5101,2005,83479
5101,2006,85105
5101,2007,91884
5101,2008,106370
5101,2009,112676
5101,2010,123004
5101,2011,109651
5101,2012,105331
5101,2013,119092
5102,1961,42547
5102,1962,47266
5102,1963,43776
5102,1964,40016
5102,1965,43972
5102,1966,42989
5102,1967,47371
5102,1968,51026
5102,1969,47499
5102,1970,47512
5102,1971,51467
5102,1972,49518
5102,1973,53271
5102,1974,59783
5102,1975,48604
5102,1976,59064
5102,1977,62553
5102,1978,58238
5102,1979,64553
5102,1980,71253
5102,1981,65246
5102,1982,64800
5102,1983,66828
5102,1984,56774
5102,1985,57701
5102,1986,62707
5102,1987,61356
5102,1988,64831
5102,1989,71405
5102,1990,63012
5102,1991,72415
5102,1992,76533
5102,1993,72981
5102,1994,73622
5102,1995,83668
5102,1996,92392
5102,1997,94954
5102,1998,91857
5102,1999,103966
5102,2000,78230
5102,2001,100179
5102,2002,109605
5102,2003,108907
5102,2004,117681
5102,2005,125975
5102,2006,127059
5102,2007,140337
5102,2008,157340
5102,2009,169397
5102,2010,170836
5102,2011,197340
5102,2012,171784
5102,2013,211088
5103,1961,18020
5103,1962,21984
5103,1963,17291
5103,1964,13451
5103,1965,14520
5103,1966,9730
5103,1967,8119
5103,1968,12825
5103,1969,17535
5103,1970,22580
5103,1971,27122
5103,1972,24878
5103,1973,25830
5103,1974,30351
5103,1975,32636
5103,1976,44842
5103,1977,52165
5103,1978,54808
5103,1979,69001
5103,1980,82561
5103,1981,97908
5103,1982,76934
5103,1983,79086
5103,1984,76116
5103,1985,80982
5103,1986,69862
5103,1987,67551
5103,1988,81483
5103,1989,47877
5103,1990,50793
5103,1991,46946
5103,1992,52962
5103,1993,53390
5103,1994,54503
5103,1995,110208
5103,1996,103876
5103,1997,133567
5103,1998,144030
5103,1999,158132
5103,2000,194891
5103,2001,197938
5103,2002,238647
5103,2003,149312
5103,2004,161546
5103,2005,101269
5103,2006,102886
5103,2007,103933
5103,2008,113924
5103,2009,147166
5103,2010,108692
5103,2011,177916
5103,2012,247552
5103,2013,257851
5104,1961,5995
5104,1962,4461
5104,1963,32776
5104,1964,16089
5104,1965,32252
5104,1966,40194
5104,1967,46164
5104,1968,35476
5104,1969,42212
5104,1970,43462
5104,1971,42167
5104,1972,18676
5104,1973,4851
5104,1974,13609
5104,1975,67819
5104,1976,82818
5104,1977,91066
5104,1978,49916
5104,1979,44734
5104,1980,87904
5104,1981,72952
5104,1982,21751
5104,1983,34064
5104,1984,28206
5104,1985,40264
5104,1986,36008
5104,1987,45183
5104,1988,82433
5104,1989,35439
5104,1990,28200
5104,1991,48015
5104,1992,37948
5104,1993,41913
5104,1994,39104
5104,1995,43773
5104,1996,39761
5104,1997,28299
5104,1998,27004
5104,1999,20507
5104,2000,20794
5104,2001,28668
5104,2002,30292
5104,2003,21537
5104,2004,24137
5104,2005,20835
5104,2006,18421
5104,2007,18621
5104,2008,14633
5104,2009,19514
5104,2010,16738
5104,2011,10180
5104,2012,8949
5104,2013,6921
5105,1961,110895
5105,1962,195060
5105,1963,221686
5105,1964,115568
5105,1965,125953
5105,1966,75393
5105,1967,108051
5105,1968,119604
5105,1969,169562
5105,1970,216861
5105,1971,218900
5105,1972,219417
5105,1973,124404
5105,1974,348004
5105,1975,176786
5105,1976,174003
5105,1977,216047
5105,1978,263156
5105,1979,186680
5105,1980,195828
5105,1981,214786
5105,1982,172342
5105,1983,197387
5105,1984,185379
5105,1985,230439
5105,1986,382239
5105,1987,312510
5105,1988,445253
5105,1989,444965
5105,1990,453078
5105,1991,593623
5105,1992,514090
5105,1993,504456
5105,1994,608872
5105,1995,636965
5105,1996,708767
5105,1997,827704
5105,1998,805258
5105,1999,826967
5105,2000,874647
5105,2001,924913
5105,2002,1036063
5105,2003,1004159
5105,2004,980368
5105,2005,1035350
5105,2006,1168184
5105,2007,1097583
5105,2008,1107554
5105,2009,1512283
5105,2010,1666979
5105,2011,1733873
5105,2012,1591063
5105,2013,1576885
5200,1961,95392
5200,1962,106609
5200,1963,77816
5200,1964,126053
5200,1965,142420
5200,1966,111751
5200,1967,129279
5200,1968,140406
5200,1969,171455
5200,1970,181527
5200,1971,237161
5200,1972,268479
5200,1973,247200
5200,1974,249809
5200,1975,240204
5200,1976,434548
5200,1977,305659
5200,1978,250263
5200,1979,199919
5200,1980,207590
5200,1981,111689
5200,1982,226413
5200,1983,157454
5200,1984,212269
5200,1985,220660
5200,1986,251197
5200,1987,201404
5200,1988,213709
5200,1989,241223
5200,1990,167362
5200,1991,182735
5200,1992,257704
5200,1993,219019
5200,1994,191472
5200,1995,258364
5200,1996,288159
5200,1997,205107
5200,1998,227014
5200,1999,195464
5200,2000,232064
5200,2001,275978
5200,2002,286611
5200,2003,224561
5200,2004,199602
5200,2005,261844
5200,2006,273518
5200,2007,269426
5200,2008,266449
5200,2009,293190
5200,2010,226265
5200,2011,238742
5200,2012,267880
5200,2013,321535
5203,1961,69612
5203,1962,50483
5203,1963,59451
5203,1964,70282
5203,1965,87406
5203,1966,93716
5203,1967,105594
5203,1968,120810
5203,1969,124833
5203,1970,110607
5203,1971,154380
5203,1972,151693
5203,1973,163188
5203,1974,129273
5203,1975,111394
5203,1976,256718
5203,1977,200735
5203,1978,73900
5203,1979,76100
5203,1980,87300
5203,1981,25800
5203,1982,92600
5203,1983,45900
5203,1984,60200
5203,1985,100765
5203,1986,131500
5203,1987,71900
5203,1988,99353
5203,1989,153591
5203,1990,98365
5203,1991,93860
5203,1992,169595
5203,1993,159622
5203,1994,104386
5203,1995,177204
5203,1996,164334
5203,1997,130345
5203,1998,86768
5203,1999,83889
5203,2000,102328
5203,2001,128402
5203,2002,163133
5203,2003,112797
5203,2004,82802
5203,2005,104521
5203,2006,117993
5203,2007,117226
5203,2008,105200
5203,2009,87955
5203,2010,97706
5203,2011,112308
5203,2012,101039
5203,2013,118010
5204,1961,672
5204,1962,1512
5204,1963,2352
5204,1964,2520
5204,1965,1960
5204,1966,1512
5204,1967,1680
5204,1968,1680
5204,1969,1964
5204,1970,2033
5204,1971,2142
5204,1972,3236
5204,1973,2963
5204,1974,3707
5204,1975,3447
5204,1976,3266
5204,1977,3994
5204,1978,4272
5204,1979,4424
5204,1980,5348
5204,1981,5712
5204,1982,16056
5204,1983,12128
5204,1984,16582
5204,1985,14682
5204,1986,7682
5204,1987,6182
5204,1988,7803
5204,1989,8039
5204,1990,8483
5204,1991,6630
5204,1992,14075
5204,1993,11677
5204,1994,18085
5204,1995,24314
5204,1996,29508
5204,1997,19431
5204,1998,11714
5204,1999,13904
5204,2000,15602
5204,2001,24370
5204,2002,20027
5204,2003,24438
5204,2004,19496
5204,2005,25991
5204,2006,28559
5204,2007,23201
5204,2008,23126
5204,2009,26694
5204,2010,27534
5204,2011,43047
5204,2012,45840
5204,2013,32526
5206,1961,2904
5206,1962,3785
5206,1963,4456
5206,1964,3406
5206,1965,13203
5206,1966,5849
5206,1967,10040
5206,1968,5798
5206,1969,17624
5206,1970,9485
5206,1971,21032
5206,1972,27167
5206,1973,27775
5206,1974,23313
5206,1975,20789
5206,1976,17731
5206,1977,20815
5206,1978,29616
5206,1979,15982
5206,1980,19226
5206,1981,15462
5206,1982,15981
5206,1983,16203
5206,1984,20245
5206,1985,17907
5206,1986,19585
5206,1987,18706
5206,1988,16509
5206,1989,25677
5206,1990,18615
5206,1991,19445
5206,1992,11803
5206,1993,8366
5206,1994,3919
5206,1995,6124
5206,1996,4695
5206,1997,4412
5206,1998,6495
5206,1999,4988
5206,2000,4173
5206,2001,3409
5206,2002,6301
5206,2003,5925
5206,2004,6280
5206,2005,6124
5206,2006,5896
5206,2007,3987
5206,2008,3509
5206,2009,3993
5206,2010,3684
5206,2011,3562
5206,2012,3490
5206,2013,3799
5207,1961,22204
5207,1962,50829
5207,1963,11557
5207,1964,49845
5207,1965,39851
5207,1966,10674
5207,1967,11965
5207,1968,12118
5207,1969,27034
5207,1970,59402
5207,1971,59607
5207,1972,86383
5207,1973,53274
5207,1974,93516
5207,1975,104574
5207,1976,156833
5207,1977,80115
5207,1978,142475
5207,1979,103413
5207,1980,95716
5207,1981,64715
5207,1982,101776
5207,1983,83223
5207,1984,115242
5207,1985,87306
5207,1986,92430
5207,1987,104616
5207,1988,90044
5207,1989,53916
5207,1990,41899
5207,1991,62800
5207,1992,62231
5207,1993,39354
5207,1994,65082
5207,1995,50722
5207,1996,89622
5207,1997,50919
5207,1998,122037
5207,1999,92683
5207,2000,109961
5207,2001,119797
5207,2002,97150
5207,2003,81401
5207,2004,91024
5207,2005,125208
5207,2006,121070
5207,2007,125012
5207,2008,134614
5207,2009,174548
5207,2010,97341
5207,2011,79825
5207,2012,117511
5207,2013,167200
53,1961,0
53,1962,0
53,1963,0
53,1964,0
53,1965,0
53,1966,0
53,1967,0
53,1968,0
53,1969,540
53,1970,540
53,1971,540
53,1972,540
53,1973,540
53,1974,1620
53,1975,2160
53,1976,2700
53,1977,2700
53,1978,4320
53,1979,4860
53,1980,5400
53,1981,5400
53,1982,4860
53,1983,4320
53,1984,4860
53,1985,5400
53,1986,5940
53,1987,5940
53,1988,6480
53,1989,6480
53,1990,5400
53,1991,6480
53,1992,6502
53,1993,6617
53,1994,7115
53,1995,11920
53,1996,6080
53,1997,11900
53,1998,11900
53,1999,11880
53,2000,11899
53,2001,11917
53,2002,11940
53,2003,11903
53,2004,11904
53,2005,11880
53,2006,11880
53,2007,12005
53,2008,10800
53,2009,10800
53,2010,10800
53,2011,10800
53,2012,11120
53,2013,10800
5300,1961,1262751
5300,1962,1115432
5300,1963,1117407
5300,1964,1352222
5300,1965,944006
5300,1966,1179927
5300,1967,1650047
5300,1968,1137318
5300,1969,1487497
5300,1970,1710109
5300,1971,1649556
5300,1972,928573
5300,1973,1583490
5300,1974,1399280
5300,1975,1950305
5300,1976,846551
5300,1977,1660029
5300,1978,1977533
5300,1979,1711933
5300,1980,1811195
5300,1981,2344294
5300,1982,2168808
5300,1983,2529289
5300,1984,2565534
5300,1985,2649508
5300,1986,2512472
5300,1987,2561718
5300,1988,2973602
5300,1989,3149499
5300,1990,3455004
5300,1991,3768667
5300,1992,3696741
5300,1993,3683559
5300,1994,4219049
5300,1995,4246098
5300,1996,4450697
5300,1997,4143306
5300,1998,4917061
5300,1999,3927700
5300,2000,4372159
5300,2001,4780077
5300,2002,4319293
5300,2003,5080362
5300,2004,5018079
5300,2005,5275982
5300,2006,4294972
5300,2007,5440337
5300,2008,4897669
5300,2009,4523718
5300,2010,5526740
5300,2011,5105539
5300,2012,5146371
5300,2013,4601275
5301,1992,4700
5301,1993,4361
5301,1994,5741
5301,1995,4620
5301,1996,294
5301,1997,377
5301,1998,344
5301,1999,25
5301,2000,6
5301,2001,18
5301,2002,85
5301,2003,209
5301,2004,0
5301,2005,64
5301,2006,0
5301,2007,0
5301,2008,0
5301,2009,0
5301,2010,0
5301,2011,0
5301,2012,0
5301,2013,0
5302,1961,219811
5302,1962,224679
5302,1963,278297
5302,1964,355589
5302,1965,343241
5302,1966,432792
5302,1967,402929
5302,1968,375861
5302,1969,369799
5302,1970,491651
5302,1971,473819
5302,1972,462328
5302,1973,510197
5302,1974,479928
5302,1975,381723
5302,1976,437334
5302,1977,402953
5302,1978,386952
5302,1979,436103
5302,1980,537724
5302,1981,495935
5302,1982,565075
5302,1983,544099
5302,1984,705219
5302,1985,977694
5302,1986,695809
5302,1987,769704
5302,1988,676966
5302,1989,696915
5302,1990,818412
5302,1991,736817
5302,1992,928447
5302,1993,1382204
5302,1994,1662765
5302,1995,1751402
5302,1996,1856515
5302,1997,1830878
5302,1998,1973908
5302,1999,2097414
5302,2000,2220991
5302,2001,2437624
5302,2002,2729118
5302,2003,2469200
5302,2004,2728111
5302,2005,2667179
5302,2006,2622964
5302,2007,2405914
5302,2008,2362766
5302,2009,2440928
5302,2010,2608224
5302,2011,2583626
5302,2012,2581697
5302,2013,2512311
5303,1961,1013207
5303,1962,864743
5303,1963,808647
5303,1964,950271
5303,1965,548033
5303,1966,671533
5303,1967,1184069
5303,1968,665354
5303,1969,1006621
5303,1970,1102758
5303,1971,1022074
5303,1972,354185
5303,1973,950679
5303,1974,783555
5303,1975,1396565
5303,1976,222113
5303,1977,1063081
5303,1978,1416230
5303,1979,1119516
5303,1980,1111677
5303,1981,1658554
5303,1982,1371942
5303,1983,1758544
5303,1984,1635940
5303,1985,1418564
5303,1986,1523581
5303,1987,1474242
5303,1988,1969451
5303,1989,2022720
5303,1990,2188675
5303,1991,2514290
5303,1992,2359281
5303,1993,1814743
5303,1994,2075420
5303,1995,1990378
5303,1996,2224794
5303,1997,1927591
5303,1998,2624183
5303,1999,1595972
5303,2000,1921854
5303,2001,2055344
5303,2002,1243342
5303,2003,2328772
5303,2004,1902857
5303,2005,2290741
5303,2006,1382023
5303,2007,2677122
5303,2008,2138956
5303,2009,1660711
5303,2010,2460617
5303,2011,2072846
5303,2012,2131957
5303,2013,1668256
5304,1961,18496
5304,1962,16178
5304,1963,17192
5304,1964,33225
5304,1965,43920
5304,1966,71424
5304,1967,58907
5304,1968,92840
5304,1969,109170
5304,1970,114201
5304,1971,148249
5304,1972,110067
5304,1973,120896
5304,1974,133217
5304,1975,169693
5304,1976,184908
5304,1977,192646
5304,1978,173042
5304,1979,154967
5304,1980,158131
5304,1981,187680
5304,1982,230027
5304,1983,224214
5304,1984,222305
5304,1985,251362
5304,1986,291464
5304,1987,316047
5304,1988,323047
5304,1989,426929
5304,1990,445112
5304,1991,513893
5304,1992,395784
5304,1993,469240
5304,1994,468805
5304,1995,493489
5304,1996,363427
5304,1997,377830
5304,1998,307386
5304,1999,225195
5304,2000,213446
5304,2001,272921
5304,2002,327961
5304,2003,264806
5304,2004,360647
5304,2005,290945
5304,2006,258868
5304,2007,334724
5304,2008,380272
5304,2009,399716
5304,2010,439686
5304,2011,425531
5304,2012,417969
5304,2013,408704
5305,1961,11237
5305,1962,9832
5305,1963,13271
5305,1964,13137
5305,1965,8812
5305,1966,4178
5305,1967,4142
5305,1968,3263
5305,1969,1907
5305,1970,1499
5305,1971,5414
5305,1972,1993
5305,1973,1718
5305,1974,2580
5305,1975,2324
5305,1976,2196
5305,1977,1349
5305,1978,1309
5305,1979,1347
5305,1980,3663
5305,1981,2125
5305,1982,1764
5305,1983,2432
5305,1984,2070
5305,1985,1888
5305,1986,1618
5305,1987,1725
5305,1988,4138
5305,1989,2935
5305,1990,2805
5305,1991,3667
5305,1992,8529
5305,1993,13011
5305,1994,6318
5305,1995,6209
5305,1996,5667
5305,1997,6630
5305,1998,11240
5305,1999,9094
5305,2000,15862
5305,2001,14170
5305,2002,18787
5305,2003,17375
5305,2004,26464
5305,2005,27053
5305,2006,31117
5305,2007,22577
5305,2008,15675
5305,2009,22363
5305,2010,18213
5305,2011,23536
5305,2012,14748
5305,2013,12004
54,1961,56412
54,1962,56119
54,1963,76939
54,1964,104993
54,1965,93319
54,1966,88350
54,1967,98620
54,1968,100663
54,1969,12336
54,1970,610
54,1971,787
54,1972,653
54,1973,1103
54,1974,628
54,1975,491
54,1976,12581
54,1977,3417
54,1978,670
54,1979,546
54,1980,485
54,1981,609
54,1982,477
54,1983,543
54,1984,707
54,1985,737
54,1986,905
54,1987,1654
54,1988,4230
54,1989,16752
54,1990,2417
54,1991,1727
54,1992,2695
54,1993,2590
54,1994,1500
54,1995,9207
54,1996,4480
54,1997,2432
54,1998,1855
54,1999,857
54,2000,1219
54,2001,2281
54,2002,1441
54,2003,2225
54,2004,2021
54,2005,2567
54,2006,3677
54,2007,2071
54,2008,2220
54,2009,2255
54,2010,700
54,2011,867
54,2012,669
54,2013,947
5400,1961,1644068
5400,1962,1951235
5400,1963,2084020
5400,1964,2030331
5400,1965,2017886
5400,1966,2021993
5400,1967,1969360
5400,1968,2140296
5400,1969,1820122
5400,1970,1895389
5400,1971,1788172
5400,1972,1747564
5400,1973,1659079
5400,1974,1255227
5400,1975,1308310
5400,1976,1888552
5400,1977,1468379
5400,1978,1066022
5400,1979,1434467
5400,1980,1182107
5400,1981,765989
5400,1982,774759
5400,1983,717279
5400,1984,572943
5400,1985,458339
5400,1986,480215
5400,1987,729259
5400,1988,665094
5400,1989,634884
5400,1990,492353
5400,1991,415161
5400,1992,368368
5400,1993,299080
5400,1994,257263
5400,1995,285574
5400,1996,304999
5400,1997,290220
5400,1998,316148
5400,1999,243035
5400,2000,262961
5400,2001,281696
5400,2002,233792
5400,2003,133961
5400,2004,135786
5400,2005,105655
5400,2006,138754
5400,2007,145620
5400,2008,135282
5400,2009,127618
5400,2010,177737
5400,2011,143030
5400,2012,102383
5400,2013,139031
5401,1961,200145
5401,1962,278290
5401,1963,358859
5401,1964,473341
5401,1965,417136
5401,1966,461313
5401,1967,471737
5401,1968,614629
5401,1969,512303
5401,1970,582803
5401,1971,642598
5401,1972,531293
5401,1973,424562
5401,1974,435597
5401,1975,401311
5401,1976,439978
5401,1977,271940
5401,1978,149652
5401,1979,208027
5401,1980,242368
5401,1981,299526
5401,1982,224306
5401,1983,166324
5401,1984,279602
5401,1985,178300
5401,1986,170304
5401,1987,383936
5401,1988,168118
5401,1989,183159
5401,1990,58182
5401,1991,28594
5401,1992,14188
5401,1993,70259
5401,1994,5765
5401,1995,4912
5401,1996,9595
5401,1997,10073
5401,1998,11677
5401,1999,9201
5401,2000,8503
5401,2001,6150
5401,2002,6105
5401,2003,5762
5401,2004,12828
5401,2005,9105
5401,2006,14630
5401,2007,18384
5401,2008,16624
5401,2009,16219
5401,2010,14024
5401,2011,21159
5401,2012,13905
5401,2013,14670
5402,1961,815580
5402,1962,895026
5402,1963,856797
5402,1964,776692
5402,1965,720440
5402,1966,606462
5402,1967,552321
5402,1968,594095
5402,1969,458744
5402,1970,483123
5402,1971,342171
5402,1972,367048
5402,1973,361074
5402,1974,173734
5402,1975,224223
5402,1976,400939
5402,1977,288934
5402,1978,175952
5402,1979,344550
5402,1980,114906
5402,1981,15673
5402,1982,21848
5402,1983,43003
5402,1984,23983
5402,1985,14631
5402,1986,10795
5402,1987,16750
5402,1988,16688
5402,1989,29132
5402,1990,13474
5402,1991,8468
5402,1992,7646
5402,1993,26685
5402,1994,24322
5402,1995,14303
5402,1996,44902
5402,1997,19452
5402,1998,30506
5402,1999,22005
5402,2000,36658
5402,2001,28014
5402,2002,17898
5402,2003,6057
5402,2004,13753
5402,2005,5118
5402,2006,6517
5402,2007,5669
5402,2008,5515
5402,2009,5323
5402,2010,3559
5402,2011,7401
5402,2012,5015
5402,2013,8752
5403,1961,58114
5403,1962,59803
5403,1963,93973
5403,1964,70991
5403,1965,100533
5403,1966,106759
5403,1967,98583
5403,1968,119655
5403,1969,114232
5403,1970,84476
5403,1971,95532
5403,1972,84059
5403,1973,100207
5403,1974,96181
5403,1975,90839
5403,1976,135005
5403,1977,154698
5403,1978,137174
5403,1979,127050
5403,1980,115638
5403,1981,108254
5403,1982,112010
5403,1983,98844
5403,1984,87584
5403,1985,51116
5403,1986,56154
5403,1987,51048
5403,1988,79435
5403,1989,84032
5403,1990,77535
5403,1991,64139
5403,1992,69641
5403,1993,43903
5403,1994,29015
5403,1995,31862
5403,1996,31221
5403,1997,35837
5403,1998,15648
5403,1999,14601
5403,2000,11817
5403,2001,13075
5403,2002,17542
5403,2003,10116
5403,2004,12968
5403,2005,12230
5403,2006,8954
5403,2007,10400
5403,2008,9582
5403,2009,10411
5403,2010,17780
5403,2011,15057
5403,2012,12385
5403,2013,10648
5404,1961,570229
5404,1962,718116
5404,1963,774391
5404,1964,709307
5404,1965,779777
5404,1966,847459
5404,1967,846719
5404,1968,811917
5404,1969,734843
5404,1970,744987
5404,1971,707871
5404,1972,765164
5404,1973,773236
5404,1974,549715
5404,1975,591937
5404,1976,912630
5404,1977,752807
5404,1978,603244
5404,1979,754840
5404,1980,709195
5404,1981,342536
5404,1982,416595
5404,1983,409108
5404,1984,181774
5404,1985,214292
5404,1986,242962
5404,1987,277525
5404,1988,400853
5404,1989,338561
5404,1990,343162
5404,1991,313960
5404,1992,276893
5404,1993,158233
5404,1994,198161
5404,1995,234497
5404,1996,219281
5404,1997,224858
5404,1998,258317
5404,1999,197228
5404,2000,205983
5404,2001,234457
5404,2002,192247
5404,2003,112026
5404,2004,96237
5404,2005,79202
5404,2006,108653
5404,2007,111167
5404,2008,103561
5404,2009,95665
5404,2010,142374
5404,2011,99413
5404,2012,71078
5404,2013,104961
5500,1961,1028
5500,1962,737
5500,1963,801
5500,1964,1119
5500,1965,934
5500,1966,1566
5500,1967,1894
5500,1968,1285
5500,1969,739
5500,1970,2179
5500,1971,1309
5500,1972,1913
5500,1973,1761
5500,1974,1742
5500,1975,1269
5500,1976,1675
5500,1977,1686
5500,1978,1981
5500,1979,2462
5500,1980,1543
5500,1981,1705
5500,1982,2578
5500,1983,965
5500,1984,2380
5500,1985,2384
5500,1986,1820
5500,1987,2046
5500,1988,1671
5500,1989,2082
5500,1990,1852
5500,1991,2529
5500,1992,6038
5500,1993,4835
5500,1994,4625
5500,1995,4853
5500,1996,4929
5500,1997,4931
5500,1998,3692
5500,1999,3308
5500,2000,1913
5500,2001,2750
5500,2002,2496
5500,2003,3013
5500,2004,1854
5500,2005,1663
5500,2006,1634
5500,2007,2226
5500,2008,1783
5500,2009,1302
5500,2010,2131
5500,2011,1900
5500,2012,1617
5500,2013,1708
5501,1961,1028
5501,1962,737
5501,1963,801
5501,1964,1119
5501,1965,934
5501,1966,1566
5501,1967,1894
5501,1968,1285
5501,1969,739
5501,1970,2179
5501,1971,1309
5501,1972,1913
5501,1973,1761
5501,1974,1742
5501,1975,1269
5501,1976,1675
5501,1977,1686
5501,1978,1981
5501,1979,2462
5501,1980,1543
5501,1981,1705
5501,1982,2578
5501,1983,965
5501,1984,2380
5501,1985,2384
5501,1986,1820
5501,1987,2046
5501,1988,1671
5501,1989,2082
5501,1990,1852
5501,1991,2529
5501,1992,2427
5501,1993,2220
5501,1994,1489
5501,1995,1853
5501,1996,1929
5501,1997,1931
5501,1998,1692
5501,1999,2308
5501,2000,1913
5501,2001,1750
5501,2002,2496
5501,2003,3013
5501,2004,1854
5501,2005,1663
5501,2006,1634
5501,2007,2226
5501,2008,1783
5501,2009,1302
5501,2010,2131
5501,2011,1900
5501,2012,1617
5501,2013,1708
5502,1961,0
5502,1962,0
5502,1963,0
5502,1964,0
5502,1965,0
5502,1966,0
5502,1967,0
5502,1968,0
5502,1969,0
5502,1970,0
5502,1971,0
5502,1972,0
5502,1973,0
5502,1974,0
5502,1975,0
5502,1976,0
5502,1977,0
5502,1978,0
5502,1979,0
5502,1980,0
5502,1981,0
5502,1982,0
5502,1983,0
5502,1984,0
5502,1985,0
5502,1986,0
5502,1987,0
5502,1988,0
5502,1989,0
5502,1990,0
5502,1991,0
5502,1992,3611
5502,1993,2615
5502,1994,3136
5502,1995,3000
5502,1996,3000
5502,1997,3000
5502,1998,2000
5502,1999,1000
5502,2000,0
5502,2001,1000
5502,2002,0
5502,2003,0
5502,2004,0
5502,2005,0
5502,2006,0
5502,2007,0
5502,2008,0
5502,2009,0
5502,2010,0
5502,2011,0
5502,2012,0
5502,2013,0
56,1961,269
56,1962,163
56,1963,1589
56,1964,500
56,1965,10373
56,1966,3165
56,1967,7451
56,1968,3280
56,1969,15247
56,1970,7054
56,1971,18562
56,1972,24658
56,1973,25291
56,1974,20866
56,1975,17893
56,1976,15007
56,1977,18103
56,1978,26679
56,1979,13306
56,1980,16567
56,1981,12646
56,1982,13124
56,1983,13375
56,1984,17363
56,1985,14999
56,1986,16604
56,1987,15795
56,1988,13599
56,1989,23184
56,1990,16563
56,1991,17275
56,1992,6084
56,1993,1530
56,1994,270
56,1995,2572
56,1996,1493
56,1997,1060
56,1998,2814
56,1999,2913
56,2000,1325
56,2001,1496
56,2002,1975
56,2003,1553
56,2004,1610
56,2005,1663
56,2006,1625
56,2007,1919
56,2008,1604
56,2009,2475
56,2010,2239
56,2011,2289
56,2012,2136
56,2013,2642
5707,1961,778390
5707,1962,1018246
5707,1963,1170043
5707,1964,1160343
5707,1965,1212686
5707,1966,1307051
5707,1967,1284103
5707,1968,1387908
5707,1969,1122796
5707,1970,1102036
5707,1971,1104348
5707,1972,1121561
5707,1973,1018530
5707,1974,860821
5707,1975,935992
5707,1976,1370583
5707,1977,1093522
5707,1978,833564
5707,1979,1098047
5707,1980,982419
5707,1981,582091
5707,1982,685038
5707,1983,636076
5707,1984,468629
5707,1985,384537
5707,1986,424578
5707,1987,648723
5707,1988,596137
5707,1989,582466
5707,1990,428643
5707,1991,387127
5707,1992,346417
5707,1993,268751
5707,1994,231449
5707,1995,277934
5707,1996,261511
5707,1997,270748
5707,1998,283733
5707,1999,219057
5707,2000,225534
5707,2001,253877
5707,2002,214012
5707,2003,127811
5707,2004,120909
5707,2005,98680
5707,2006,133798
5707,2007,140615
5707,2008,130401
5707,2009,122845
5707,2010,173388
5707,2011,134792
5707,2012,96714
5707,2013,129396
58,1961,0
58,1962,0
58,1963,0
58,1964,0
58,1965,0
58,1966,0
58,1967,0
58,1968,0
58,1969,0
58,1970,0
58,1971,0
58,1972,0
58,1973,0
58,1974,0
58,1975,0
58,1976,0
58,1977,0
58,1978,0
58,1979,0
58,1980,0
58,1981,0
58,1982,0
58,1983,0
58,1984,0
58,1985,0
58,1986,0
58,1987,0
58,1988,0
58,1989,0
58,1990,0
58,1991,0
58,1992,0
58,1993,0
58,1994,14
58,1995,0
58,1996,0
58,1997,0
58,1998,0
58,1999,5270
58,2000,0
58,2001,0
58,2002,0
58,2003,0
58,2004,0
58,2005,0
58,2006,0
58,2007,0
58,2008,0
58,2009,0
58,2010,0
58,2011,0
58,2012,0
58,2013,0
5801,1961,115258
5801,1962,122881
5801,1963,164946
5801,1964,136957
5801,1965,175821
5801,1966,168695
5801,1967,183787
5801,1968,221925
5801,1969,263565
5801,1970,267362
5801,1971,284792
5801,1972,222005
5801,1973,242491
5801,1974,289717
5801,1975,326389
5801,1976,336062
5801,1977,352133
5801,1978,363136
5801,1979,349086
5801,1980,365650
5801,1981,420049
5801,1982,427497
5801,1983,393810
5801,1984,370291
5801,1985,440996
5801,1986,429626
5801,1987,411417
5801,1988,429840
5801,1989,376835
5801,1990,358971
5801,1991,402002
5801,1992,381961
5801,1993,353137
5801,1994,403633
5801,1995,498524
5801,1996,534498
5801,1997,622259
5801,1998,591540
5801,1999,640158
5801,2000,686180
5801,2001,791297
5801,2002,811928
5801,2003,708955
5801,2004,689374
5801,2005,643433
5801,2006,663364
5801,2007,761248
5801,2008,847456
5801,2009,1026921
5801,2010,1033252
5801,2011,1282439
5801,2012,1185416
5801,2013,1218898
5802,1961,82052
5802,1962,78783
5802,1963,97917
5802,1964,84035
5802,1965,103282
5802,1966,90168
5802,1967,95904
5802,1968,89445
5802,1969,95152
5802,1970,102647
5802,1971,94149
5802,1972,95128
5802,1973,91800
5802,1974,129743
5802,1975,135619
5802,1976,139554
5802,1977,150886
5802,1978,139280
5802,1979,129653
5802,1980,134277
5802,1981,134947
5802,1982,138490
5802,1983,101744
5802,1984,92563
5802,1985,106508
5802,1986,125029
5802,1987,121198
5802,1988,143196
5802,1989,128592
5802,1990,132160
5802,1991,146352
5802,1992,137859
5802,1993,145910
5802,1994,177922
5802,1995,168351
5802,1996,168105
5802,1997,194363
5802,1998,196357
5802,1999,225340
5802,2000,220249
5802,2001,225331
5802,2002,238966
5802,2003,224690
5802,2004,215112
5802,2005,215171
5802,2006,230695
5802,2007,241128
5802,2008,271735
5802,2009,300951
5802,2010,284898
5802,2011,384692
5802,2012,361289
5802,2013,376913
5803,1961,5074
5803,1962,6128
5803,1963,6445
5803,1964,5395
5803,1965,15993
5803,1966,9062
5803,1967,11733
5803,1968,7390
5803,1969,19240
5803,1970,11244
5803,1971,22156
5803,1972,30811
5803,1973,31564
5803,1974,27257
5803,1975,23844
5803,1976,22675
5803,1977,24093
5803,1978,34253
5803,1979,20667
5803,1980,24794
5803,1981,20956
5803,1982,18382
5803,1983,20740
5803,1984,25093
5803,1985,23614
5803,1986,27474
5803,1987,23523
5803,1988,18733
5803,1989,29361
5803,1990,22788
5803,1991,23561
5803,1992,19689
5803,1993,16270
5803,1994,12380
5803,1995,13986
5803,1996,12325
5803,1997,12416
5803,1998,13803
5803,1999,11565
5803,2000,9982
5803,2001,9860
5803,2002,11628
5803,2003,11873
5803,2004,11866
5803,2005,12131
5803,2006,14473
5803,2007,11187
5803,2008,12161
5803,2009,13069
5803,2010,13388
5803,2011,13707
5803,2012,17188
5803,2013,17817
5815,1961,1203592
5815,1962,1138873
5815,1963,1108920
5815,1964,1143882
5815,1965,763960
5815,1966,827881
5815,1967,1382117
5815,1968,887100
5815,1969,1285481
5815,1970,1431798
5815,1971,1367138
5815,1972,698517
5815,1973,1210626
5815,1974,1271449
5815,1975,1702696
5815,1976,542274
5815,1977,1431604
5815,1978,1833643
5815,1979,1471190
5815,1980,1485615
5815,1981,2071712
5815,1982,1726464
5815,1983,2141181
5815,1984,1990998
5815,1985,1797090
5815,1986,2091449
5815,1987,1964617
5815,1988,2592484
5815,1989,2640279
5815,1990,2807097
5815,1991,3281757
5815,1992,3042957
5815,1993,2464031
5815,1994,2830680
5815,1995,2841600
5815,1996,3156428
5815,1997,3008592
5815,1998,3695938
5815,1999,2720386
5815,2000,3113930
5815,2001,3303403
5815,2002,2621041
5815,2003,3595052
5815,2004,3166743
5815,2005,3548009
5815,2006,2787698
5815,2007,4041449
5815,2008,3554065
5815,2009,3524204
5815,2010,4462442
5815,2011,4213918
5815,2012,4198173
5815,2013,3735982
5817,1961,124550
5817,1962,135323
5817,1963,178033
5817,1964,153063
5817,1965,202682
5817,1966,186900
5817,1967,202504
5817,1968,234112
5817,1969,301778
5817,1970,294927
5817,1971,329359
5817,1972,273912
5817,1973,292746
5817,1974,345811
5817,1975,395745
5817,1976,399301
5817,1977,403047
5817,1978,419543
5817,1979,394331
5817,1980,415752
5817,1981,468731
5817,1982,481149
5817,1983,443718
5817,1984,427605
5817,1985,490057
5817,1986,480454
5817,1987,459079
5817,1988,500842
5817,1989,433234
5817,1990,408530
5817,1991,455238
5817,1992,431144
5817,1993,409825
5817,1994,454079
5817,1995,550444
5817,1996,588068
5817,1997,688123
5817,1998,670077
5817,1999,720486
5817,2000,761679
5817,2001,881211
5817,2002,903668
5817,2003,789617
5817,2004,780607
5817,2005,737314
5817,2006,754912
5817,2007,840925
5817,2008,922510
5817,2009,1100578
5817,2010,1114444
5817,2011,1358847
5817,2012,1254219
5817,2013,1295121
59,1961,0
59,1962,1250
59,1963,1250
59,1964,1250
59,1965,1250
59,1966,0
59,1967,0
59,1968,0
59,1969,1000
59,1970,0
59,1971,0
59,1972,0
59,1973,0
59,1974,0
59,1975,0
59,1976,0
59,1977,0
59,1978,0
59,1979,0
59,1980,0
59,1981,0
59,1982,0
59,1983,0
59,1984,0
59,1985,1500
59,1986,0
59,1987,0
59,1988,2500
59,1989,0
59,1990,0
59,1991,0
59,1992,0
59,1993,12500
59,1994,10790
59,1995,12500
59,1996,12500
59,1997,15000
59,1998,27533
59,1999,30000
59,2000,30000
59,2001,30000
59,2002,30000
59,2003,30000
59,2004,30048
59,2005,30730
59,2006,30854
59,2007,24979
59,2008,22479
59,2009,20042
59,2010,22500
59,2011,22470
59,2012,23000
59,2013,22981
60,1961,0
60,1962,0
60,1963,0
60,1964,0
60,1965,0
60,1966,0
60,1967,0
60,1968,0
60,1969,0
60,1970,0
60,1971,0
60,1972,0
60,1973,0
60,1974,0
60,1975,0
60,1976,0
60,1977,0
60,1978,0
60,1979,0
60,1980,0
60,1981,0
60,1982,0
60,1983,0
60,1984,0
60,1985,0
60,1986,0
60,1987,0
60,1988,0
60,1989,0
60,1990,0
60,1991,0
60,1992,0
60,1993,346
60,1994,452
60,1995,365
60,1996,2142
60,1997,1915
60,1998,1121
60,1999,1822
60,2000,2375
60,2001,9304
60,2002,5393
60,2003,5419
60,2004,10312
60,2005,10658
60,2006,12998
60,2007,3820
60,2008,2729
60,2009,2959
60,2010,2983
60,2011,2824
60,2012,3159
60,2013,4173
62,1961,1120
62,1962,1120
62,1963,1120
62,1964,980
62,1965,1185
62,1966,1650
62,1967,1856
62,1968,856
62,1969,443
62,1970,135
62,1971,149
62,1972,96
62,1973,398
62,1974,300
62,1975,1664
62,1976,1003
62,1977,1190
62,1978,965
62,1979,2370
62,1980,5042
62,1981,7270
62,1982,8070
62,1983,9570
62,1984,1601
62,1985,7700
62,1986,15900
62,1987,15900
62,1988,15900
62,1989,16960
62,1990,16430
62,1991,16960
62,1992,17490
63,1992,0
63,1993,0
63,1994,0
63,1995,0
63,1996,183
63,1997,0
63,1998,0
63,1999,46
63,2000,0
63,2001,0
63,2002,0
63,2003,0
63,2004,0
63,2005,0
63,2006,0
63,2007,0
63,2008,0
63,2009,0
63,2010,0
63,2011,0
63,2012,0
63,2013,0
66,1961,0
66,1962,0
66,1963,0
66,1964,0
66,1965,0
66,1966,0
66,1967,0
66,1968,0
66,1969,0
66,1970,0
66,1971,0
66,1972,0
66,1973,0
66,1974,0
66,1975,0
66,1976,0
66,1977,0
66,1978,0
66,1979,0
66,1980,0
66,1981,0
66,1982,0
66,1983,0
66,1984,0
66,1985,0
66,1986,0
66,1987,0
66,1988,0
66,1989,0
66,1990,0
66,1991,0
66,1992,3611
66,1993,2615
66,1994,3136
66,1995,3000
66,1996,3000
66,1997,3000
66,1998,2000
66,1999,1000
66,2000,0
66,2001,1000
66,2002,0
66,2003,0
66,2004,0
66,2005,0
66,2006,0
66,2007,0
66,2008,0
66,2009,0
66,2010,0
66,2011,0
66,2012,0
66,2013,0
67,1961,0
67,1962,0
67,1963,6830
67,1964,0
67,1965,2000
67,1966,0
67,1967,0
67,1968,0
67,1969,0
67,1970,0
67,1971,0
67,1972,0
67,1973,0
67,1974,0
67,1975,0
67,1976,0
67,1977,0
67,1978,0
67,1979,0
67,1980,0
67,1981,0
67,1982,0
67,1983,0
67,1984,0
67,1985,0
67,1986,0
67,1987,0
67,1988,0
67,1989,0
67,1990,0
67,1991,0
67,1992,0
67,1993,0
67,1994,0
67,1995,0
67,1996,0
67,1997,0
67,1998,0
67,1999,0
67,2000,0
67,2001,0
67,2002,0
67,2003,0
67,2004,0
67,2005,0
67,2006,0
67,2007,0
67,2008,0
67,2009,0
67,2010,0
67,2011,0
67,2012,0
67,2013,0
68,1961,266820
68,1962,409910
68,1963,394400
68,1964,337990
68,1965,421880
68,1966,431241
68,1967,450727
68,1968,402336
68,1969,362442
68,1970,389377
68,1971,319158
68,1972,390298
68,1973,409729
68,1974,282250
68,1975,328460
68,1976,535007
68,1977,489342
68,1978,463294
68,1979,516777
68,1980,429614
68,1981,99103
68,1982,28827
68,1983,46641
68,1984,38361
68,1985,63149
68,1986,101699
68,1987,112134
68,1988,236629
68,1989,254695
68,1990,246583
68,1991,238133
68,1992,194146
68,1993,126186
68,1994,151762
68,1995,161584
68,1996,142175
68,1997,156332
68,1998,172014
68,1999,110330
68,2000,125748
68,2001,130337
68,2002,115905
68,2003,44335
68,2004,27287
68,2005,4726
68,2006,56430
68,2007,55858
68,2008,9622
68,2009,11297
68,2010,65934
68,2011,54390
68,2012,8348
68,2013,16953
7,1961,360
7,1962,3309
7,1963,3156
7,1964,1357
7,1965,2153
7,1966,2534
7,1967,1770
7,1968,2110
7,1969,812
7,1970,263
7,1971,2629
7,1972,1251
7,1973,370
7,1974,1411
7,1975,2782
7,1976,2486
7,1977,2560
7,1978,2017
7,1979,3038
7,1980,4686
7,1981,3593
7,1982,2282
7,1983,3223
7,1984,2998
7,1985,3026
7,1986,3340
7,1987,3240
7,1988,2456
7,1989,2469
7,1990,2824
7,1991,2798
7,1992,3183
7,1993,3040
7,1994,3402
7,1995,2591
7,1996,3059
7,1997,2715
7,1998,2868
7,1999,1545
7,2000,1494
7,2001,3467
7,2002,4138
7,2003,11527
7,2004,6322
7,2005,8765
7,2006,7313
7,2007,8572
7,2008,11982
7,2009,14566
7,2010,15128
7,2011,29870
7,2012,4215
7,2013,37801
72,1961,0
72,1962,0
72,1963,0
72,1964,0
72,1965,0
72,1966,0
72,1967,0
72,1968,0
72,1969,0
72,1970,0
72,1971,0
72,1972,0
72,1973,0
72,1974,0
72,1975,0
72,1976,0
72,1977,0
72,1978,0
72,1979,0
72,1980,63
72,1981,0
72,1982,0
72,1983,0
72,1984,0
72,1985,0
72,1986,0
72,1987,0
72,1988,0
72,1989,0
72,1990,0
72,1991,0
72,1992,0
72,1993,0
72,1994,0
72,1995,0
72,1996,0
72,1997,0
72,1998,0
72,1999,0
72,2000,0
72,2001,0
72,2002,0
72,2003,0
72,2004,0
72,2005,0
72,2006,0
72,2007,0
72,2008,0
72,2009,0
72,2010,0
72,2011,0
72,2012,0
72,2013,0
73,1992,0
73,1993,0
73,1994,0
73,1995,0
73,1996,0
73,1997,0
73,1998,0
73,1999,0
73,2000,8
73,2001,0
73,2002,22
73,2003,0
73,2004,0
73,2005,0
73,2006,0
73,2007,0
73,2008,0
73,2009,0
73,2010,0
73,2011,0
73,2012,0
73,2013,0
74,1961,0
74,1962,0
74,1963,0
74,1964,0
74,1965,0
74,1966,0
74,1967,0
74,1968,0
74,1969,0
74,1970,0
74,1971,0
74,1972,0
74,1973,0
74,1974,0
74,1975,0
74,1976,0
74,1977,0
74,1978,0
74,1979,0
74,1980,0
74,1981,0
74,1982,0
74,1983,0
74,1984,0
74,1985,0
74,1986,0
74,1987,0
74,1988,0
74,1989,0
74,1990,0
74,1991,0
74,1992,0
74,1993,0
74,1994,0
74,1995,0
74,1996,600
74,1997,600
74,1998,600
74,1999,400
74,2000,1080
74,2001,1260
74,2002,9013
74,2003,820
74,2004,580
74,2005,0
74,2006,1
74,2007,1
74,2008,1
74,2009,1
74,2010,1
74,2011,1
74,2012,1
74,2013,1
75,1961,579
75,1962,525
75,1963,542
75,1964,514
75,1965,526
75,1966,529
75,1967,465
75,1968,453
75,1969,382
75,1970,437
75,1971,448
75,1972,424
75,1973,494
75,1974,590
75,1975,498
75,1976,223
75,1977,490
75,1978,274
75,1979,216
75,1980,195
75,1981,370
75,1982,683
75,1983,867
75,1984,1021
75,1985,1891
75,1986,1911
75,1987,1962
75,1988,4991
75,1989,4056
75,1990,5129
75,1991,4578
75,1992,2700
75,1993,2649
75,1994,2722
75,1995,4871
75,1996,5133
75,1997,15916
75,1998,14688
75,1999,26491
75,2000,24726
75,2001,24466
75,2002,20495
75,2003,22002
75,2004,22547
75,2005,22384
75,2006,22442
75,2007,18663
75,2008,20484
75,2009,19947
75,2010,22812
75,2011,32678
75,2012,16312
75,2013,25119
79,1961,117000
79,1962,133840
79,1963,203120
79,1964,197040
79,1965,202820
79,1966,232836
79,1967,210209
79,1968,231031
79,1969,219100
79,1970,196252
79,1971,223212
79,1972,200781
79,1973,175608
79,1974,122593
79,1975,152809
79,1976,206885
79,1977,117951
79,1978,45470
79,1979,104598
79,1980,149083
79,1981,158668
79,1982,261485
79,1983,190327
79,1984,55241
79,1985,41581
79,1986,26563
79,1987,16909
79,1988,14224
79,1989,13406
79,1990,18060
79,1991,6616
79,1992,6246
79,1993,2873
79,1994,5062
79,1995,3855
79,1996,4062
79,1997,4176
79,1998,3412
79,1999,5630
79,2000,4488
79,2001,3721
79,2002,2993
79,2003,2670
79,2004,2271
79,2005,2556
79,2006,1816
79,2007,3266
79,2008,1292
79,2009,2073
79,2010,3136
79,2011,3075
79,2012,3544
79,2013,3853
81,1961,7588
81,1962,7584
81,1963,7523
81,1964,7973
81,1965,4963
81,1966,6659
81,1967,6561
81,1968,10633
81,1969,10092
81,1970,14829
81,1971,15566
81,1972,15902
81,1973,22658
81,1974,26162
81,1975,19791
81,1976,21582
81,1977,17836
81,1978,15013
81,1979,19971
81,1980,24815
81,1981,23511
81,1982,20637
81,1983,15965
81,1984,31954
81,1985,25562
81,1986,35890
81,1987,36513
81,1988,44157
81,1989,38526
81,1990,21292
81,1991,11442
81,1992,17645
81,1993,25303
81,1994,32811
81,1995,31163
81,1996,30618
81,1997,28396
81,1998,41643
81,1999,37388
81,2000,38017
81,2001,46874
81,2002,140602
81,2003,108705
81,2004,87402
81,2005,90706
81,2006,128492
81,2007,46059
81,2008,90054
81,2009,101645
81,2010,101671
81,2011,103384
81,2012,90345
81,2013,78162
84,1961,318
84,1962,265
84,1963,318
84,1964,371
84,1965,530
84,1966,424
84,1967,477
84,1968,530
84,1969,477
84,1970,530
84,1971,1590
84,1972,583
84,1973,477
84,1974,477
84,1975,1590
84,1976,2120
84,1977,3180
84,1978,3180
84,1979,4240
84,1980,3710
84,1981,2120
84,1982,2120
84,1983,2650
84,1984,2650
84,1985,3710
84,1986,3710
84,1987,3830
84,1988,1030
84,1989,1940
84,1990,4240
84,1991,4240
84,1992,4823
84,1993,4929
84,1994,4876
84,1995,5300
84,1996,5100
84,1997,5088
84,1998,4550
84,1999,3975
84,2000,3975
84,2001,3975
84,2002,3975
84,2003,3980
84,2004,3975
84,2005,3975
84,2006,3975
84,2007,3975
84,2008,3975
84,2009,4240
84,2010,4240
84,2011,3975
84,2012,4505
84,2013,4505
89,1961,0
89,1962,0
89,1963,0
89,1964,0
89,1965,0
89,1966,0
89,1967,0
89,1968,0
89,1969,0
89,1970,0
89,1971,0
89,1972,0
89,1973,0
89,1974,0
89,1975,0
89,1976,0
89,1977,0
89,1978,0
89,1979,0
89,1980,0
89,1981,0
89,1982,0
89,1983,0
89,1984,0
89,1985,0
89,1986,0
89,1987,0
89,1988,0
89,1989,0
89,1990,0
89,1991,0
89,1992,0
89,1993,0
89,1994,0
89,1995,1
89,1996,0
89,1997,0
89,1998,0
89,1999,0
89,2000,0
89,2001,0
89,2002,351
89,2003,227
89,2004,0
89,2005,1025
89,2006,1656
89,2007,937
89,2008,478
89,2009,478
89,2010,727
89,2011,966
89,2012,4130
89,2013,6256
9,1961,1158
9,1962,3064
9,1963,4771
9,1964,14431
9,1965,15322
9,1966,5376
9,1967,2829
9,1968,3926
9,1969,20660
9,1970,50387
9,1971,49162
9,1972,73269
9,1973,37612
9,1974,65226
9,1975,55341
9,1976,48673
9,1977,20331
9,1978,82067
9,1979,35196
9,1980,29943
9,1981,4475
9,1982,34726
9,1983,30139
9,1984,42046
9,1985,15731
9,1986,32318
9,1987,39839
9,1988,16208
9,1989,19417
9,1990,11505
9,1991,38694
9,1992,26852
9,1993,3715
9,1994,28206
9,1995,14548
9,1996,53033
9,1997,17399
9,1998,57507
9,1999,27156
9,2000,64997
9,2001,76772
9,2002,43051
9,2003,39661
9,2004,51392
9,2005,66610
9,2006,54986
9,2007,69524
9,2008,75852
9,2009,110038
9,2010,48351
9,2011,45831
9,2012,57956
9,2013,61848
90,1961,11452
90,1962,12250
90,1963,14462
90,1964,14686
90,1965,15182
90,1966,16188
90,1967,18106
90,1968,17738
90,1969,17112
90,1970,18014
90,1971,17903
90,1972,17679
90,1973,17737
90,1974,17928
90,1975,18392
90,1976,18744
90,1977,19718
90,1978,19915
90,1979,19309
90,1980,20507
90,1981,20549
90,1982,19251
90,1983,18505
90,1984,19844
90,1985,19291
90,1986,17080
90,1987,14838
90,1988,10460
90,1989,14155
90,1990,19112
90,1991,25781
90,1992,34881
90,1993,32134
90,1994,31415
90,1995,33043
90,1996,36382
90,1997,39675
90,1998,43728
90,1999,48602
90,2000,50922
90,2001,53499
90,2002,57275
90,2003,61309
90,2004,65604
90,2005,70219
90,2006,75282
90,2007,75418
90,2008,76672
90,2009,76706
90,2010,88243
90,2011,93167
90,2012,91037
90,2013,93565
91,1961,0
91,1962,0
91,1963,0
91,1964,0
91,1965,0
91,1966,0
91,1967,0
91,1968,0
91,1969,0
91,1970,0
91,1971,0
91,1972,0
91,1973,0
91,1974,0
91,1975,0
91,1976,0
91,1977,0
91,1978,0
91,1979,0
91,1980,0
91,1981,0
91,1982,0
91,1983,0
91,1984,0
91,1985,0
91,1986,0
91,1987,0
91,1988,0
91,1989,0
91,1990,0
91,1991,0
91,1992,0
91,1993,0
91,1994,0
91,1995,0
91,1996,0
91,1997,0
91,1998,0
91,1999,0
91,2000,0
91,2001,0
91,2002,0
91,2003,0
91,2004,0
91,2005,0
91,2006,2101
91,2007,0
91,2008,0
91,2009,0
91,2010,0
91,2011,0
91,2012,0
91,2013,0
95,1961,0
95,1962,0
95,1963,0
95,1964,0
95,1965,0
95,1966,0
95,1967,0
95,1968,0
95,1969,0
95,1970,0
95,1971,0
95,1972,0
95,1973,0
95,1974,0
95,1975,0
95,1976,0
95,1977,0
95,1978,0
95,1979,0
95,1980,0
95,1981,0
95,1982,0
95,1983,0
95,1984,0
95,1985,0
95,1986,0
95,1987,0
95,1988,0
95,1989,0
95,1990,0
95,1991,0
95,1992,0
95,1993,89
95,1994,0
95,1995,91
95,1996,113
95,1997,224
95,1998,12
95,1999,47
95,2000,251
95,2001,2054
95,2002,2257
95,2003,2463
95,2004,4713
95,2005,7875
95,2006,6357
95,2007,4182
95,2008,3739
95,2009,8028
95,2010,7055
95,2011,2255
95,2012,5769
95,2013,7837
96,1961,0
96,1962,0
96,1963,0
96,1964,0
96,1965,0
96,1966,0
96,1967,0
96,1968,0
96,1969,0
96,1970,0
96,1971,0
96,1972,0
96,1973,0
96,1974,0
96,1975,0
96,1976,0
96,1977,0
96,1978,0
96,1979,0
96,1980,0
96,1981,0
96,1982,0
96,1983,0
96,1984,0
96,1985,0
96,1986,0
96,1987,0
96,1988,8468
96,1989,4924
96,1990,3436
96,1991,2386
96,1992,4583
96,1993,4340
96,1994,3742
96,1995,4369
96,1996,3399
96,1997,633
96,1998,526
96,1999,414
96,2000,475
96,2001,1343
96,2002,843
96,2003,570
96,2004,710
96,2005,1047
96,2006,2238
96,2007,3874
96,2008,1769
96,2009,555
96,2010,545
96,2011,618
96,2012,708
96,2013,700
97,1961,54943
97,1962,97349
97,1963,116710
97,1964,105149
97,1965,99332
97,1966,116355
97,1967,108098
97,1968,129202
97,1969,65976
97,1970,64429
97,1971,100071
97,1972,90156
97,1973,36634
97,1974,62164
97,1975,44347
97,1976,26620
97,1977,26388
97,1978,0
97,1979,0
97,1980,80
97,1981,198
97,1982,140
97,1983,95
97,1984,118
97,1985,130
97,1986,0
97,1987,179
97,1988,238
97,1989,197
97,1990,77
97,1991,18
97,1992,0
97,1993,23
97,1994,148
97,1995,57
97,1996,0
97,1997,0
97,1998,0
97,1999,0
97,2000,0
97,2001,54
97,2002,0
97,2003,0
97,2004,0
97,2005,0
97,2006,0
97,2007,0
97,2008,0
97,2009,0
97,2010,0
97,2011,0
97,2012,0
97,2013,0
