geo,year,goats_direct_emissions_n2o_manure_applied_eam
1,1992,0
1,1993,0
1,1994,0
1,1995,0
1,1996,0
1,1997,0
1,1998,0
1,1999,0
1,2000,0
1,2001,0
1,2002,0
1,2003,0
1,2004,0
1,2005,0
1,2006,0
1,2007,0
1,2008,0
1,2009,0
1,2010,0
1,2011,0
1,2012,0
1,2013,0
1,2014,0
1,2015,0
1,2016,0
1,2017,0
1,2018,0
1,2030,0
1,2050,0
10,1961,0
10,1962,0
10,1963,0
10,1964,0
10,1965,0
10,1966,0
10,1967,0
10,1968,0
10,1969,0
10,1970,0
10,1971,0
10,1972,0
10,1973,0
10,1974,0
10,1975,0
10,1976,0
10,1977,0
10,1978,0
10,1979,0
10,1980,0
10,1981,0
10,1982,0
10,1983,0
10,1984,0
10,1985,0
10,1986,0
10,1987,0
10,1988,0
10,1989,0
10,1990,0
10,1991,0
10,1992,0
10,1993,0
10,1994,0
10,1995,0
10,1996,0
10,1997,0
10,1998,0
10,1999,0
10,2000,0
10,2001,0
10,2002,0
10,2003,0
10,2004,0
10,2005,0
10,2006,0
10,2007,0
10,2008,0
10,2009,0
10,2010,0
10,2011,0
10,2012,0
10,2013,0
10,2014,0
10,2015,0
10,2016,0
10,2017,0
10,2018,0
10,2030,0
10,2050,0
100,1961,0.7174
100,1962,0.7261
100,1963,0.7347
100,1964,0.7434
100,1965,0.752
100,1966,0.7613
100,1967,0.7669
100,1968,0.7726
100,1969,0.7784
100,1970,0.7841
100,1971,0.79
100,1972,0.7958
100,1973,0.8133
100,1974,0.8369
100,1975,0.8545
100,1976,0.8722
100,1977,0.8913
100,1978,0.9335
100,1979,0.9783
100,1980,1.0243
100,1981,1.0726
100,1982,1.1227
100,1983,1.1587
100,1984,1.172
100,1985,1.1727
100,1986,1.2125
100,1987,1.299
100,1988,1.3107
100,1989,1.3225
100,1990,1.3343
100,1991,1.3461
100,1992,1.3588
100,1993,1.3755
100,1994,1.3932
100,1995,1.4109
100,1996,1.4286
100,1997,1.4465
100,1998,1.4497
100,1999,1.4529
100,2000,1.4561
100,2001,1.4593
100,2002,1.4625
100,2003,1.4658
100,2004,1.5112
100,2005,1.5581
100,2006,1.6064
100,2007,1.6565
100,2008,1.6439
100,2009,1.6312
100,2010,1.6186
100,2011,1.6059
100,2012,1.5933
100,2013,1.5794
100,2014,1.5677
100,2015,1.5562
100,2016,1.5753
100,2017,1.5671
100,2018,1.5647
100,2030,2.2587
100,2050,3.235
101,1961,0.0932
101,1962,0.0884
101,1963,0.0887
101,1964,0.0888
101,1965,0.1021
101,1966,0.0979
101,1967,0.0836
101,1968,0.1018
101,1969,0.0889
101,1970,0.0747
101,1971,0.0818
101,1972,0.0847
101,1973,0.0786
101,1974,0.0768
101,1975,0.0744
101,1976,0.0814
101,1977,0.0852
101,1978,0.0949
101,1979,0.0903
101,1980,0.0907
101,1981,0.0918
101,1982,0.093
101,1983,0.1293
101,1984,0.1064
101,1985,0.1135
101,1986,0.1271
101,1987,0.1225
101,1988,0.125
101,1989,0.1296
101,1990,0.1332
101,1991,0.1354
101,1992,0.1422
101,1993,0.1356
101,1994,0.1505
101,1995,0.1552
101,1996,0.1631
101,1997,0.1669
101,1998,0.1598
101,1999,0.1497
101,2000,0.1481
101,2001,0.1469
101,2002,0.1479
101,2003,0.15
101,2004,0.1506
101,2005,0.1581
101,2006,0.1625
101,2007,0.1706
101,2008,0.1785
101,2009,0.1864
101,2010,0.1959
101,2011,0.1997
101,2012,0.2111
101,2013,0.2181
101,2014,0.2197
101,2015,0.2241
101,2016,0.2104
101,2017,0.217
101,2018,0.2207
101,2030,0.1824
101,2050,0.1955
102,1961,0.1477
102,1962,0.1873
102,1963,0.1591
102,1964,0.1532
102,1965,0.1532
102,1966,0.1532
102,1967,0.1571
102,1968,0.1578
102,1969,0.1591
102,1970,0.1615
102,1971,0.1644
102,1972,0.1587
102,1973,0.1673
102,1974,0.1684
102,1975,0.1775
102,1976,0.1886
102,1977,0.1965
102,1978,0.1945
102,1979,0.1975
102,1980,0.2046
102,1981,0.2122
102,1982,0.22
102,1983,0.2357
102,1984,0.2475
102,1985,0.2593
102,1986,0.2743
102,1987,0.2652
102,1988,0.2622
102,1989,0.2877
102,1990,0.2917
102,1991,0.2917
102,1992,0.3021
102,1993,0.3036
102,1994,0.3036
102,1995,0.3036
102,1996,0.3036
102,1997,0.3036
102,1998,0.3036
102,1999,0.3036
102,2000,0.3036
102,2001,0.3036
102,2002,0.3012
102,2003,0.3027
102,2004,0.3036
102,2005,0.3042
102,2006,0.3045
102,2007,0.3045
102,2008,0.2632
102,2009,0.2556
102,2010,0.2527
102,2011,0.2501
102,2012,0.2476
102,2013,0.2427
102,2014,0.2405
102,2015,0.1876
102,2016,0.1936
102,2017,0.1852
102,2018,0.1767
102,2030,0.4037
102,2050,0.4641
103,1961,0
103,1962,0
103,1963,0
103,1964,0
103,1965,0
103,1966,0
103,1967,0
103,1968,0
103,1969,0
103,1970,0
103,1971,0
103,1972,0
103,1973,0
103,1974,0
103,1975,0
103,1976,0
103,1977,0
103,1978,0
103,1979,0
103,1980,0
103,1981,0
103,1982,0
103,1983,0
103,1984,0
103,1985,0
103,1986,0
103,1987,0
103,1988,0
103,1989,0
103,1990,0
103,1991,0
103,1992,0
103,1993,0
103,1994,0
103,1995,0
103,1996,0
103,1997,0
103,1998,0
103,1999,0
103,2000,0
103,2001,0
103,2002,0
103,2003,0
103,2004,0
103,2005,0
103,2006,0
103,2007,0
103,2008,0
103,2009,0
103,2010,0
103,2011,0
103,2012,0
103,2013,0
103,2014,0
103,2015,0
103,2016,0
103,2017,0
103,2018,0
103,2030,0
103,2050,0
104,1991,0.0002
104,1992,0.0002
104,1993,0.0002
104,1994,0.0002
104,1995,0.0002
104,1996,0.0002
104,1997,0.0002
104,1998,0.0002
104,1999,0.0002
104,2000,0.0001
104,2001,0.0001
104,2002,0.0001
104,2003,0.0001
104,2004,0.0001
104,2005,0.0001
104,2006,0.0001
104,2007,0.0001
104,2008,0.0001
104,2009,0.0001
104,2010,0.0001
104,2011,0.0001
104,2012,0.0001
104,2013,0.0001
104,2014,0.0001
104,2015,0.0001
104,2016,0.0001
104,2017,0.0001
104,2018,0.0001
104,2030,0.0001
104,2050,0.0001
105,1961,0
105,1962,0
105,1963,0
105,1964,0
105,1965,0
105,1966,0
105,1967,0
105,1968,0
105,1969,0
105,1970,0
105,1971,0
105,1972,0
105,1973,0
105,1974,0
105,1975,0
105,1976,0
105,1977,0
105,1978,0
105,1979,0
105,1980,0
105,1981,0
105,1982,0
105,1983,0
105,1984,0
105,1985,0
105,1986,0
105,1987,0
105,1988,0
105,1989,0
105,1990,0
105,1991,0
105,1992,0
105,1993,0
105,1994,0
105,1995,0
105,1996,0
105,1997,0
105,1998,0
105,1999,0
105,2000,0
105,2001,0
105,2002,0
105,2003,0
105,2004,0
105,2005,0
105,2006,0
105,2007,0
105,2008,0
105,2009,0
105,2010,0
105,2011,0
105,2012,0
105,2013,0
105,2014,0
105,2015,0
105,2016,0
105,2017,0
105,2018,0
105,2030,0
105,2050,0
106,1961,0.0156
106,1962,0.0148
106,1963,0.0144
106,1964,0.014
106,1965,0.0139
106,1966,0.0129
106,1967,0.0129
106,1968,0.0127
106,1969,0.0118
106,1970,0.0117
106,1971,0.0115
106,1972,0.011
106,1973,0.0107
106,1974,0.0107
106,1975,0.0108
106,1976,0.0106
106,1977,0.0107
106,1978,0.0108
106,1979,0.0111
106,1980,0.0111
106,1981,0.0114
106,1982,0.0116
106,1983,0.0154
106,1984,0.0123
106,1985,0.0123
106,1986,0.0134
106,1987,0.0136
106,1988,0.0136
106,1989,0.0137
106,1990,0.0141
106,1991,0.0147
106,1992,0.0149
106,1993,0.0152
106,1994,0.0156
106,1995,0.0164
106,1996,0.0164
106,1997,0.0157
106,1998,0.0152
106,1999,0.015
106,2000,0.0158
106,2001,0.0104
106,2002,0.0116
106,2003,0.0112
106,2004,0.0109
106,2005,0.0111
106,2006,0.0107
106,2007,0.0108
106,2008,0.0104
106,2009,0.0108
106,2010,0.0109
106,2011,0.0111
106,2012,0.0101
106,2013,0.011
106,2014,0.0106
106,2015,0.0109
106,2016,0.0116
106,2017,0.0112
106,2018,0.0112
106,2030,0.0105
106,2050,0.0101
107,1961,0.0026
107,1962,0.0027
107,1963,0.0028
107,1964,0.0032
107,1965,0.0035
107,1966,0.0036
107,1967,0.0037
107,1968,0.0037
107,1969,0.0038
107,1970,0.0039
107,1971,0.0041
107,1972,0.0042
107,1973,0.0044
107,1974,0.0045
107,1975,0.0046
107,1976,0.0047
107,1977,0.0047
107,1978,0.0042
107,1979,0.0042
107,1980,0.0042
107,1981,0.004
107,1982,0.004
107,1983,0.004
107,1984,0.004
107,1985,0.004
107,1986,0.0038
107,1987,0.0039
107,1988,0.004
107,1989,0.0041
107,1990,0.0042
107,1991,0.0043
107,1992,0.0044
107,1993,0.0045
107,1994,0.0046
107,1995,0.0047
107,1996,0.0048
107,1997,0.005
107,1998,0.0051
107,1999,0.0052
107,2000,0.0052
107,2001,0.0053
107,2002,0.0054
107,2003,0.0055
107,2004,0.0056
107,2005,0.0057
107,2006,0.0058
107,2007,0.0059
107,2008,0.006
107,2009,0.0062
107,2010,0.0062
107,2011,0.0063
107,2012,0.0063
107,2013,0.0065
107,2014,0.0066
107,2015,0.0067
107,2016,0.0068
107,2017,0.0069
107,2018,0.007
107,2030,0.0067
107,2050,0.0098
108,1992,0.0082
108,1993,0.0081
108,1994,0.0106
108,1995,0.0101
108,1996,0.0094
108,1997,0.008
108,1998,0.0081
108,1999,0.0098
108,2000,0.011
108,2001,0.0123
108,2002,0.015
108,2003,0.0175
108,2004,0.0215
108,2005,0.025
108,2006,0.0275
108,2007,0.0299
108,2008,0.0308
108,2009,0.0312
108,2010,0.0319
108,2011,0.0315
108,2012,0.0313
108,2013,0.0294
108,2014,0.0279
108,2015,0.0274
108,2016,0.0271
108,2017,0.0269
108,2018,0.0269
108,2030,0.0311
108,2050,0.0329
109,1961,0.0014
109,1962,0.0014
109,1963,0.0012
109,1964,0.0011
109,1965,0.0011
109,1966,0.0011
109,1967,0.0012
109,1968,0.001
109,1969,0.0009
109,1970,0.0008
109,1971,0.0008
109,1972,0.0007
109,1973,0.0007
109,1974,0.0007
109,1975,0.0008
109,1976,0.0008
109,1977,0.0008
109,1978,0.0008
109,1979,0.0009
109,1980,0.0009
109,1981,0.0009
109,1982,0.0009
109,1983,0.001
109,1984,0.001
109,1985,0.001
109,1986,0.001
109,1987,0.001
109,1988,0.001
109,1989,0.001
109,1990,0.001
109,1991,0.001
109,1992,0.001
109,1993,0.001
109,1994,0.001
109,1995,0.001
109,1996,0.001
109,1997,0.001
109,1998,0.001
109,1999,0.001
109,2000,0.001
109,2001,0.001
109,2002,0.001
109,2003,0.001
109,2004,0.001
109,2005,0.0011
109,2006,0.001
109,2007,0.001
109,2008,0.0011
109,2009,0.0011
109,2010,0.0012
109,2011,0.0012
109,2012,0.0012
109,2013,0.0012
109,2014,0.0012
109,2015,0.0012
109,2016,0.0013
109,2017,0.0013
109,2018,0.0014
109,2030,0.0014
109,2050,0.0017
11,1961,0.0018
11,1962,0.0017
11,1963,0.0015
11,1964,0.0014
11,1965,0.0012
11,1966,0.0011
11,1967,0.0011
11,1968,0.001
11,1969,0.0009
11,1970,0.0008
11,1971,0.0007
11,1972,0.0006
11,1973,0.0006
11,1974,0.0005
11,1975,0.0005
11,1976,0.0005
11,1977,0.0005
11,1978,0.0004
11,1979,0.0004
11,1980,0.0004
11,1981,0.0004
11,1982,0.0004
11,1983,0.0004
11,1984,0.0004
11,1985,0.0003
11,1986,0.0004
11,1987,0.0003
11,1988,0.0004
11,1989,0.0004
11,1990,0.0004
11,1991,0.0004
11,1992,0.0005
11,1993,0.0004
11,1994,0.0005
11,1995,0.0006
11,1996,0.0006
11,1997,0.0006
11,1998,0.0007
11,1999,0.0006
11,2000,0.0007
11,2001,0.0006
11,2002,0.0007
11,2003,0.0007
11,2004,0.0006
11,2005,0.0006
11,2006,0.0006
11,2007,0.0006
11,2008,0.0007
11,2009,0.0007
11,2010,0.0008
11,2011,0.0008
11,2012,0.0008
11,2013,0.0008
11,2014,0.0008
11,2015,0.0008
11,2016,0.0009
11,2017,0.0009
11,2018,0.001
11,2030,0.0006
11,2050,0.0006
110,1961,0.009
110,1962,0.0084
110,1963,0.0079
110,1964,0.0069
110,1965,0.0057
110,1966,0.0048
110,1967,0.0042
110,1968,0.0038
110,1969,0.0035
110,1970,0.0029
110,1971,0.0029
110,1972,0.0025
110,1973,0.0021
110,1974,0.0019
110,1975,0.0017
110,1976,0.0014
110,1977,0.0012
110,1978,0.0012
110,1979,0.0011
110,1980,0.001
110,1981,0.0009
110,1982,0.0009
110,1983,0.0009
110,1984,0.0008
110,1985,0.0008
110,1986,0.0007
110,1987,0.0007
110,1988,0.0006
110,1989,0.0006
110,1990,0.0005
110,1991,0.0006
110,1992,0.0005
110,1993,0.0005
110,1994,0.0005
110,1995,0.0005
110,1996,0.0004
110,1997,0.0004
110,1998,0.0004
110,1999,0.0005
110,2000,0.0005
110,2001,0.0005
110,2002,0.0004
110,2003,0.0003
110,2004,0.0003
110,2005,0.0003
110,2006,0.0002
110,2007,0.0002
110,2008,0.0002
110,2009,0.0002
110,2010,0.0002
110,2011,0.0002
110,2012,0.0002
110,2013,0.0003
110,2014,0.0003
110,2015,0.0003
110,2016,0.0002
110,2017,0.0002
110,2018,0.0002
110,2030,0.0003
110,2050,0.0003
112,1961,0
112,1962,0
112,1963,0
112,1964,0
112,1965,0
112,1966,0
112,1967,0
112,1968,0
112,1969,0
112,1970,0
112,1971,0
112,1972,0
112,1973,0
112,1974,0
112,1975,0
112,1976,0
112,1977,0
112,1978,0
112,1979,0
112,1980,0
112,1981,0
112,1982,0
112,1983,0
112,1984,0
112,1985,0
112,1986,0
112,1987,0
112,1988,0
112,1989,0
112,1990,0
112,1991,0
112,1992,0
112,1993,0
112,1994,0
112,1995,0
112,1996,0
112,1997,0
112,1998,0
112,1999,0
112,2000,0
112,2001,0
112,2002,0
112,2003,0
112,2004,0
112,2005,0
112,2006,0
112,2007,0
112,2008,0
112,2009,0
112,2010,0
112,2011,0
112,2012,0
112,2013,0
112,2014,0
112,2015,0
112,2016,0
112,2017,0
112,2018,0
112,2030,0
112,2050,0
113,1992,0.0035
113,1993,0.0031
113,1994,0.0026
113,1995,0.0018
113,1996,0.0024
113,1997,0.002
113,1998,0.0045
113,1999,0.0059
113,2000,0.0064
113,2001,0.0071
113,2002,0.0075
113,2003,0.0078
113,2004,0.0091
113,2005,0.0095
113,2006,0.0096
113,2007,0.01
113,2008,0.0103
113,2009,0.011
113,2010,0.0111
113,2011,0.0115
113,2012,0.011
113,2013,0.0113
113,2014,0.0107
113,2015,0.0103
113,2016,0.0101
113,2017,0.0097
113,2018,0.0095
113,2030,0.011
113,2050,0.0117
114,1961,0.0222
114,1962,0.0232
114,1963,0.024
114,1964,0.0251
114,1965,0.025
114,1966,0.025
114,1967,0.0251
114,1968,0.0236
114,1969,0.0204
114,1970,0.0199
114,1971,0.0196
114,1972,0.0191
114,1973,0.0189
114,1974,0.0184
114,1975,0.0201
114,1976,0.0205
114,1977,0.0283
114,1978,0.0372
114,1979,0.039
114,1980,0.0377
114,1981,0.033
114,1982,0.0339
114,1983,0.0367
114,1984,0.0323
114,1985,0.0354
114,1986,0.0383
114,1987,0.0331
114,1988,0.0455
114,1989,0.0462
114,1990,0.048
114,1991,0.0467
114,1992,0.0486
114,1993,0.0495
114,1994,0.0497
114,1995,0.049
114,1996,0.0482
114,1997,0.0512
114,1998,0.0456
114,1999,0.0517
114,2000,0.0472
114,2001,0.0509
114,2002,0.0534
114,2003,0.0563
114,2004,0.0631
114,2005,0.0655
114,2006,0.0481
114,2007,0.1317
114,2008,0.1365
114,2009,0.1308
114,2010,0.1328
114,2011,0.1361
114,2012,0.1046
114,2013,0.1162
114,2014,0.1288
114,2015,0.1183
114,2016,0.1261
114,2017,0.1211
114,2018,0.1259
114,2030,0.1146
114,2050,0.1414
116,1961,0.0009
116,1962,0.0012
116,1963,0.0015
116,1964,0.0018
116,1965,0.0021
116,1966,0.0024
116,1967,0.0025
116,1968,0.0028
116,1969,0.0031
116,1970,0.0034
116,1971,0.0037
116,1972,0.004
116,1973,0.0042
116,1974,0.0046
116,1975,0.0047
116,1976,0.005
116,1977,0.0052
116,1978,0.0053
116,1979,0.0055
116,1980,0.0058
116,1981,0.006
116,1982,0.0064
116,1983,0.0066
116,1984,0.0068
116,1985,0.0071
116,1986,0.0072
116,1987,0.0073
116,1988,0.0074
116,1989,0.0075
116,1990,0.0077
116,1991,0.0078
116,1992,0.0088
116,1993,0.0106
116,1994,0.0131
116,1995,0.0084
116,1996,0.0084
116,1997,0.0127
116,1998,0.0178
116,1999,0.0224
116,2000,0.0268
116,2001,0.0302
116,2002,0.0317
116,2003,0.032
116,2004,0.0322
116,2005,0.0342
116,2006,0.0364
116,2007,0.0384
116,2008,0.0406
116,2009,0.0421
116,2010,0.0419
116,2011,0.0431
116,2012,0.0435
116,2013,0.0434
116,2014,0.0432
116,2015,0.0432
116,2016,0.0433
116,2017,0.0434
116,2018,0.0436
116,2030,0.0677
116,2050,0.0842
117,1961,0.0027
117,1962,0.0037
117,1963,0.0034
117,1964,0.0027
117,1965,0.0021
117,1966,0.0019
117,1967,0.0016
117,1968,0.0013
117,1969,0.0012
117,1970,0.0016
117,1971,0.0015
117,1972,0.0018
117,1973,0.0023
117,1974,0.003
117,1975,0.0029
117,1976,0.0027
117,1977,0.0025
117,1978,0.0029
117,1979,0.0027
117,1980,0.0024
117,1981,0.0023
117,1982,0.003
117,1983,0.0041
117,1984,0.0045
117,1985,0.0037
117,1986,0.0026
117,1987,0.002
117,1988,0.0016
117,1989,0.0019
117,1990,0.0025
117,1991,0.0041
117,1992,0.0059
117,1993,0.0066
117,1994,0.0071
117,1995,0.008
117,1996,0.008
117,1997,0.0071
117,1998,0.0063
117,1999,0.0054
117,2000,0.0052
117,2001,0.0052
117,2002,0.0052
117,2003,0.0057
117,2004,0.0062
117,2005,0.0062
117,2006,0.0055
117,2007,0.0044
117,2008,0.0031
117,2009,0.0029
117,2010,0.0029
117,2011,0.0029
117,2012,0.003
117,2013,0.0029
117,2014,0.003
117,2015,0.0033
117,2016,0.0041
117,2017,0.0035
117,2018,0.0044
117,2030,0.0058
117,2050,0.0057
118,1961,0
118,1962,0
118,1963,0
118,1964,0
118,1965,0
118,1966,0
118,1967,0
118,1968,0
118,1969,0
118,1970,0
118,1971,0
118,1972,0
118,1973,0
118,1974,0
118,1975,0
118,1976,0
118,1977,0
118,1978,0
118,1979,0
118,1980,0
118,1981,0
118,1982,0
118,1983,0
118,1984,0
118,1985,0
118,1986,0
118,1987,0
118,1988,0
118,1989,0
118,1990,0
118,1991,0
118,1992,0
118,1993,0
118,1994,0
118,1995,0
118,1996,0
118,1997,0
118,1998,0
118,1999,0
118,2000,0
118,2001,0
118,2002,0
118,2003,0
118,2004,0
118,2005,0
118,2006,0
118,2007,0
118,2008,0
118,2009,0
118,2010,0
118,2011,0
118,2012,0
118,2013,0
118,2014,0
118,2015,0
118,2016,0
118,2017,0
118,2018,0
118,2030,0
118,2050,0
119,1992,0.0001
119,1993,0.0001
119,1994,0.0001
119,1995,0.0001
119,1996,0.0001
119,1997,0.0001
119,1998,0.0001
119,1999,0.0001
119,2000,0.0001
119,2001,0.0001
119,2002,0.0001
119,2003,0.0001
119,2004,0.0002
119,2005,0.0002
119,2006,0.0002
119,2007,0.0002
119,2008,0.0001
119,2009,0.0001
119,2010,0.0001
119,2011,0.0002
119,2012,0.0002
119,2013,0.0002
119,2014,0.0001
119,2015,0.0001
119,2016,0.0001
119,2017,0.0001
119,2018,0.0001
119,2030,0.0002
119,2050,0.0002
12,1961,0
12,1962,0
12,1963,0
12,1964,0
12,1965,0
12,1966,0
12,1967,0
12,1968,0
12,1969,0
12,1970,0
12,1971,0
12,1972,0
12,1973,0
12,1974,0
12,1975,0
12,1976,0
12,1977,0
12,1978,0
12,1979,0
12,1980,0
12,1981,0
12,1982,0
12,1983,0
12,1984,0
12,1985,0
12,1986,0
12,1987,0
12,1988,0
12,1989,0
12,1990,0
12,1991,0
12,1992,0
12,1993,0
12,1994,0
12,1995,0
12,1996,0
12,1997,0
12,1998,0
12,1999,0
12,2000,0
12,2001,0
12,2002,0
12,2003,0
12,2004,0
12,2005,0
12,2006,0
12,2007,0
12,2008,0
12,2009,0
12,2010,0
12,2011,0
12,2012,0
12,2013,0
12,2014,0
12,2015,0
12,2016,0
12,2017,0
12,2018,0
12,2030,0
12,2050,0
120,1961,0.0004
120,1962,0.0004
120,1963,0.0004
120,1964,0.0004
120,1965,0.0004
120,1966,0.0004
120,1967,0.0004
120,1968,0.0004
120,1969,0.0004
120,1970,0.0004
120,1971,0.0004
120,1972,0.0004
120,1973,0.0004
120,1974,0.0004
120,1975,0.0004
120,1976,0.0004
120,1977,0.0004
120,1978,0.0004
120,1979,0.0004
120,1980,0.0006
120,1981,0.0006
120,1982,0.0007
120,1983,0.0007
120,1984,0.0007
120,1985,0.001
120,1986,0.0009
120,1987,0.001
120,1988,0.0011
120,1989,0.0012
120,1990,0.0016
120,1991,0.0014
120,1992,0.0012
120,1993,0.0015
120,1994,0.0017
120,1995,0.0018
120,1996,0.0019
120,1997,0.0019
120,1998,0.0014
120,1999,0.0013
120,2000,0.0014
120,2001,0.0015
120,2002,0.0015
120,2003,0.0016
120,2004,0.002
120,2005,0.0022
120,2006,0.0025
120,2007,0.0032
120,2008,0.0032
120,2009,0.004
120,2010,0.0043
120,2011,0.0051
120,2012,0.0052
120,2013,0.0055
120,2014,0.0057
120,2015,0.0063
120,2016,0.0066
120,2017,0.0069
120,2018,0.0073
120,2030,0.0046
120,2050,0.0064
121,1961,0
121,1962,0
121,1963,0
121,1964,0
121,1965,0
121,1966,0
121,1967,0
121,1968,0
121,1969,0
121,1970,0
121,1971,0
121,1972,0
121,1973,0
121,1974,0
121,1975,0
121,1976,0
121,1977,0
121,1978,0
121,1979,0
121,1980,0
121,1981,0
121,1982,0
121,1983,0
121,1984,0
121,1985,0
121,1986,0
121,1987,0
121,1988,0
121,1989,0
121,1990,0
121,1991,0
121,1992,0
121,1993,0
121,1994,0
121,1995,0
121,1996,0
121,1997,0
121,1998,0
121,1999,0
121,2000,0
121,2001,0
121,2002,0
121,2003,0
121,2004,0
121,2005,0
121,2006,0
121,2007,0
121,2008,0
121,2009,0
121,2010,0
121,2011,0
121,2012,0
121,2013,0
121,2014,0
121,2015,0
121,2016,0
121,2017,0
121,2018,0
121,2030,0
121,2050,0
122,1961,0.003
122,1962,0.0035
122,1963,0.0037
122,1964,0.0034
122,1965,0.004
122,1966,0.0039
122,1967,0.0042
122,1968,0.0032
122,1969,0.0039
122,1970,0.0042
122,1971,0.0043
122,1972,0.0044
122,1973,0.0044
122,1974,0.0045
122,1975,0.0042
122,1976,0.0039
122,1977,0.0029
122,1978,0.0027
122,1979,0.0029
122,1980,0.0037
122,1981,0.0036
122,1982,0.0044
122,1983,0.0041
122,1984,0.004
122,1985,0.0048
122,1986,0.0046
122,1987,0.0053
122,1988,0.0053
122,1989,0.005
122,1990,0.004
122,1991,0.0034
122,1992,0.0031
122,1993,0.0038
122,1994,0.0041
122,1995,0.0035
122,1996,0.0035
122,1997,0.0038
122,1998,0.0026
122,1999,0.0044
122,2000,0.0039
122,2001,0.0039
122,2002,0.0037
122,2003,0.0037
122,2004,0.0029
122,2005,0.0039
122,2006,0.0041
122,2007,0.0041
122,2008,0.0043
122,2009,0.0045
122,2010,0.0041
122,2011,0.004
122,2012,0.0039
122,2013,0.004
122,2014,0.0039
122,2015,0.0038
122,2016,0.0033
122,2017,0.0046
122,2018,0.0042
122,2030,0.0043
122,2050,0.0053
123,1961,0.0005
123,1962,0.0005
123,1963,0.0005
123,1964,0.0005
123,1965,0.0006
123,1966,0.0006
123,1967,0.0006
123,1968,0.0006
123,1969,0.0007
123,1970,0.0007
123,1971,0.0007
123,1972,0.0007
123,1973,0.0008
123,1974,0.0008
123,1975,0.0008
123,1976,0.0008
123,1977,0.0008
123,1978,0.0009
123,1979,0.0009
123,1980,0.0009
123,1981,0.001
123,1982,0.001
123,1983,0.0011
123,1984,0.0011
123,1985,0.0011
123,1986,0.0011
123,1987,0.0011
123,1988,0.0011
123,1989,0.0011
123,1990,0.0011
123,1991,0.001
123,1992,0.0011
123,1993,0.001
123,1994,0.001
123,1995,0.001
123,1996,0.001
123,1997,0.001
123,1998,0.001
123,1999,0.001
123,2000,0.001
123,2001,0.001
123,2002,0.001
123,2003,0.001
123,2004,0.001
123,2005,0.001
123,2006,0.0011
123,2007,0.0012
123,2008,0.0013
123,2009,0.0015
123,2010,0.0016
123,2011,0.0016
123,2012,0.0016
123,2013,0.0016
123,2014,0.0016
123,2015,0.0016
123,2016,0.0018
123,2017,0.0019
123,2018,0.0019
123,2030,0.0015
123,2050,0.002
124,1961,0.0058
124,1962,0.0059
124,1963,0.006
124,1964,0.0062
124,1965,0.0063
124,1966,0.0064
124,1967,0.0066
124,1968,0.0063
124,1969,0.0061
124,1970,0.0058
124,1971,0.0054
124,1972,0.0052
124,1973,0.0047
124,1974,0.0054
124,1975,0.008
124,1976,0.0088
124,1977,0.0071
124,1978,0.0076
124,1979,0.0069
124,1980,0.0071
124,1981,0.0072
124,1982,0.0073
124,1983,0.0074
124,1984,0.0061
124,1985,0.0042
124,1986,0.004
124,1987,0.0042
124,1988,0.0045
124,1989,0.0047
124,1990,0.0052
124,1991,0.0057
124,1992,0.0061
124,1993,0.006
124,1994,0.0059
124,1995,0.0059
124,1996,0.0059
124,1997,0.0059
124,1998,0.0059
124,1999,0.0059
124,2000,0.006
124,2001,0.006
124,2002,0.0066
124,2003,0.0085
124,2004,0.0099
124,2005,0.0108
124,2006,0.0118
124,2007,0.0118
124,2008,0.0118
124,2009,0.0123
124,2010,0.0127
124,2011,0.0123
124,2012,0.012
124,2013,0.0123
124,2014,0.0122
124,2015,0.012
124,2016,0.0125
124,2017,0.0124
124,2018,0.0124
124,2030,0.0158
124,2050,0.0205
125,1961,0
125,1962,0
125,1963,0
125,1964,0
125,1965,0
125,1966,0
125,1967,0
125,1968,0
125,1969,0
125,1970,0
125,1971,0
125,1972,0
125,1973,0
125,1974,0
125,1975,0
125,1976,0
125,1977,0
125,1978,0
125,1979,0
125,1980,0
125,1981,0
125,1982,0
125,1983,0
125,1984,0
125,1985,0
125,1986,0
125,1987,0
125,1988,0
125,1989,0
125,1990,0
125,1991,0
125,1992,0
125,1993,0
125,1994,0
125,1995,0
125,1996,0
125,1997,0
125,1998,0
125,1999,0
125,2000,0
125,2001,0
125,2002,0
125,2003,0
125,2004,0
125,2005,0
125,2006,0
125,2007,0
125,2008,0
125,2009,0
125,2010,0
125,2011,0
125,2012,0
125,2013,0
125,2014,0
125,2015,0
125,2016,0
125,2017,0
125,2018,0
125,2030,0
125,2050,0
126,1992,0.0001
126,1993,0.0001
126,1994,0.0001
126,1995,0.0001
126,1996,0.0002
126,1997,0.0002
126,1998,0.0002
126,1999,0.0003
126,2000,0.0003
126,2001,0.0003
126,2002,0.0003
126,2003,0.0002
126,2004,0.0003
126,2005,0.0003
126,2006,0.0002
126,2007,0.0002
126,2008,0.0002
126,2009,0.0002
126,2010,0.0002
126,2011,0.0002
126,2012,0.0002
126,2013,0.0002
126,2014,0.0002
126,2015,0.0001
126,2016,0.0002
126,2017,0.0002
126,2018,0.0002
126,2030,0.0003
126,2050,0.0002
129,1961,0.0024
129,1962,0.0025
129,1963,0.0026
129,1964,0.0032
129,1965,0.0034
129,1966,0.0038
129,1967,0.0045
129,1968,0.0051
129,1969,0.0049
129,1970,0.0049
129,1971,0.005
129,1972,0.0052
129,1973,0.0048
129,1974,0.0058
129,1975,0.0059
129,1976,0.0068
129,1977,0.0051
129,1978,0.0052
129,1979,0.0058
129,1980,0.0068
129,1981,0.0081
129,1982,0.0082
129,1983,0.0063
129,1984,0.0063
129,1985,0.0065
129,1986,0.0067
129,1987,0.0064
129,1988,0.0066
129,1989,0.0058
129,1990,0.0059
129,1991,0.006
129,1992,0.0062
129,1993,0.0063
129,1994,0.0065
129,1995,0.0066
129,1996,0.0063
129,1997,0.0061
129,1998,0.0059
129,1999,0.0057
129,2000,0.0049
129,2001,0.0056
129,2002,0.0058
129,2003,0.0059
129,2004,0.0066
129,2005,0.0057
129,2006,0.0059
129,2007,0.006
129,2008,0.0062
129,2009,0.0065
129,2010,0.0067
129,2011,0.0068
129,2012,0.0069
129,2013,0.0069
129,2014,0.0069
129,2015,0.0074
129,2016,0.0073
129,2017,0.0073
129,2018,0.0073
129,2030,0.0086
129,2050,0.013
13,1961,0
13,1962,0
13,1963,0
13,1964,0
13,1965,0
13,1966,0
13,1967,0
13,1968,0
13,1969,0
13,1970,0
13,1971,0
13,1972,0
13,1973,0
13,1974,0
13,1975,0
13,1976,0
13,1977,0
13,1978,0
13,1979,0
13,1980,0
13,1981,0
13,1982,0
13,1983,0
13,1984,0
13,1985,0
13,1986,0
13,1987,0
13,1988,0
13,1989,0
13,1990,0
13,1991,0
13,1992,0
13,1993,0
13,1994,0
13,1995,0
13,1996,0
13,1997,0
13,1998,0
13,1999,0
13,2000,0
13,2001,0
13,2002,0
13,2003,0
13,2004,0
13,2005,0
13,2006,0
13,2007,0
13,2008,0
13,2009,0
13,2010,0
13,2011,0
13,2012,0
13,2013,0
13,2014,0
13,2015,0
13,2016,0
13,2017,0
13,2018,0
13,2030,0
13,2050,0
130,1961,0.0025
130,1962,0.0023
130,1963,0.0021
130,1964,0.0023
130,1965,0.0022
130,1966,0.0022
130,1967,0.003
130,1968,0.0031
130,1969,0.0029
130,1970,0.0028
130,1971,0.003
130,1972,0.003
130,1973,0.0027
130,1974,0.0032
130,1975,0.0033
130,1976,0.0035
130,1977,0.0039
130,1978,0.0037
130,1979,0.0031
130,1980,0.0031
130,1981,0.0034
130,1982,0.0036
130,1983,0.003
130,1984,0.0035
130,1985,0.0038
130,1986,0.0037
130,1987,0.004
130,1988,0.004
130,1989,0.004
130,1990,0.004
130,1991,0.004
130,1992,0.0044
130,1993,0.0046
130,1994,0.004
130,1995,0.004
130,1996,0.0059
130,1997,0.0074
130,1998,0.0075
130,1999,0.0067
130,2000,0.008
130,2001,0.0079
130,2002,0.0078
130,2003,0.0081
130,2004,0.0091
130,2005,0.0092
130,2006,0.0109
130,2007,0.0128
130,2008,0.0146
130,2009,0.0164
130,2010,0.0184
130,2011,0.0209
130,2012,0.0232
130,2013,0.0253
130,2014,0.0277
130,2015,0.0309
130,2016,0.0346
130,2017,0.0364
130,2018,0.0395
130,2030,0.0185
130,2050,0.025
131,1961,0.0036
131,1962,0.0037
131,1963,0.004
131,1964,0.0041
131,1965,0.004
131,1966,0.0042
131,1967,0.0039
131,1968,0.0042
131,1969,0.0042
131,1970,0.0043
131,1971,0.0042
131,1972,0.0041
131,1973,0.0038
131,1974,0.004
131,1975,0.0042
131,1976,0.0042
131,1977,0.0044
131,1978,0.0042
131,1979,0.0042
131,1980,0.004
131,1981,0.0042
131,1982,0.004
131,1983,0.004
131,1984,0.0041
131,1985,0.004
131,1986,0.0036
131,1987,0.0037
131,1988,0.0038
131,1989,0.0039
131,1990,0.0039
131,1991,0.0035
131,1992,0.0035
131,1993,0.0034
131,1994,0.0036
131,1995,0.0033
131,1996,0.003
131,1997,0.0028
131,1998,0.0028
131,1999,0.0028
131,2000,0.0028
131,2001,0.0028
131,2002,0.0028
131,2003,0.0029
131,2004,0.0031
131,2005,0.0034
131,2006,0.0041
131,2007,0.005
131,2008,0.0056
131,2009,0.0061
131,2010,0.0058
131,2011,0.0056
131,2012,0.0055
131,2013,0.0051
131,2014,0.0051
131,2015,0.0051
131,2016,0.0049
131,2017,0.0051
131,2018,0.0052
131,2030,0.002
131,2050,0.0026
133,1961,0.0197
133,1962,0.0197
133,1963,0.0233
133,1964,0.024
133,1965,0.0248
133,1966,0.0245
133,1967,0.025
133,1968,0.0255
133,1969,0.0259
133,1970,0.0259
133,1971,0.0257
133,1972,0.0217
133,1973,0.0179
133,1974,0.0203
133,1975,0.0236
133,1976,0.025
133,1977,0.0259
133,1978,0.0285
133,1979,0.0306
133,1980,0.0318
133,1981,0.0284
133,1982,0.0285
133,1983,0.0264
133,1984,0.0244
133,1985,0.0229
133,1986,0.0236
133,1987,0.0245
133,1988,0.0261
133,1989,0.0272
133,1990,0.0287
133,1991,0.0303
133,1992,0.0302
133,1993,0.0302
133,1994,0.0302
133,1995,0.0304
133,1996,0.0308
133,1997,0.0312
133,1998,0.0354
133,1999,0.0401
133,2000,0.0448
133,2001,0.0488
133,2002,0.0488
133,2003,0.0512
133,2004,0.0564
133,2005,0.0564
133,2006,0.0566
133,2007,0.0622
133,2008,0.0641
133,2009,0.0673
133,2010,0.0742
133,2011,0.0779
133,2012,0.0818
133,2013,0.0859
133,2014,0.0902
133,2015,0.0947
133,2016,0.1044
133,2017,0.1133
133,2018,0.1189
133,2030,0.1103
133,2050,0.1609
134,1961,0.0004
134,1962,0.0003
134,1963,0.0003
134,1964,0.0003
134,1965,0.0003
134,1966,0.0003
134,1967,0.0003
134,1968,0.0002
134,1969,0.0002
134,1970,0.0002
134,1971,0.0002
134,1972,0.0002
134,1973,0.0001
134,1974,0.0001
134,1975,0.0001
134,1976,0.0001
134,1977,0.0001
134,1978,0.0001
134,1979,0.0001
134,1980,0.0001
134,1981,0.0001
134,1982,0.0001
134,1983,0.0001
134,1984,0.0001
134,1985,0.0001
134,1986,0.0001
134,1987,0.0001
134,1988,0.0001
134,1989,0.0001
134,1990,0.0001
134,1991,0.0001
134,1992,0.0001
134,1993,0.0001
134,1994,0.0001
134,1995,0.0001
134,1996,0.0001
134,1997,0.0001
134,1998,0.0001
134,1999,0.0001
134,2000,0.0001
134,2001,0.0001
134,2002,0.0001
134,2003,0.0001
134,2004,0.0001
134,2005,0.0001
134,2006,0.0001
134,2007,0.0001
134,2008,0.0001
134,2009,0.0001
134,2010,0.0001
134,2011,0.0001
134,2012,0.0001
134,2013,0.0001
134,2014,0.0001
134,2015,0.0001
134,2016,0.0001
134,2017,0.0001
134,2018,0.0001
134,2030,0.0001
134,2050,0.0001
135,1961,0
135,1962,0
135,1963,0
135,1964,0
135,1965,0
135,1966,0
135,1967,0
135,1968,0
135,1969,0
135,1970,0
135,1971,0
135,1972,0
135,1973,0
135,1974,0
135,1975,0
135,1976,0
135,1977,0.0001
135,1978,0.0001
135,1979,0.0001
135,1980,0
135,1981,0
135,1982,0
135,1983,0.0001
135,1984,0.0001
135,1985,0.0001
135,1986,0.0001
135,1987,0.0001
135,1988,0.0001
135,1989,0.0001
135,1990,0.0001
135,1991,0.0001
135,1992,0.0001
135,1993,0.0001
135,1994,0.0001
135,1995,0.0001
135,1996,0.0001
135,1997,0
135,1998,0
135,1999,0
135,2000,0
135,2001,0
135,2002,0
135,2003,0
135,2004,0
135,2005,0
135,2006,0
135,2007,0
135,2008,0
135,2009,0
135,2010,0
135,2011,0
135,2012,0
135,2013,0
135,2014,0
135,2015,0
135,2016,0
135,2017,0
135,2018,0
135,2030,0
135,2050,0
136,1961,0.012
136,1962,0.0123
136,1963,0.0125
136,1964,0.0128
136,1965,0.0131
136,1966,0.0127
136,1967,0.0132
136,1968,0.0141
136,1969,0.0141
136,1970,0.0141
136,1971,0.012
136,1972,0.0118
136,1973,0.0118
136,1974,0.0111
136,1975,0.011
136,1976,0.0115
136,1977,0.0117
136,1978,0.0133
136,1979,0.012
136,1980,0.0122
136,1981,0.0122
136,1982,0.0125
136,1983,0.0141
136,1984,0.0127
136,1985,0.0146
136,1986,0.0146
136,1987,0.0149
136,1988,0.0151
136,1989,0.0156
136,1990,0.016
136,1991,0.0165
136,1992,0.016
136,1993,0.0166
136,1994,0.0166
136,1995,0.0166
136,1996,0.0195
136,1997,0.0198
136,1998,0.0215
136,1999,0.023
136,2000,0.024
136,2001,0.0251
136,2002,0.0262
136,2003,0.0264
136,2004,0.0264
136,2005,0.0264
136,2006,0.0264
136,2007,0.0264
136,2008,0.0248
136,2009,0.026
136,2010,0.0273
136,2011,0.0287
136,2012,0.0302
136,2013,0.0317
136,2014,0.0334
136,2015,0.0349
136,2016,0.0363
136,2017,0.0351
136,2018,0.0354
136,2030,0.0461
136,2050,0.0593
137,1961,0.0003
137,1962,0.0003
137,1963,0.0003
137,1964,0.0003
137,1965,0.0003
137,1966,0.0003
137,1967,0.0003
137,1968,0.0003
137,1969,0.0003
137,1970,0.0003
137,1971,0.0003
137,1972,0.0003
137,1973,0.0003
137,1974,0.0003
137,1975,0.0003
137,1976,0.0003
137,1977,0.0003
137,1978,0.0003
137,1979,0.0003
137,1980,0.0003
137,1981,0.0003
137,1982,0.0003
137,1983,0.0003
137,1984,0.0004
137,1985,0.0004
137,1986,0.0004
137,1987,0.0004
137,1988,0.0004
137,1989,0.0004
137,1990,0.0004
137,1991,0.0005
137,1992,0.0004
137,1993,0.0004
137,1994,0.0004
137,1995,0.0004
137,1996,0.0004
137,1997,0.0004
137,1998,0.0004
137,1999,0.0004
137,2000,0.0003
137,2001,0.0003
137,2002,0.0003
137,2003,0.0003
137,2004,0.0002
137,2005,0.0001
137,2006,0.0001
137,2007,0.0001
137,2008,0.0001
137,2009,0.0001
137,2010,0.0001
137,2011,0.0001
137,2012,0.0001
137,2013,0.0001
137,2014,0.0001
137,2015,0.0001
137,2016,0.0001
137,2017,0.0001
137,2018,0.0001
137,2030,0.0001
137,2050,0.0001
138,1961,0.021
138,1962,0.0217
138,1963,0.0217
138,1964,0.0217
138,1965,0.0219
138,1966,0.0219
138,1967,0.022
138,1968,0.0221
138,1969,0.0222
138,1970,0.0215
138,1971,0.0208
138,1972,0.0218
138,1973,0.0216
138,1974,0.0215
138,1975,0.0214
138,1976,0.0212
138,1977,0.0212
138,1978,0.0215
138,1979,0.0219
138,1980,0.0227
138,1981,0.0236
138,1982,0.0243
138,1983,0.0231
138,1984,0.0225
138,1985,0.0259
138,1986,0.0238
138,1987,0.0246
138,1988,0.0238
138,1989,0.0241
138,1990,0.0246
138,1991,0.0237
138,1992,0.023
138,1993,0.0245
138,1994,0.0242
138,1995,0.0239
138,1996,0.0226
138,1997,0.021
138,1998,0.0213
138,1999,0.0214
138,2000,0.0205
138,2001,0.0205
138,2002,0.0215
138,2003,0.0212
138,2004,0.0209
138,2005,0.0209
138,2006,0.021
138,2007,0.0209
138,2008,0.0211
138,2009,0.0212
138,2010,0.0212
138,2011,0.0212
138,2012,0.0206
138,2013,0.0204
138,2014,0.0205
138,2015,0.0206
138,2016,0.0206
138,2017,0.0206
138,2018,0.0206
138,2030,0.024
138,2050,0.0258
14,1961,0
14,1962,0
14,1963,0
14,1964,0
14,1965,0
14,1966,0
14,1967,0
14,1968,0
14,1969,0
14,1970,0
14,1971,0
14,1972,0
14,1973,0
14,1974,0
14,1975,0
14,1976,0
14,1977,0
14,1978,0
14,1979,0
14,1980,0
14,1981,0
14,1982,0
14,1983,0
14,1984,0
14,1985,0
14,1986,0
14,1987,0
14,1988,0
14,1989,0
14,1990,0
14,1991,0
14,1992,0
14,1993,0
14,1994,0
14,1995,0
14,1996,0
14,1997,0
14,1998,0
14,1999,0
14,2000,0
14,2001,0
14,2002,0
14,2003,0
14,2004,0
14,2005,0
14,2006,0
14,2007,0
14,2008,0
14,2009,0
14,2010,0
14,2011,0
14,2012,0
14,2013,0
14,2014,0
14,2015,0
14,2016,0
14,2017,0
14,2018,0
14,2030,0
14,2050,0
141,1961,0.0664
141,1962,0.0558
141,1963,0.0538
141,1964,0.0582
141,1965,0.0555
141,1966,0.0564
141,1967,0.052
141,1968,0.0511
141,1969,0.0447
141,1970,0.046
141,1971,0.0496
141,1972,0.0494
141,1973,0.0511
141,1974,0.0524
141,1975,0.0539
141,1976,0.0542
141,1977,0.0536
141,1978,0.052
141,1979,0.0555
141,1980,0.0556
141,1981,0.0538
141,1982,0.0542
141,1983,0.0566
141,1984,0.0536
141,1985,0.0507
141,1986,0.0507
141,1987,0.0519
141,1988,0.0517
141,1989,0.0527
141,1990,0.0585
141,1991,0.0604
141,1992,0.0619
141,1993,0.066
141,1994,0.072
141,1995,0.0854
141,1996,0.1004
141,1997,0.1077
141,1998,0.121
141,1999,0.1304
141,2000,0.1301
141,2001,0.121
141,2002,0.1131
141,2003,0.1044
141,2004,0.1256
141,2005,0.1564
141,2006,0.1821
141,2007,0.2163
141,2008,0.2354
141,2009,0.2316
141,2010,0.1636
141,2011,0.1878
141,2012,0.207
141,2013,0.2266
141,2014,0.2594
141,2015,0.2781
141,2016,0.3014
141,2017,0.3223
141,2018,0.3197
141,2030,0.1677
141,2050,0.1611
142,1961,0
142,1962,0
142,1963,0
142,1964,0
142,1965,0
142,1966,0
142,1967,0
142,1968,0
142,1969,0
142,1970,0
142,1971,0
142,1972,0
142,1973,0
142,1974,0
142,1975,0
142,1976,0
142,1977,0
142,1978,0
142,1979,0
142,1980,0
142,1981,0
142,1982,0
142,1983,0
142,1984,0
142,1985,0
142,1986,0
142,1987,0
142,1988,0
142,1989,0
142,1990,0
142,1991,0
142,1992,0
142,1993,0
142,1994,0
142,1995,0
142,1996,0
142,1997,0
142,1998,0
142,1999,0
142,2000,0
142,2001,0
142,2002,0
142,2003,0
142,2004,0
142,2005,0
142,2006,0
142,2007,0
142,2008,0
142,2009,0
142,2010,0
142,2011,0
142,2012,0
142,2013,0
142,2014,0
142,2015,0
142,2016,0
142,2017,0
142,2018,0
142,2030,0
142,2050,0
143,1961,0.033
143,1962,0.0283
143,1963,0.0306
143,1964,0.0302
143,1965,0.0308
143,1966,0.0329
143,1967,0.036
143,1968,0.0385
143,1969,0.0413
143,1970,0.0401
143,1971,0.0384
143,1972,0.0377
143,1973,0.0354
143,1974,0.033
143,1975,0.0321
143,1976,0.0271
143,1977,0.0264
143,1978,0.0282
143,1979,0.0269
143,1980,0.029
143,1981,0.0258
143,1982,0.0193
143,1983,0.0232
143,1984,0.0199
143,1985,0.022
143,1986,0.0249
143,1987,0.0274
143,1988,0.0237
143,1989,0.0249
143,1990,0.0252
143,1991,0.0215
143,1992,0.022
143,1993,0.0182
143,1994,0.0187
143,1995,0.0189
143,1996,0.0217
143,1997,0.0226
143,1998,0.0234
143,1999,0.0222
143,2000,0.0232
143,2001,0.0242
143,2002,0.024
143,2003,0.0246
143,2004,0.0253
143,2005,0.0251
143,2006,0.0252
143,2007,0.0249
143,2008,0.0244
143,2009,0.025
143,2010,0.0268
143,2011,0.0282
143,2012,0.0264
143,2013,0.0278
143,2014,0.029
143,2015,0.0294
143,2016,0.0264
143,2017,0.0245
143,2018,0.027
143,2030,0.0305
143,2050,0.0353
144,1961,0.0021
144,1962,0.0022
144,1963,0.0022
144,1964,0.0023
144,1965,0.0024
144,1966,0.0023
144,1967,0.0022
144,1968,0.0023
144,1969,0.0022
144,1970,0.0025
144,1971,0.0027
144,1972,0.0027
144,1973,0.0027
144,1974,0.0027
144,1975,0.002
144,1976,0.0015
144,1977,0.0015
144,1978,0.0015
144,1979,0.0016
144,1980,0.0016
144,1981,0.0016
144,1982,0.0016
144,1983,0.0017
144,1984,0.0017
144,1985,0.0026
144,1986,0.004
144,1987,0.0052
144,1988,0.0066
144,1989,0.008
144,1990,0.0094
144,1991,0.0118
144,1992,0.0132
144,1993,0.0141
144,1994,0.0156
144,1995,0.0165
144,1996,0.0184
144,1997,0.0193
144,1998,0.0212
144,1999,0.0222
144,2000,0.0238
144,2001,0.0238
144,2002,0.0238
144,2003,0.0224
144,2004,0.0228
144,2005,0.0232
144,2006,0.0201
144,2007,0.0207
144,2008,0.0227
144,2009,0.0184
144,2010,0.0184
144,2011,0.0189
144,2012,0.021
144,2013,0.0214
144,2014,0.0226
144,2015,0.0154
144,2016,0.0165
144,2017,0.0179
144,2018,0.0177
144,2030,0.0282
144,2050,0.036
145,1995,0
145,1996,0
145,1997,0
145,1998,0
145,1999,0
145,2000,0
145,2001,0
145,2002,0
145,2003,0
145,2004,0
145,2005,0
145,2006,0
145,2007,0
145,2008,0
145,2009,0
145,2010,0
145,2011,0
145,2012,0
145,2013,0
145,2014,0
145,2015,0
145,2016,0
145,2017,0
145,2018,0
145,2030,0
145,2050,0
146,1992,0.0011
146,1993,0.0014
146,1994,0.0017
146,1995,0.002
146,1996,0.0021
146,1997,0.0022
146,1998,0.0021
146,1999,0.0021
146,2000,0.0023
146,2001,0.0025
146,2002,0.0025
146,2003,0.0029
146,2004,0.0027
146,2005,0.0027
146,2006,0.0027
146,2007,0.0025
146,2008,0.0022
146,2009,0.0023
146,2010,0.0025
146,2011,0.0027
146,2012,0.0028
146,2013,0.0029
146,2014,0.0033
146,2015,0.0025
146,2016,0.0026
146,2017,0.0036
146,2018,0.0037
146,2030,0.0032
146,2050,0.0032
147,1961,0.0068
147,1962,0.0069
147,1963,0.0071
147,1964,0.0071
147,1965,0.0071
147,1966,0.007
147,1967,0.0069
147,1968,0.0069
147,1969,0.0068
147,1970,0.0068
147,1971,0.0067
147,1972,0.0067
147,1973,0.0066
147,1974,0.0061
147,1975,0.0066
147,1976,0.0067
147,1977,0.0071
147,1978,0.0069
147,1979,0.0076
147,1980,0.009
147,1981,0.0067
147,1982,0.0055
147,1983,0.0058
147,1984,0.0064
147,1985,0.0067
147,1986,0.0073
147,1987,0.0074
147,1988,0.0074
147,1989,0.0084
147,1990,0.0088
147,1991,0.0094
147,1992,0.0083
147,1993,0.0074
147,1994,0.0077
147,1995,0.0076
147,1996,0.0084
147,1997,0.0086
147,1998,0.0081
147,1999,0.008
147,2000,0.0087
147,2001,0.0083
147,2002,0.0099
147,2003,0.0098
147,2004,0.0094
147,2005,0.0096
147,2006,0.0097
147,2007,0.0091
147,2008,0.0094
147,2009,0.0094
147,2010,0.0099
147,2011,0.0101
147,2012,0.0091
147,2013,0.008
147,2014,0.0076
147,2015,0.0088
147,2016,0.0093
147,2017,0.0094
147,2018,0.0089
147,2030,0.02
147,2050,0.0227
149,1961,0.0424
149,1962,0.0442
149,1963,0.0448
149,1964,0.0454
149,1965,0.046
149,1966,0.0466
149,1967,0.0471
149,1968,0.0477
149,1969,0.0483
149,1970,0.0489
149,1971,0.0495
149,1972,0.0501
149,1973,0.0507
149,1974,0.0513
149,1975,0.0519
149,1976,0.0525
149,1977,0.053
149,1978,0.0536
149,1979,0.0542
149,1980,0.0548
149,1981,0.0554
149,1982,0.056
149,1983,0.0566
149,1984,0.0572
149,1985,0.0575
149,1986,0.0591
149,1987,0.06
149,1988,0.0614
149,1989,0.0625
149,1990,0.0627
149,1991,0.0633
149,1992,0.0637
149,1993,0.0643
149,1994,0.0651
149,1995,0.0666
149,1996,0.0682
149,1997,0.0698
149,1998,0.0717
149,1999,0.0731
149,2000,0.0746
149,2001,0.0764
149,2002,0.0779
149,2003,0.0801
149,2004,0.0823
149,2005,0.0843
149,2006,0.0875
149,2007,0.0925
149,2008,0.0959
149,2009,0.0999
149,2010,0.1042
149,2011,0.1083
149,2012,0.1121
149,2013,0.1154
149,2014,0.12
149,2015,0.1208
149,2016,0.1295
149,2017,0.1316
149,2018,0.1373
149,2030,0.1149
149,2050,0.147
15,1961,0
15,1962,0
15,1963,0
15,1964,0
15,1965,0
15,1966,0
15,1967,0
15,1968,0
15,1969,0
15,1970,0
15,1971,0
15,1972,0
15,1973,0
15,1974,0
15,1975,0
15,1976,0.0001
15,1977,0.0001
15,1978,0.0001
15,1979,0.0001
15,1980,0.0001
15,1981,0.0001
15,1982,0.0001
15,1983,0.0001
15,1984,0.0001
15,1985,0.0001
15,1986,0.0001
15,1987,0.0001
15,1988,0.0001
15,1989,0.0001
15,1990,0.0001
15,1991,0.0001
15,1992,0.0001
15,1993,0.0001
15,1994,0.0001
15,1995,0.0001
15,1996,0.0001
15,1997,0.0001
15,1998,0.0001
15,1999,0.0001
150,1961,0.0005
150,1962,0.0004
150,1963,0.0004
150,1964,0.0004
150,1965,0.0003
150,1966,0.0003
150,1967,0.0002
150,1968,0.0002
150,1969,0.0002
150,1970,0.0002
150,1971,0.0002
150,1972,0.0002
150,1973,0.0003
150,1974,0.0003
150,1975,0.0003
150,1976,0.0004
150,1977,0.0004
150,1978,0.0004
150,1979,0.0003
150,1980,0.0003
150,1983,0.0004
150,1984,0.0004
150,1985,0.0004
150,1986,0.0004
150,1987,0.0004
150,1988,0.0004
150,1989,0.0005
150,1990,0.0008
150,1991,0.0009
150,1992,0.0009
150,1993,0.0008
150,1994,0.0007
150,1995,0.0008
150,1996,0.0008
150,1997,0.0012
150,1998,0.0015
150,1999,0.0016
150,2000,0.0019
150,2001,0.0021
150,2002,0.0026
150,2003,0.003
150,2004,0.0033
150,2005,0.0034
150,2006,0.0035
150,2007,0.0038
150,2008,0.004
150,2009,0.0042
150,2010,0.004
150,2011,0.0043
150,2012,0.0045
150,2013,0.0047
150,2014,0.005
150,2015,0.0053
150,2016,0.0057
150,2017,0.006
150,2018,0.0063
150,2030,0.0035
150,2050,0.0033
151,1961,0.0001
151,1962,0.0001
151,1963,0.0001
151,1964,0.0001
151,1965,0.0001
151,1966,0.0001
151,1967,0.0001
151,1968,0.0001
151,1969,0.0001
151,1970,0.0001
151,1971,0.0001
151,1972,0.0001
151,1973,0.0001
151,1974,0
151,1975,0
151,1976,0
151,1977,0
151,1978,0
151,1979,0
151,1980,0
151,1981,0
151,1982,0.0001
151,1983,0.0001
151,1984,0.0001
151,1985,0
151,1986,0
151,1987,0
151,1988,0
151,1989,0
151,1990,0
151,1991,0
151,1992,0
151,1993,0
151,1994,0
151,1995,0
151,1996,0
151,1997,0
151,1998,0
151,1999,0
151,2000,0
151,2001,0
151,2002,0
151,2003,0
151,2004,0
151,2005,0
151,2006,0
151,2007,0
151,2008,0
151,2009,0
151,2010,0
151,2011,0
151,2012,0
151,2013,0
151,2014,0
151,2015,0
151,2016,0
151,2017,0
151,2018,0
151,2030,0
151,2050,0
153,1961,0
153,1962,0
153,1963,0
153,1964,0
153,1965,0
153,1966,0
153,1967,0
153,1968,0
153,1969,0
153,1970,0
153,1971,0
153,1972,0
153,1973,0
153,1974,0
153,1975,0
153,1976,0
153,1977,0
153,1978,0
153,1979,0
153,1980,0
153,1981,0
153,1982,0
153,1983,0
153,1984,0
153,1985,0
153,1986,0
153,1987,0
153,1988,0
153,1989,0
153,1990,0
153,1991,0
153,1992,0
153,1993,0
153,1994,0
153,1995,0
153,1996,0
153,1997,0
153,1998,0
153,1999,0
153,2000,0
153,2001,0
153,2002,0
153,2003,0
153,2004,0
153,2005,0
153,2006,0
153,2007,0
153,2008,0
153,2009,0
153,2010,0
153,2011,0
153,2012,0
153,2013,0
153,2014,0
153,2015,0
153,2016,0
153,2017,0
153,2018,0
153,2030,0
153,2050,0
154,2000,0.0007
154,2001,0.0007
154,2002,0.0007
154,2003,0.0007
154,2004,0.0007
154,2005,0.0007
154,2006,0.0007
154,2007,0.0014
154,2008,0.0015
154,2009,0.0011
154,2010,0.0009
154,2011,0.0008
154,2012,0.0007
154,2013,0.0008
154,2014,0.0009
154,2015,0.001
154,2016,0.0011
154,2017,0.0012
154,2018,0.0013
154,2030,0.0012
154,2050,0.0011
155,1961,0
155,1962,0
155,1963,0
155,1964,0
155,1965,0
155,1966,0
155,1967,0
155,1968,0
155,1969,0
155,1970,0
155,1971,0
155,1972,0
155,1973,0
155,1974,0
155,1975,0
155,1976,0
155,1977,0
155,1978,0
155,1979,0
155,1980,0
155,1981,0
155,1982,0
155,1983,0
155,1984,0
155,1985,0
155,1986,0
155,1987,0
155,1988,0
155,1989,0
155,1990,0
155,1991,0
155,1992,0
155,1993,0
155,1994,0
155,1995,0
155,1996,0
155,1997,0
155,1998,0
155,1999,0
155,2000,0
155,2001,0
155,2002,0
155,2003,0
155,2004,0
155,2005,0
155,2006,0
155,2007,0
155,2008,0
155,2009,0
155,2010,0
155,2011,0
155,2012,0
155,2013,0
155,2014,0
155,2015,0
155,2016,0
155,2017,0
155,2018,0
155,2030,0
155,2050,0
156,1961,0
156,1962,0
156,1963,0
156,1964,0
156,1965,0
156,1966,0
156,1967,0
156,1968,0
156,1969,0
156,1970,0
156,1971,0
156,1972,0
156,1973,0
156,1974,0
156,1975,0
156,1976,0
156,1977,0
156,1978,0
156,1979,0
156,1980,0
156,1981,0
156,1982,0
156,1983,0
156,1984,0
156,1985,0
156,1986,0
156,1987,0
156,1988,0
156,1989,0
156,1990,0
156,1991,0
156,1992,0
156,1993,0
156,1994,0
156,1995,0
156,1996,0
156,1997,0
156,1998,0
156,1999,0
156,2000,0
156,2001,0
156,2002,0
156,2003,0
156,2004,0
156,2005,0
156,2006,0
156,2007,0
156,2008,0
156,2009,0
156,2010,0
156,2011,0
156,2012,0
156,2013,0
156,2014,0
156,2015,0
156,2016,0
156,2017,0
156,2018,0
156,2030,0
156,2050,0
157,1961,0
157,1962,0
157,1963,0
157,1964,0
157,1965,0
157,1966,0
157,1967,0
157,1968,0
157,1969,0
157,1970,0
157,1971,0
157,1972,0
157,1973,0
157,1974,0
157,1975,0
157,1976,0
157,1977,0
157,1978,0
157,1979,0
157,1980,0
157,1981,0
157,1982,0
157,1983,0
157,1984,0
157,1985,0
157,1986,0
157,1987,0
157,1988,0
157,1989,0
157,1990,0
157,1991,0
157,1992,0
157,1993,0
157,1994,0
157,1995,0
157,1996,0
157,1997,0
157,1998,0
157,1999,0
157,2000,0
157,2001,0
157,2002,0
157,2003,0
157,2004,0
157,2005,0
157,2006,0
157,2007,0
157,2008,0
157,2009,0
157,2010,0
157,2011,0
157,2012,0
157,2013,0
157,2014,0
157,2015,0
157,2016,0
157,2017,0
157,2018,0
157,2030,0
157,2050,0
158,1961,0.0233
158,1962,0.0245
158,1963,0.0255
158,1964,0.0262
158,1965,0.0283
158,1966,0.0289
158,1967,0.0296
158,1968,0.0303
158,1969,0.033
158,1970,0.0367
158,1971,0.0377
158,1972,0.0385
158,1973,0.0263
158,1974,0.0301
158,1975,0.033
158,1976,0.0363
158,1977,0.04
158,1978,0.041
158,1979,0.042
158,1980,0.0431
158,1981,0.0435
158,1982,0.0444
158,1983,0.0457
158,1984,0.0306
158,1985,0.023
158,1986,0.0251
158,1987,0.0262
158,1988,0.0272
158,1989,0.0283
158,1990,0.0294
158,1991,0.0306
158,1992,0.0318
158,1993,0.0331
158,1994,0.0344
158,1995,0.0358
158,1996,0.0372
158,1997,0.0387
158,1998,0.0403
158,1999,0.0419
158,2000,0.0436
158,2001,0.0453
158,2002,0.0471
158,2003,0.049
158,2004,0.0509
158,2005,0.053
158,2006,0.0551
158,2007,0.0573
158,2008,0.0596
158,2009,0.062
158,2010,0.06
158,2011,0.0624
158,2012,0.0649
158,2013,0.0675
158,2014,0.0702
158,2015,0.073
158,2016,0.0759
158,2017,0.0789
158,2018,0.0821
158,2030,0.0916
158,2050,0.1261
159,1961,0.0029
159,1962,0.0036
159,1963,0.0043
159,1964,0.0052
159,1965,0.0063
159,1966,0.0075
159,1967,0.009
159,1968,0.0107
159,1969,0.0129
159,1970,0.0149
159,1971,0.0173
159,1972,0.0203
159,1973,0.0235
159,1974,0.0264
159,1975,0.0299
159,1976,0.0346
159,1977,0.039
159,1978,0.0434
159,1979,0.0484
159,1980,0.0533
159,1981,0.0581
159,1982,0.0645
159,1983,0.0699
159,1984,0.0753
159,1985,0.0796
159,1986,0.0902
159,1987,0.0959
159,1988,0.1016
159,1989,0.1106
159,1990,0.11
159,1991,0.1108
159,1992,0.1132
159,1993,0.1179
159,1994,0.1297
159,1995,0.1414
159,1996,0.1532
159,1997,0.165
159,1998,0.1768
159,1999,0.1886
159,2000,0.2004
159,2001,0.2134
159,2002,0.2188
159,2003,0.2242
159,2004,0.2296
159,2005,0.2355
159,2006,0.2414
159,2007,0.2475
159,2008,0.2537
159,2009,0.26
159,2010,0.2665
159,2011,0.3173
159,2012,0.3252
159,2013,0.3333
159,2014,0.3393
159,2015,0.342
159,2016,0.3478
159,2017,0.368
159,2018,0.3743
159,2030,0.3151
159,2050,0.3875
16,1961,0.0896
16,1962,0.0937
16,1963,0.0979
16,1964,0.1058
16,1965,0.1079
16,1966,0.0967
16,1967,0.099
16,1968,0.1014
16,1969,0.1037
16,1970,0.1068
16,1971,0.1108
16,1972,0.1155
16,1973,0.1202
16,1974,0.1249
16,1975,0.1297
16,1976,0.1367
16,1977,0.1414
16,1978,0.1454
16,1979,0.1542
16,1980,0.1085
16,1981,0.111
16,1982,0.1136
16,1983,0.1162
16,1984,0.1598
16,1985,0.1744
16,1986,0.1872
16,1987,0.2008
16,1988,0.2154
16,1989,0.2311
16,1990,0.2479
16,1991,0.2635
16,1992,0.2826
16,1993,0.3061
16,1994,0.3306
16,1995,0.3575
16,1996,0.3926
16,1997,0.4064
16,1998,0.3949
16,1999,0.3984
16,2000,0.4019
16,2001,0.4055
16,2002,0.4349
16,2003,0.4538
16,2004,0.4727
16,2005,0.4927
16,2006,0.5139
16,2007,0.5351
16,2008,0.5575
16,2009,0.5811
16,2010,0.6058
16,2011,0.6294
16,2012,0.6483
16,2013,0.6554
16,2014,0.6589
16,2015,0.6601
16,2016,0.6612
16,2017,0.7013
16,2018,0.7081
16,2030,0.6164
16,2050,0.7211
162,1961,0.0012
162,1962,0.0011
162,1963,0.0011
162,1964,0.0013
162,1965,0.0012
162,1966,0.0012
162,1967,0.0012
162,1968,0.0011
162,1969,0.001
162,1970,0.001
162,1971,0.0009
162,1972,0.0009
162,1973,0.0008
162,1974,0.0008
162,1975,0.0008
162,1976,0.0008
162,1977,0.0008
162,1978,0.0008
162,1979,0.0009
162,1980,0.001
162,1981,0.001
162,1982,0.0011
162,1983,0.0011
162,1984,0.0011
162,1985,0.0011
162,1986,0.0011
162,1987,0.001
162,1988,0.001
162,1989,0.0011
162,1990,0.001
162,1991,0.001
162,1992,0.001
162,1993,0.001
162,1994,0.001
162,1995,0.001
162,1996,0.001
162,1997,0.0009
162,1998,0.0009
162,1999,0.0009
162,2000,0.0009
162,2001,0.0008
162,2002,0.0008
162,2003,0.0008
162,2004,0.0008
162,2005,0.0008
162,2006,0.0008
162,2007,0.0008
162,2008,0.0008
162,2009,0.0008
162,2010,0.0008
162,2011,0.0008
162,2012,0.0007
162,2013,0.0007
162,2014,0.0007
162,2015,0.0008
162,2016,0.0008
162,2017,0.0007
162,2018,0.0007
162,2030,0.0009
162,2050,0.0009
164,1961,0
164,1962,0
164,1963,0
164,1964,0
164,1965,0
164,1966,0
164,1967,0
164,1968,0
164,1969,0
164,1970,0
164,1971,0
164,1972,0
164,1973,0
164,1974,0
164,1975,0
164,1976,0
164,1977,0
164,1978,0
164,1979,0
164,1980,0
164,1981,0
164,1982,0
164,1983,0
164,1984,0
164,1985,0
164,1986,0
164,1987,0
164,1988,0
164,1989,0
164,1990,0
165,1961,0.1037
165,1962,0.1084
165,1963,0.1132
165,1964,0.1179
165,1965,0.1226
165,1966,0.1273
165,1967,0.1332
165,1968,0.1391
165,1969,0.1438
165,1970,0.1556
165,1971,0.1686
165,1972,0.1837
165,1973,0.1995
165,1974,0.2167
165,1975,0.2354
165,1976,0.2557
165,1977,0.2777
165,1978,0.3017
165,1979,0.3277
165,1980,0.2941
165,1981,0.3046
165,1982,0.3155
165,1983,0.3267
165,1984,0.3383
165,1985,0.3504
165,1986,0.353
165,1987,0.3682
165,1988,0.384
165,1989,0.4006
165,1990,0.4178
165,1991,0.4358
165,1992,0.4545
165,1993,0.4741
165,1994,0.4945
165,1995,0.5158
165,1996,0.4853
165,1997,0.5027
165,1998,0.5208
165,1999,0.5395
165,2000,0.559
165,2001,0.5792
165,2002,0.6002
165,2003,0.6219
165,2004,0.6445
165,2005,0.6679
165,2006,0.634
165,2007,0.6512
165,2008,0.6688
165,2009,0.6869
165,2010,0.7055
165,2011,0.7247
165,2012,0.7443
165,2013,0.7645
165,2014,0.7852
165,2015,0.8065
165,2016,0.8283
165,2017,0.8508
165,2018,0.8738
165,2030,0.853
165,2050,1.0385
166,1961,0
166,1962,0
166,1963,0
166,1964,0
166,1965,0
166,1966,0
166,1967,0
166,1968,0
166,1969,0
166,1970,0
166,1971,0
166,1972,0
166,1973,0
166,1974,0
166,1975,0
166,1976,0
166,1977,0
166,1978,0
166,1979,0
166,1980,0
166,1981,0
166,1982,0
166,1983,0
166,1984,0
166,1985,0
166,1986,0
166,1987,0
166,1988,0
166,1989,0
166,1990,0
166,1991,0
166,1992,0
166,1993,0
166,1994,0
166,1995,0
166,1996,0
166,1997,0
166,1998,0
166,1999,0
166,2000,0
166,2001,0
166,2002,0
166,2003,0
166,2004,0
166,2005,0
166,2006,0
166,2007,0
166,2008,0
166,2009,0
166,2010,0
166,2011,0
166,2012,0
166,2013,0
166,2014,0
166,2015,0
166,2016,0
166,2017,0
166,2018,0
166,2030,0
166,2050,0
167,1993,0.001
167,1994,0.001
167,1995,0.001
167,1996,0.001
167,1997,0.0009
167,1998,0.0008
167,1999,0.0008
167,2000,0.0007
167,2001,0.0006
167,2002,0.0003
167,2003,0.0003
167,2004,0.0003
167,2005,0.0003
167,2006,0.0003
167,2007,0.0004
167,2008,0.0004
167,2009,0.0004
167,2010,0.0005
167,2011,0.0005
167,2012,0.0005
167,2013,0.0005
167,2014,0.0006
167,2015,0.0006
167,2016,0.0006
167,2017,0.0006
167,2018,0.0007
167,2030,0.0003
167,2050,0.0003
168,1961,0
168,1962,0
168,1963,0
168,1964,0
168,1965,0
168,1966,0
168,1967,0
168,1968,0
168,1969,0
168,1970,0
168,1971,0
168,1972,0
168,1973,0
168,1974,0
168,1975,0
168,1976,0
168,1977,0
168,1978,0
168,1979,0
168,1980,0
168,1981,0
168,1982,0
168,1983,0
168,1984,0
168,1985,0
168,1986,0
168,1987,0
168,1988,0
168,1989,0
168,1990,0
168,1991,0
168,1992,0
168,1993,0
168,1994,0
168,1995,0
168,1996,0
168,1997,0
168,1998,0
168,1999,0
168,2000,0
168,2001,0
168,2002,0
168,2003,0
168,2004,0
168,2005,0
168,2006,0
168,2007,0
168,2008,0
168,2009,0
168,2010,0
168,2011,0
168,2012,0
168,2013,0
168,2014,0
168,2015,0
168,2016,0
168,2017,0
168,2018,0
168,2030,0
168,2050,0
169,1961,0.0002
169,1962,0.0001
169,1963,0.0001
169,1964,0.0001
169,1965,0.0001
169,1966,0.0001
169,1967,0.0001
169,1968,0.0001
169,1969,0.0001
169,1970,0.0001
169,1971,0.0002
169,1972,0.0002
169,1973,0.0002
169,1974,0.0002
169,1975,0.0003
169,1976,0.0003
169,1977,0.0003
169,1978,0.0003
169,1979,0.0003
169,1980,0.0003
169,1981,0.0003
169,1982,0.0003
169,1983,0.0003
169,1984,0.0003
169,1985,0.0003
169,1986,0.0003
169,1987,0.0003
169,1988,0.0003
169,1989,0.0003
169,1990,0.0003
169,1991,0.0003
169,1992,0.0003
169,1993,0.0003
169,1994,0.0003
169,1995,0.0003
169,1996,0.0003
169,1997,0.0003
169,1998,0.0003
169,1999,0.0003
169,2000,0.0003
169,2001,0.0003
169,2002,0.0003
169,2003,0.0003
169,2004,0.0004
169,2005,0.0004
169,2006,0.0004
169,2007,0.0003
169,2008,0.0003
169,2009,0.0003
169,2010,0.0003
169,2011,0.0003
169,2012,0.0003
169,2013,0.0003
169,2014,0.0003
169,2015,0.0003
169,2016,0.0004
169,2017,0.0004
169,2018,0.0003
169,2030,0.0004
169,2050,0.0005
17,1961,0
17,1962,0
17,1963,0
17,1964,0
17,1965,0
17,1966,0
17,1967,0
17,1968,0
17,1969,0
17,1970,0
17,1971,0
17,1972,0
17,1973,0
17,1974,0
17,1975,0
17,1976,0
17,1977,0
17,1978,0
17,1979,0
17,1980,0
17,1981,0
17,1982,0
17,1983,0
17,1984,0
17,1985,0
17,1986,0
17,1987,0
17,1988,0
17,1989,0
17,1990,0
17,1991,0
17,1992,0
17,1993,0
17,1994,0
17,1995,0
17,1996,0
17,1997,0
17,1998,0
17,1999,0
17,2000,0
17,2001,0
17,2002,0
17,2003,0
17,2004,0
17,2005,0
17,2006,0
17,2007,0
17,2008,0
17,2009,0
17,2010,0
17,2011,0
17,2012,0
17,2013,0
17,2014,0
17,2015,0
17,2016,0
17,2017,0
17,2018,0
17,2030,0
17,2050,0
170,1961,0.009
170,1962,0.0093
170,1963,0.0099
170,1964,0.0093
170,1965,0.0093
170,1966,0.0092
170,1967,0.0044
170,1968,0.0043
170,1969,0.0044
170,1970,0.0044
170,1971,0.0046
170,1972,0.0047
170,1973,0.0047
170,1974,0.0047
170,1975,0.0047
170,1976,0.0048
170,1977,0.0045
170,1978,0.0043
170,1979,0.0044
170,1980,0.004
170,1981,0.0038
170,1982,0.004
170,1983,0.0039
170,1984,0.0039
170,1985,0.004
170,1986,0.0041
170,1987,0.0042
170,1988,0.0042
170,1989,0.0042
170,1990,0.0041
170,1991,0.0041
170,1992,0.0042
170,1993,0.0042
170,1994,0.0042
170,1995,0.0048
170,1996,0.0048
170,1997,0.0048
170,1998,0.0048
170,1999,0.0049
170,2000,0.0048
170,2001,0.0048
170,2002,0.0047
170,2003,0.0047
170,2004,0.0046
170,2005,0.0046
170,2006,0.0046
170,2007,0.0045
170,2008,0.0045
170,2009,0.0045
170,2010,0.0046
170,2011,0.0046
170,2012,0.0046
170,2013,0.0045
170,2014,0.0045
170,2015,0.0044
170,2016,0.0044
170,2017,0.0044
170,2018,0.0043
170,2030,0.005
170,2050,0.0053
171,1961,0.0063
171,1962,0.0074
171,1963,0.0057
171,1964,0.0066
171,1965,0.0071
171,1966,0.0073
171,1967,0.0071
171,1968,0.0073
171,1969,0.0082
171,1970,0.0091
171,1971,0.0109
171,1972,0.0128
171,1973,0.02
171,1974,0.021
171,1975,0.0239
171,1976,0.0239
171,1977,0.0248
171,1978,0.027
171,1979,0.0263
171,1980,0.0349
171,1981,0.035
171,1982,0.0368
171,1983,0.0394
171,1984,0.0385
171,1985,0.0455
171,1986,0.0474
171,1987,0.053
171,1988,0.0562
171,1989,0.0601
171,1990,0.0565
171,1991,0.0596
171,1992,0.0615
171,1993,0.0675
171,1994,0.0707
171,1995,0.0729
171,1996,0.0734
171,1997,0.0743
171,1998,0.0707
171,1999,0.0722
171,2000,0.0736
171,2001,0.073
171,2002,0.0737
171,2003,0.0731
171,2004,0.075
171,2005,0.079
171,2006,0.0495
171,2007,0.0477
171,2008,0.0492
171,2009,0.0498
171,2010,0.0492
171,2011,0.0458
171,2012,0.0438
171,2013,0.0435
171,2014,0.0436
171,2015,0.0433
171,2016,0.0432
171,2017,0.0437
171,2018,0.0439
171,2030,0.07
171,2050,0.0773
173,1992,0.0043
173,1993,0.0043
173,1994,0.0043
173,1995,0.0043
173,1996,0.0043
173,1997,0.0043
173,1998,0.0043
173,1999,0.0043
173,2000,0.0043
173,2001,0.0043
173,2002,0.0043
173,2003,0.0044
173,2004,0.004
173,2005,0.0032
173,2006,0.0029
173,2007,0.0033
173,2008,0.0031
173,2009,0.0027
173,2010,0.0024
173,2011,0.0025
173,2012,0.002
173,2013,0.0018
173,2014,0.0018
173,2015,0.0018
173,2016,0.001
173,2017,0.001
173,2018,0.001
173,2030,0.003
173,2050,0.0029
174,1961,0.0069
174,1962,0.0066
174,1963,0.0064
174,1964,0.0066
174,1965,0.0064
174,1966,0.0064
174,1967,0.0063
174,1968,0.0063
174,1969,0.0073
174,1970,0.0075
174,1971,0.0079
174,1972,0.0085
174,1973,0.0086
174,1974,0.0083
174,1975,0.0077
174,1976,0.0078
174,1977,0.0084
174,1978,0.0102
174,1979,0.0084
174,1980,0.0083
174,1981,0.0085
174,1982,0.0084
174,1983,0.0084
174,1984,0.0084
174,1985,0.0084
174,1986,0.0084
174,1987,0.009
174,1988,0.0091
174,1989,0.0095
174,1990,0.0097
174,1991,0.009
174,1992,0.0087
174,1993,0.0086
174,1994,0.0082
174,1995,0.0082
174,1996,0.008
174,1997,0.0077
174,1998,0.0076
174,1999,0.0076
174,2000,0.0071
174,2001,0.0055
174,2002,0.0053
174,2003,0.005
174,2004,0.0053
174,2005,0.0054
174,2006,0.0053
174,2007,0.005
174,2008,0.0049
174,2009,0.0048
174,2010,0.0047
174,2011,0.0047
174,2012,0.0046
174,2013,0.0045
174,2014,0.0043
174,2015,0.0042
174,2016,0.0039
174,2017,0.0038
174,2018,0.0038
174,2030,0.005
174,2050,0.0048
175,1961,0.0005
175,1962,0.0005
175,1963,0.0005
175,1964,0.0005
175,1965,0.0005
175,1966,0.0005
175,1967,0.0005
175,1968,0.0005
175,1969,0.0005
175,1970,0.0005
175,1971,0.0006
175,1972,0.0006
175,1973,0.0006
175,1974,0.0006
175,1975,0.0007
175,1976,0.0007
175,1977,0.0007
175,1978,0.0008
175,1979,0.0008
175,1980,0.0009
175,1981,0.0009
175,1982,0.0009
175,1983,0.0009
175,1984,0.0009
175,1985,0.0009
175,1986,0.001
175,1987,0.001
175,1988,0.001
175,1989,0.001
175,1990,0.001
175,1991,0.001
175,1992,0.0012
175,1993,0.0013
175,1994,0.0013
175,1995,0.0013
175,1996,0.0014
175,1997,0.0014
175,1998,0.0015
175,1999,0.0015
175,2000,0.0015
175,2001,0.0015
175,2002,0.0015
175,2003,0.0016
175,2004,0.0016
175,2005,0.0024
175,2006,0.0026
175,2007,0.0027
175,2008,0.0029
175,2009,0.0031
175,2010,0.0032
175,2011,0.0034
175,2012,0.0035
175,2013,0.0035
175,2014,0.0035
175,2015,0.0036
175,2016,0.0038
175,2017,0.0038
175,2018,0.0039
175,2030,0.0027
175,2050,0.0028
176,1961,0.0026
176,1962,0.0027
176,1963,0.0028
176,1964,0.0027
176,1965,0.003
176,1966,0.003
176,1967,0.0025
176,1968,0.0023
176,1969,0.002
176,1970,0.0024
176,1971,0.0026
176,1972,0.0025
176,1973,0.0023
176,1974,0.0023
176,1975,0.0022
176,1976,0.0022
176,1977,0.0017
176,1978,0.0012
176,1979,0.0006
176,1980,0.0003
176,1981,0.0004
176,1982,0.0005
176,1983,0.0006
176,1984,0.0008
176,1985,0.0009
176,1986,0.0009
176,1987,0.0009
176,1988,0.001
176,1989,0.0011
176,1990,0.0011
176,1991,0.0012
176,1992,0.0014
176,1993,0.0015
176,1994,0.0019
176,1995,0.002
176,1996,0.0022
176,1997,0.0023
176,1998,0.0026
176,1999,0.0022
176,2000,0.0009
176,2001,0.0009
176,2002,0.0011
176,2003,0.0013
176,2004,0.0015
176,2005,0.0015
176,2006,0.0016
176,2007,0.0016
176,2008,0.0016
176,2009,0.0017
176,2010,0.0018
176,2011,0.0019
176,2012,0.002
176,2013,0.0021
176,2014,0.0021
176,2015,0.0019
176,2016,0.0016
176,2017,0.0014
176,2018,0.0016
176,2030,0.0017
176,2050,0.0019
177,1961,0
177,1962,0
177,1963,0
177,1964,0
177,1965,0
177,1966,0
177,1967,0
177,1968,0
177,1969,0
177,1970,0
177,1971,0
177,1972,0
177,1973,0.0001
177,1974,0.0001
177,1975,0.0001
177,1976,0.0001
177,1977,0.0001
177,1978,0.0001
177,1979,0.0001
177,1980,0.0001
177,1981,0.0001
177,1982,0
177,1983,0
177,1984,0
177,1985,0
177,1986,0
177,1987,0
177,1988,0
177,1989,0
177,1990,0
177,1991,0.0001
177,1992,0.0001
177,1993,0
177,1994,0
177,1995,0
177,1996,0
177,1997,0
177,1998,0
177,1999,0
177,2000,0
177,2001,0
177,2002,0
177,2003,0
177,2004,0
177,2005,0
177,2006,0
177,2007,0
177,2008,0
177,2009,0
177,2010,0
177,2011,0
177,2012,0
177,2013,0
177,2014,0
177,2015,0
177,2016,0
177,2017,0
177,2018,0
177,2030,0
177,2050,0
178,1993,0.0066
178,1994,0.0068
178,1995,0.0071
178,1996,0.0073
178,1997,0.0075
178,1998,0.0078
178,1999,0.008
178,2000,0.008
178,2001,0.008
178,2002,0.008
178,2003,0.0085
178,2004,0.0087
178,2005,0.0087
178,2006,0.008
178,2007,0.0081
178,2008,0.0082
178,2009,0.0082
178,2010,0.0083
178,2011,0.0083
178,2012,0.0083
178,2013,0.0085
178,2014,0.0086
178,2015,0.0087
178,2016,0.0086
178,2017,0.0085
178,2018,0.0085
178,2030,0.0107
178,2050,0.0137
179,1961,0
179,1962,0
179,1963,0
179,1964,0
179,1965,0
179,1966,0
179,1967,0
179,1968,0
179,1969,0
179,1970,0
179,1971,0
179,1972,0
179,1973,0
179,1974,0
179,1975,0
179,1976,0
179,1977,0
179,1978,0
179,1979,0
179,1980,0
179,1981,0
179,1982,0
179,1983,0
179,1984,0
179,1985,0
179,1986,0
179,1987,0
179,1988,0
179,1989,0
179,1990,0
179,1991,0
179,1992,0
179,1993,0
179,1994,0
179,1995,0
179,1996,0
179,1997,0
179,1998,0
179,1999,0
179,2000,0
179,2001,0
179,2002,0
179,2003,0
179,2004,0
179,2005,0
179,2006,0
179,2007,0
179,2008,0
179,2009,0
179,2010,0
179,2011,0
179,2012,0
179,2013,0
179,2014,0
179,2015,0
179,2016,0
179,2017,0
179,2018,0
179,2030,0
179,2050,0
18,1961,0.0002
18,1962,0.0002
18,1963,0.0002
18,1964,0.0002
18,1965,0.0002
18,1966,0.0002
18,1967,0.0002
18,1968,0.0002
18,1969,0.0002
18,1970,0.0002
18,1971,0.0002
18,1972,0.0002
18,1973,0.0002
18,1974,0.0002
18,1975,0.0002
18,1976,0.0002
18,1977,0.0002
18,1978,0.0002
18,1979,0.0002
18,1980,0.0002
18,1981,0.0002
18,1982,0.0002
18,1983,0.0003
18,1984,0.0003
18,1985,0.0003
18,1986,0.0003
18,1987,0.0006
18,1988,0.0004
18,1989,0.0004
18,1990,0.0004
18,1991,0.0003
18,1992,0.0002
18,1993,0.0002
18,1994,0.0003
18,1995,0.0004
18,1996,0.0004
18,1997,0.0004
18,1998,0.0004
18,1999,0.0004
18,2000,0.0004
18,2001,0.0003
18,2002,0.0003
18,2003,0.0003
18,2004,0.0003
18,2005,0.0002
18,2006,0.0003
18,2007,0.0003
18,2008,0.0005
18,2009,0.0005
18,2010,0.0005
18,2011,0.0005
18,2012,0.0005
18,2013,0.0005
18,2014,0.0006
18,2015,0.0005
18,2016,0.0005
18,2017,0.0005
18,2018,0.0005
18,2030,0.0004
18,2050,0.0005
181,1961,0.002
181,1962,0.0021
181,1963,0.0024
181,1964,0.0028
181,1965,0.0033
181,1966,0.0038
181,1967,0.0042
181,1968,0.0049
181,1969,0.0064
181,1970,0.0074
181,1971,0.0084
181,1972,0.009
181,1973,0.0093
181,1974,0.0094
181,1975,0.0092
181,1976,0.0084
181,1977,0.0086
181,1978,0.0092
181,1979,0.0064
181,1980,0.0046
181,1981,0.0059
181,1982,0.0043
181,1983,0.0051
181,1984,0.0071
181,1985,0.0077
181,1986,0.0094
181,1987,0.0102
181,1988,0.0109
181,1989,0.0112
181,1990,0.012
181,1991,0.012
181,1992,0.012
181,1993,0.0118
181,1994,0.0122
181,1995,0.0123
181,1996,0.0128
181,1997,0.0127
181,1998,0.013
181,1999,0.0137
181,2000,0.0151
181,2001,0.0172
181,2002,0.0159
181,2003,0.0154
181,2004,0.0146
181,2005,0.0153
181,2006,0.0154
181,2007,0.0157
181,2008,0.0149
181,2009,0.0198
181,2010,0.022
181,2011,0.0223
181,2012,0.0231
181,2013,0.0236
181,2014,0.02
181,2015,0.0191
181,2016,0.016
181,2017,0.0221
181,2018,0.0229
181,2030,0.0231
181,2050,0.0288
182,1961,0
182,1962,0
182,1963,0
182,1964,0
182,1965,0
182,1966,0.0001
182,1967,0.0001
182,1968,0.0001
182,1969,0.0001
182,1970,0.0001
182,1971,0.0001
182,1972,0.0001
182,1973,0.0002
182,1974,0.0002
182,1975,0.0002
182,1976,0.0002
182,1977,0.0002
182,1978,0.0002
182,1979,0.0002
182,1980,0.0002
182,1981,0.0002
182,1982,0.0002
182,1983,0.0002
182,1984,0.0002
182,1985,0.0002
182,1986,0.0002
182,1987,0.0002
182,1988,0.0002
182,1989,0.0001
182,1990,0.0001
182,1991,0.0001
182,1992,0.0001
182,1993,0.0001
182,1994,0.0001
182,1995,0.0001
182,1996,0.0001
182,1997,0.0002
182,1998,0.0002
182,1999,0.0002
182,2000,0.0002
182,2001,0.0002
182,2002,0.0002
182,2003,0.0002
182,2004,0.0002
182,2005,0.0002
182,2006,0.0002
182,2007,0.0002
182,2008,0.0002
182,2009,0.0002
182,2010,0.0002
182,2011,0.0002
182,2012,0.0002
182,2013,0.0002
182,2014,0.0002
182,2015,0.0002
182,2016,0.0002
182,2017,0.0002
182,2018,0.0002
182,2030,0.0002
182,2050,0.0002
183,1961,0.0091
183,1962,0.0127
183,1963,0.0124
183,1964,0.014
183,1965,0.0168
183,1966,0.0182
183,1967,0.0187
183,1968,0.0166
183,1969,0.0143
183,1970,0.0128
183,1971,0.0121
183,1972,0.0127
183,1973,0.0121
183,1974,0.0113
183,1975,0.01
183,1976,0.0101
183,1977,0.01
183,1978,0.0091
183,1979,0.0093
183,1980,0.0085
183,1981,0.0216
183,1982,0.0104
183,1983,0.0116
183,1984,0.0155
183,1985,0.0171
183,1986,0.0187
183,1987,0.0204
183,1988,0.0224
183,1989,0.0244
183,1990,0.023
183,1991,0.0227
183,1992,0.0216
183,1993,0.0182
183,1994,0.0175
183,1995,0.0168
183,1996,0.0159
183,1997,0.0148
183,1998,0.0138
183,1999,0.0132
183,2000,0.0126
183,2001,0.0122
183,2002,0.0119
183,2003,0.0143
183,2004,0.0153
183,2005,0.0149
183,2006,0.0155
183,2007,0.0164
183,2008,0.0196
183,2009,0.0203
183,2010,0.0207
183,2011,0.0281
183,2012,0.028
183,2013,0.0286
183,2014,0.0297
183,2015,0.032
183,2016,0.0326
183,2017,0.0335
183,2018,0.034
183,2030,0.0151
183,2050,0.0145
184,1961,0.0022
184,1962,0.0022
184,1963,0.0021
184,1964,0.0022
184,1965,0.0019
184,1966,0.0018
184,1967,0.0024
184,1968,0.0019
184,1969,0.0021
184,1970,0.0023
184,1971,0.0024
184,1972,0.0024
184,1973,0.003
184,1974,0.0026
184,1975,0.003
184,1976,0.0032
184,1977,0.0035
184,1978,0.0037
184,1979,0.0039
184,1980,0.0042
184,1981,0.0044
184,1982,0.0046
184,1983,0.0044
184,1984,0.0044
184,1985,0.0048
184,1986,0.0047
184,1987,0.0048
184,1988,0.0049
184,1989,0.0051
184,1990,0.0051
184,1991,0.0054
184,1992,0.0055
184,1993,0.0057
184,1994,0.0058
184,1995,0.0023
184,1996,0.0029
184,1997,0.0025
184,1998,0.003
184,1999,0.0033
184,2000,0.0036
184,2001,0.0036
184,2002,0.0043
184,2003,0.0044
184,2004,0.006
184,2005,0.0069
184,2006,0.008
184,2007,0.0101
184,2008,0.0119
184,2009,0.0124
184,2010,0.0127
184,2011,0.014
184,2012,0.0126
184,2013,0.0127
184,2014,0.0119
184,2015,0.0128
184,2016,0.0123
184,2017,0.0138
184,2018,0.0129
184,2030,0.014
184,2050,0.0178
185,1992,0.0692
185,1993,0.072
185,1994,0.07
185,1995,0.0627
185,1996,0.0606
185,1997,0.0553
185,1998,0.0518
185,1999,0.0485
185,2000,0.0487
185,2001,0.0505
185,2002,0.0524
185,2003,0.0533
185,2004,0.0539
185,2005,0.0521
185,2006,0.0489
185,2007,0.0497
185,2008,0.05
185,2009,0.049
185,2010,0.0483
185,2011,0.0465
185,2012,0.0473
185,2013,0.0479
185,2014,0.0473
185,2015,0.0476
185,2016,0.0489
185,2017,0.0465
185,2018,0.0462
185,2030,0.0604
185,2050,0.062
186,1992,0.0027
186,1993,0.003
186,1994,0.0032
186,1995,0.0038
186,1996,0.0035
186,1997,0.0033
186,1998,0.0035
186,1999,0.0037
186,2000,0.0027
186,2001,0.0027
186,2002,0.0026
186,2003,0.0025
186,2004,0.0022
186,2005,0.0016
187,1961,0
187,1962,0
187,1963,0
187,1964,0
187,1965,0
187,1966,0
187,1967,0
187,1968,0
187,1969,0
187,1970,0
187,1971,0
187,1972,0
187,1973,0
187,1974,0
187,1975,0
187,1976,0
187,1977,0
187,1978,0
187,1979,0
187,1980,0
187,1981,0
187,1982,0
187,1983,0
187,1984,0
187,1985,0
187,1986,0
187,1987,0
187,1988,0
187,1989,0
187,1990,0
187,1991,0
187,1992,0
187,1993,0
187,1994,0
187,1995,0
187,1996,0
187,1997,0
187,1998,0
187,1999,0
187,2000,0
187,2001,0
187,2002,0
187,2003,0
187,2004,0
187,2005,0
187,2006,0
187,2007,0
187,2008,0
187,2009,0
187,2010,0
187,2011,0
187,2012,0
187,2013,0
187,2014,0
187,2015,0
187,2016,0
187,2017,0
187,2018,0
187,2030,0
187,2050,0
188,1961,0
188,1962,0
188,1963,0
188,1964,0
188,1965,0
188,1966,0
188,1967,0
188,1968,0
188,1969,0
188,1970,0
188,1971,0
188,1972,0
188,1973,0
188,1974,0
188,1975,0
188,1976,0
188,1977,0
188,1978,0
188,1979,0
188,1980,0
188,1981,0
188,1982,0
188,1983,0
188,1984,0
188,1985,0
188,1986,0
188,1987,0
188,1988,0
188,1989,0
188,1990,0
188,1991,0
188,1992,0
188,1993,0
188,1994,0
188,1995,0
188,1996,0
188,1997,0
188,1998,0
188,1999,0
188,2000,0
188,2001,0
188,2002,0
188,2003,0
188,2004,0
188,2005,0
188,2006,0
188,2007,0
188,2008,0
188,2009,0
188,2010,0
188,2011,0
188,2012,0
188,2013,0
188,2014,0
188,2015,0
188,2016,0
188,2017,0
188,2018,0
188,2030,0
188,2050,0
189,1961,0
189,1962,0
189,1963,0
189,1964,0
189,1965,0
189,1966,0
189,1967,0
189,1968,0
189,1969,0
189,1970,0
189,1971,0
189,1972,0
189,1973,0
189,1974,0
189,1975,0
189,1976,0
189,1977,0
189,1978,0
189,1979,0
189,1980,0
189,1981,0
189,1982,0
189,1983,0
189,1984,0
189,1985,0
189,1986,0
189,1987,0
189,1988,0
189,1989,0
189,1990,0
189,1991,0
189,1992,0
189,1993,0
189,1994,0
189,1995,0
189,1996,0
189,1997,0
189,1998,0
189,1999,0
189,2000,0
189,2001,0
189,2002,0
189,2003,0
189,2004,0
189,2005,0
189,2006,0
189,2007,0
189,2008,0
189,2009,0
189,2010,0
189,2011,0
189,2012,0
189,2013,0
189,2014,0
189,2015,0
189,2016,0
189,2017,0
189,2018,0
189,2030,0
189,2050,0
19,1961,0.004
19,1962,0.0042
19,1963,0.0046
19,1964,0.0047
19,1965,0.0047
19,1966,0.0047
19,1967,0.005
19,1968,0.0051
19,1969,0.0052
19,1970,0.0055
19,1971,0.0058
19,1972,0.006
19,1973,0.0062
19,1974,0.0064
19,1975,0.0066
19,1976,0.0067
19,1977,0.0069
19,1978,0.0069
19,1979,0.007
19,1980,0.0047
19,1981,0.0047
19,1982,0.0048
19,1983,0.0041
19,1984,0.0031
19,1985,0.0031
19,1986,0.0033
19,1987,0.0036
19,1988,0.0035
19,1989,0.0034
19,1990,0.0034
19,1991,0.0035
19,1992,0.0035
19,1993,0.0036
19,1994,0.0036
19,1995,0.0037
19,1996,0.0037
19,1997,0.0038
19,1998,0.0039
19,1999,0.0039
19,2000,0.004
19,2001,0.0041
19,2002,0.0042
19,2003,0.0043
19,2004,0.0044
19,2005,0.0045
19,2006,0.0047
19,2007,0.0048
19,2008,0.0049
19,2009,0.0051
19,2010,0.0052
19,2011,0.0053
19,2012,0.0055
19,2013,0.0056
19,2014,0.0051
19,2015,0.0051
19,2016,0.0052
19,2017,0.0052
19,2018,0.0053
19,2030,0.0054
19,2050,0.0061
190,1990,0
190,1991,0
190,1992,0
191,1961,0
191,1962,0
191,1963,0
191,1964,0
191,1965,0
191,1966,0
191,1967,0
191,1968,0
191,1969,0
191,1970,0
191,1971,0
191,1972,0
191,1973,0
191,1974,0
191,1975,0
191,1976,0
191,1977,0
191,1978,0
191,1979,0
191,1980,0
191,1981,0
191,1982,0
191,1983,0
191,1984,0
191,1985,0
191,1986,0
191,1987,0
191,1988,0
191,1989,0
191,1990,0
191,1991,0
191,1992,0
191,1993,0
191,1994,0
191,1995,0
191,1996,0
191,1997,0
191,1998,0
191,1999,0
191,2000,0
191,2001,0
191,2002,0
191,2003,0
191,2004,0
191,2005,0
191,2006,0
191,2007,0
191,2008,0
191,2009,0
191,2010,0
191,2011,0
191,2012,0
191,2013,0
191,2014,0
191,2015,0
191,2016,0
191,2017,0
191,2018,0
191,2030,0
191,2050,0
193,1961,0
193,1962,0
193,1963,0
193,1964,0
193,1965,0
193,1966,0
193,1967,0
193,1968,0
193,1969,0
193,1970,0
193,1971,0
193,1972,0
193,1973,0
193,1974,0
193,1975,0
193,1976,0
193,1977,0
193,1978,0
193,1979,0
193,1980,0
193,1981,0
193,1982,0
193,1983,0
193,1984,0
193,1985,0
193,1986,0
193,1987,0
193,1988,0
193,1989,0
193,1990,0
193,1991,0
193,1992,0
193,1993,0
193,1994,0
193,1995,0
193,1996,0
193,1997,0
193,1998,0
193,1999,0
193,2000,0
193,2001,0
193,2002,0
193,2003,0
193,2004,0
193,2005,0
193,2006,0
193,2007,0
193,2008,0
193,2009,0
193,2010,0
193,2011,0
193,2012,0
193,2013,0
193,2014,0
193,2015,0
193,2016,0
193,2017,0
193,2018,0
193,2030,0
193,2050,0
194,1961,0
194,1962,0
194,1963,0
194,1964,0
194,1965,0
194,1966,0
194,1967,0
194,1968,0
194,1969,0
194,1970,0
194,1971,0
194,1972,0
194,1973,0
194,1974,0
194,1975,0
194,1976,0
194,1977,0
194,1978,0
194,1979,0
194,1980,0
194,1981,0
194,1982,0
194,1983,0
194,1984,0
194,1985,0
194,1986,0
194,1987,0
194,1988,0
194,1989,0
194,1990,0
194,1991,0
194,1992,0
194,1993,0
194,1994,0
194,1995,0
194,1996,0
194,1997,0
194,1998,0
194,1999,0
194,2000,0
194,2001,0
194,2002,0
194,2003,0
194,2004,0
194,2005,0
194,2006,0
194,2007,0
194,2008,0
194,2009,0
194,2010,0
194,2011,0
194,2012,0
194,2013,0
194,2014,0
194,2015,0
194,2016,0
194,2017,0
194,2018,0
194,2030,0
194,2050,0
195,1961,0.0042
195,1962,0.0044
195,1963,0.0046
195,1964,0.0047
195,1965,0.0049
195,1966,0.005
195,1967,0.0048
195,1968,0.0052
195,1969,0.0052
195,1970,0.0052
195,1971,0.0047
195,1972,0.0047
195,1973,0.0042
195,1974,0.0038
195,1975,0.004
195,1976,0.0041
195,1977,0.0042
195,1978,0.0044
195,1979,0.0044
195,1980,0.0046
195,1981,0.0049
195,1982,0.0053
195,1983,0.0047
195,1984,0.0047
195,1985,0.0062
195,1986,0.0099
195,1987,0.0105
195,1988,0.0098
195,1989,0.0104
195,1990,0.012
195,1991,0.0135
195,1992,0.0139
195,1993,0.0145
195,1994,0.0151
195,1995,0.0155
195,1996,0.0162
195,1997,0.0169
195,1998,0.0175
195,1999,0.0181
195,2000,0.0183
195,2001,0.0188
195,2002,0.0184
195,2003,0.0187
195,2004,0.019
195,2005,0.0195
195,2006,0.0201
195,2007,0.0205
195,2008,0.0211
195,2009,0.0217
195,2010,0.0224
195,2011,0.023
195,2012,0.0238
195,2013,0.0245
195,2014,0.0254
195,2015,0.026
195,2016,0.0263
195,2017,0.0269
195,2018,0.0276
195,2030,0.0307
195,2050,0.0446
196,1961,0
196,1962,0
196,1963,0
196,1964,0
196,1965,0
196,1966,0
196,1967,0
196,1968,0
196,1969,0
196,1970,0
196,1971,0
196,1972,0
196,1973,0
196,1974,0
196,1975,0
196,1976,0
196,1977,0
196,1978,0
196,1979,0
196,1980,0
196,1981,0
196,1982,0
196,1983,0
196,1984,0
196,1985,0
196,1986,0
196,1987,0
196,1988,0
196,1989,0
196,1990,0
196,1991,0
196,1992,0
196,1993,0
196,1994,0
196,1995,0
196,1996,0
196,1997,0
196,1998,0
196,1999,0
196,2000,0
196,2001,0
196,2002,0
196,2003,0
196,2004,0
196,2005,0
196,2006,0
196,2007,0
196,2008,0
196,2009,0
196,2010,0
196,2011,0
196,2012,0
196,2013,0
196,2014,0
196,2015,0
196,2016,0
196,2017,0
196,2018,0
196,2030,0
196,2050,0
197,1961,0.0004
197,1962,0.0004
197,1963,0.0004
197,1964,0.0004
197,1965,0.0004
197,1966,0.0004
197,1967,0.0004
197,1968,0.0004
197,1969,0.0005
197,1970,0.0005
197,1971,0.0005
197,1972,0.0005
197,1973,0.0005
197,1974,0.0006
197,1975,0.0006
197,1976,0.0006
197,1977,0.0006
197,1978,0.0006
197,1979,0.0006
197,1980,0.0006
197,1981,0.0006
197,1982,0.0007
197,1983,0.0007
197,1984,0.0007
197,1985,0.0007
197,1986,0.0007
197,1987,0.0007
197,1988,0.0007
197,1989,0.0007
197,1990,0.0007
197,1991,0.0007
197,1992,0.0007
197,1993,0.0008
197,1994,0.0008
197,1995,0.0008
197,1996,0.0009
197,1997,0.0009
197,1998,0.0009
197,1999,0.0009
197,2000,0.0009
197,2001,0.0007
197,2002,0.0009
197,2003,0.001
197,2004,0.0013
197,2005,0.0015
197,2006,0.0018
197,2007,0.0022
197,2008,0.0026
197,2009,0.0034
197,2010,0.0038
197,2011,0.0042
197,2012,0.0042
197,2013,0.0042
197,2014,0.0042
197,2015,0.0042
197,2016,0.0042
197,2017,0.0042
197,2018,0.0043
197,2030,0.0033
197,2050,0.0048
198,1992,0.0001
198,1993,0.0001
198,1994,0.0001
198,1995,0.0001
198,1996,0.0001
198,1997,0.0001
198,1998,0.0002
198,1999,0.0002
198,2000,0.0002
198,2001,0.0002
198,2002,0.0002
198,2003,0.0002
198,2004,0.0003
198,2005,0.0003
198,2006,0.0003
198,2007,0.0003
198,2008,0.0003
198,2009,0.0003
198,2010,0.0003
198,2011,0.0003
198,2012,0.0003
198,2013,0.0003
198,2014,0.0002
198,2015,0.0003
198,2016,0.0003
198,2017,0.0003
198,2018,0.0003
198,2030,0.0003
198,2050,0.0003
199,1993,0.0005
199,1994,0.0006
199,1995,0.0006
199,1996,0.0006
199,1997,0.0006
199,1998,0.0006
199,1999,0.0012
199,2000,0.0012
199,2001,0.0012
199,2002,0.0009
199,2003,0.0009
199,2004,0.0009
199,2005,0.0009
199,2006,0.0009
199,2007,0.0009
199,2008,0.0009
199,2009,0.0008
199,2010,0.0008
199,2011,0.0008
199,2012,0.0008
199,2013,0.0008
199,2014,0.0008
199,2015,0.0008
199,2016,0.0008
199,2017,0.0008
199,2018,0.0008
199,2030,0.0009
199,2050,0.0008
2,1961,0.0495
2,1962,0.0482
2,1963,0.0448
2,1964,0.0413
2,1965,0.0377
2,1966,0.0377
2,1967,0.0377
2,1968,0.0376
2,1969,0.0354
2,1970,0.0377
2,1971,0.0365
2,1972,0.0236
2,1973,0.0289
2,1974,0.0324
2,1975,0.0354
2,1976,0.0354
2,1977,0.0354
2,1978,0.0354
2,1979,0.034
2,1980,0.0336
2,1981,0.0342
2,1982,0.0342
2,1983,0.0318
2,1984,0.0295
2,1985,0.0265
2,1986,0.0229
2,1987,0.0271
2,1988,0.0312
2,1989,0.0354
2,1990,0.0395
2,1991,0.0436
2,1992,0.0477
2,1993,0.0519
2,1994,0.056
2,1995,0.0635
2,1996,0.0543
2,1997,0.0652
2,1998,0.0778
2,1999,0.0869
2,2000,0.086
2,2001,0.059
2,2002,0.0858
2,2003,0.0875
2,2004,0.0901
2,2005,0.0822
2,2006,0.0795
2,2007,0.0635
2,2008,0.0753
2,2009,0.0685
2,2010,0.08
2,2011,0.09
2,2012,0.0862
2,2013,0.0829
2,2014,0.0832
2,2015,0.091
2,2016,0.0878
2,2017,0.0896
2,2018,0.0913
2,2030,0.1538
2,2050,0.2233
20,1961,0.0024
20,1962,0.0025
20,1963,0.0026
20,1964,0.0027
20,1965,0.0028
20,1966,0.003
20,1967,0.003
20,1968,0.0033
20,1969,0.004
20,1970,0.0051
20,1971,0.0049
20,1972,0.0046
20,1973,0.0032
20,1974,0.0033
20,1975,0.0028
20,1976,0.0027
20,1977,0.0026
20,1978,0.0025
20,1979,0.0029
20,1980,0.003
20,1981,0.0029
20,1982,0.003
20,1983,0.0037
20,1984,0.0042
20,1985,0.0054
20,1986,0.0063
20,1987,0.0069
20,1988,0.008
20,1989,0.0089
20,1990,0.0099
20,1991,0.0108
20,1992,0.0099
20,1993,0.0087
20,1994,0.0087
20,1995,0.0124
20,1996,0.0104
20,1997,0.0123
20,1998,0.0104
20,1999,0.009
20,2000,0.009
20,2001,0.0089
20,2002,0.0079
20,2003,0.0064
20,2004,0.0075
20,2005,0.0092
20,2006,0.0092
20,2007,0.0077
20,2008,0.0089
20,2009,0.0088
20,2010,0.0091
20,2011,0.0083
20,2012,0.0078
20,2013,0.0072
20,2014,0.0076
20,2015,0.0057
20,2016,0.0063
20,2017,0.0057
20,2018,0.0063
20,2030,0.0117
20,2050,0.0131
200,1961,0
200,1962,0
200,1963,0
200,1964,0
200,1965,0
200,1966,0
200,1967,0
200,1968,0
200,1969,0
200,1970,0
200,1971,0
200,1972,0
200,1973,0
200,1974,0
200,1975,0
200,1976,0
200,1977,0
200,1978,0
200,1979,0
200,1980,0
200,1981,0
200,1982,0
200,1983,0
200,1984,0
200,1985,0
200,1986,0
200,1987,0
200,1988,0
200,1989,0
200,1990,0
200,1991,0
200,1992,0
200,1993,0
200,1994,0
200,1995,0
200,1996,0
200,1997,0
200,1998,0
200,1999,0
200,2000,0
200,2001,0
200,2002,0
200,2003,0
200,2004,0
200,2005,0
200,2006,0
200,2007,0
200,2008,0
200,2009,0
200,2010,0
200,2011,0
200,2012,0
200,2013,0
200,2014,0
200,2015,0
200,2016,0
200,2017,0
200,2018,0
200,2030,0
200,2050,0
201,1961,0.0556
201,1962,0.0566
201,1963,0.0575
201,1964,0.0589
201,1965,0.0613
201,1966,0.0636
201,1967,0.066
201,1968,0.0684
201,1969,0.0688
201,1970,0.0698
201,1971,0.0684
201,1972,0.0693
201,1973,0.0707
201,1974,0.066
201,1975,0.0721
201,1976,0.0707
201,1977,0.0754
201,1978,0.0811
201,1979,0.0792
201,1980,0.0802
201,1981,0.0849
201,1982,0.0896
201,1983,0.0849
201,1984,0.0863
201,1985,0.0896
201,1986,0.0905
201,1987,0.0929
201,1988,0.0969
201,1989,0.0957
201,1990,0.0872
201,1991,0.066
201,1992,0.0471
201,1993,0.0519
201,1994,0.0566
201,1995,0.0589
201,1996,0.0603
201,1997,0.0613
201,1998,0.0589
201,1999,0.0566
201,2000,0.058
201,2001,0.0599
201,2002,0.0601
201,2003,0.0613
201,2004,0.0651
201,2005,0.0688
201,2006,0.0599
201,2007,0.0539
201,2008,0.0538
201,2009,0.0537
201,2010,0.0542
201,2011,0.0542
201,2012,0.0542
201,2013,0.0545
201,2014,0.0547
201,2015,0.0549
201,2016,0.0546
201,2017,0.0546
201,2018,0.0544
201,2030,0.1023
201,2050,0.1503
202,1961,0.0242
202,1962,0.0244
202,1963,0.0247
202,1964,0.0249
202,1965,0.0252
202,1966,0.0259
202,1967,0.0266
202,1968,0.0262
202,1969,0.0269
202,1970,0.0268
202,1971,0.0253
202,1972,0.0252
202,1973,0.0248
202,1974,0.0252
202,1975,0.0249
202,1976,0.0251
202,1977,0.0248
202,1978,0.0255
202,1979,0.0266
202,1980,0.0273
202,1981,0.0273
202,1982,0.0277
202,1983,0.0276
202,1984,0.0271
202,1985,0.0273
202,1986,0.0273
202,1987,0.0276
202,1988,0.0278
202,1989,0.0283
202,1990,0.0288
202,1991,0.0292
202,1992,0.0303
202,1993,0.0287
202,1994,0.0302
202,1995,0.0304
202,1996,0.0315
202,1997,0.0313
202,1998,0.0309
202,1999,0.0304
202,2000,0.0316
202,2001,0.0309
202,2002,0.0304
202,2003,0.03
202,2004,0.03
202,2005,0.03
202,2006,0.0302
202,2007,0.0295
202,2008,0.0308
202,2009,0.03
202,2010,0.0296
202,2011,0.0291
202,2012,0.029
202,2013,0.0284
202,2014,0.0282
202,2015,0.0277
202,2016,0.0265
202,2017,0.0258
202,2018,0.0255
202,2030,0.0363
202,2050,0.0407
203,1961,0.0373
203,1962,0.0334
203,1963,0.0294
203,1964,0.0264
203,1965,0.0269
203,1966,0.0261
203,1967,0.03
203,1968,0.0297
203,1969,0.0312
203,1970,0.0291
203,1971,0.0298
203,1972,0.0284
203,1973,0.0279
203,1974,0.025
203,1975,0.027
203,1976,0.0265
203,1977,0.0252
203,1978,0.0246
203,1979,0.0236
203,1980,0.0237
203,1981,0.0245
203,1982,0.0286
203,1983,0.0293
203,1984,0.0291
203,1985,0.0298
203,1986,0.0331
203,1987,0.0322
203,1988,0.0327
203,1989,0.0413
203,1990,0.0427
203,1991,0.0414
203,1992,0.0336
203,1993,0.0321
203,1994,0.0333
203,1995,0.0357
203,1996,0.0295
203,1997,0.0332
203,1998,0.034
203,1999,0.0314
203,2000,0.0297
203,2001,0.0325
203,2002,0.0344
203,2003,0.0358
203,2004,0.032
203,2005,0.0328
203,2006,0.0334
203,2007,0.0327
203,2008,0.0335
203,2009,0.0332
203,2010,0.0328
203,2011,0.0304
203,2012,0.0298
203,2013,0.0295
203,2014,0.0306
203,2015,0.034
203,2016,0.0349
203,2017,0.0346
203,2018,0.0313
203,2030,0.0319
203,2050,0.0306
205,1961,0.0002
205,1962,0.0002
205,1963,0.0002
205,1964,0.0002
205,1965,0.0001
205,1966,0.0002
205,1967,0.0004
205,1968,0.0005
205,1969,0.0007
205,1970,0.0007
205,1971,0.0007
205,1972,0.0007
205,1973,0.0007
205,1974,0.0006
205,1975,0.0006
205,1976,0.0006
205,1977,0.0007
205,1978,0.0007
205,1979,0.0007
205,1980,0.0007
205,1981,0.0007
205,1982,0.0007
205,1983,0.0007
205,1984,0.0007
205,1985,0.0007
205,1986,0.0007
205,1987,0.0007
205,1988,0.0007
205,1989,0.0008
205,1990,0.0008
205,1991,0.0008
205,1992,0.0008
205,1993,0.0008
205,1994,0.0008
205,1995,0.0008
205,1996,0.0008
205,1997,0.0008
205,1998,0.0008
205,1999,0.0008
205,2000,0.0008
205,2001,0.0008
205,2002,0.0008
205,2003,0.0008
205,2004,0.0008
205,2005,0.0008
205,2006,0.0008
205,2007,0.0008
205,2008,0.0008
205,2009,0.0008
205,2010,0.0008
205,2011,0.0008
205,2012,0.0008
205,2013,0.0008
205,2014,0.0008
205,2015,0.0008
205,2016,0.0008
205,2017,0.0008
205,2018,0.0009
205,2030,0.001
205,2050,0.0011
206,1961,0.0297
206,1962,0.0298
206,1963,0.031
206,1964,0.0323
206,1965,0.0323
206,1966,0.0355
206,1967,0.0391
206,1968,0.043
206,1969,0.0405
206,1970,0.0415
206,1971,0.0415
206,1972,0.0415
206,1973,0.0457
206,1974,0.0495
206,1975,0.0512
206,1976,0.0531
206,1977,0.0533
206,1978,0.0555
206,1979,0.0577
206,1980,0.0601
206,1981,0.0626
206,1982,0.0651
206,1983,0.0646
206,1984,0.0664
206,1985,0.0673
206,1986,0.0651
206,1987,0.0657
206,1988,0.0669
206,1989,0.07
206,1990,0.072
206,1991,0.0879
206,1992,0.107
206,1993,0.13
206,1994,0.1571
206,1995,0.166
206,1996,0.166
206,1997,0.1699
206,1998,0.1721
206,1999,0.1761
206,2000,0.1817
206,2001,0.1884
206,2002,0.1956
206,2003,0.1982
206,2004,0.1989
206,2005,0.2005
206,2006,0.2016
206,2007,0.2027
206,2008,0.2032
206,2009,0.204
206,2010,0.2048
206,2011,0.1445
206,2030,0.2787
206,2050,0.3473
207,1961,0
207,1962,0
207,1963,0
207,1964,0
207,1965,0
207,1966,0
207,1967,0
207,1968,0
207,1969,0
207,1970,0
207,1971,0
207,1972,0
207,1973,0
207,1974,0
207,1975,0
207,1976,0
207,1977,0
207,1978,0
207,1979,0
207,1980,0
207,1981,0
207,1982,0
207,1983,0
207,1984,0
207,1985,0
207,1986,0
207,1987,0
207,1988,0
207,1989,0
207,1990,0
207,1991,0
207,1992,0
207,1993,0
207,1994,0
207,1995,0
207,1996,0
207,1997,0
207,1998,0
207,1999,0
207,2000,0
207,2001,0
207,2002,0
207,2003,0
207,2004,0
207,2005,0
207,2006,0
207,2007,0
207,2008,0
207,2009,0
207,2010,0
207,2011,0
207,2012,0
207,2013,0
207,2014,0
207,2015,0
207,2016,0
207,2017,0
207,2018,0
207,2030,0
207,2050,0
208,1992,0.0103
208,1993,0.01
208,1994,0.0097
208,1995,0.0087
208,1996,0.008
208,1997,0.0081
208,1998,0.0079
208,1999,0.0083
208,2000,0.0083
208,2001,0.0088
208,2002,0.0092
208,2003,0.0099
208,2004,0.0108
208,2005,0.0115
208,2006,0.0137
208,2007,0.0147
208,2008,0.0168
208,2009,0.0185
208,2010,0.0187
208,2011,0.0196
208,2012,0.0203
208,2013,0.0215
208,2014,0.0216
208,2015,0.0226
208,2016,0.0232
208,2017,0.0229
208,2018,0.023
208,2030,0.015
208,2050,0.0159
209,1961,0.001
209,1962,0.0011
209,1963,0.001
209,1964,0.0012
209,1965,0.001
209,1966,0.001
209,1967,0.0011
209,1968,0.0011
209,1969,0.0012
209,1970,0.0012
209,1971,0.0012
209,1972,0.0012
209,1973,0.0012
209,1974,0.0012
209,1975,0.0012
209,1976,0.0011
209,1977,0.0012
209,1978,0.0012
209,1979,0.0013
209,1980,0.0014
209,1981,0.0015
209,1982,0.0015
209,1983,0.0016
209,1984,0.0014
209,1985,0.0013
209,1986,0.0014
209,1987,0.0015
209,1988,0.0013
209,1989,0.0014
209,1990,0.0014
209,1991,0.0016
209,1992,0.0019
209,1993,0.002
209,1994,0.002
209,1995,0.0021
209,1996,0.0021
209,1997,0.0017
209,1998,0.0017
209,1999,0.0016
209,2000,0.002
209,2001,0.002
209,2002,0.0017
209,2003,0.0013
209,2004,0.0013
209,2005,0.0013
209,2006,0.0013
209,2007,0.0013
209,2008,0.0013
209,2009,0.0013
209,2010,0.0013
209,2011,0.0013
209,2012,0.0013
209,2013,0.0013
209,2014,0.0013
209,2015,0.0013
209,2016,0.0012
209,2017,0.0012
209,2018,0.0012
209,2030,0.0014
209,2050,0.0015
21,1961,0.0116
21,1962,0.0118
21,1963,0.0123
21,1964,0.0127
21,1965,0.013
21,1966,0.0131
21,1967,0.0128
21,1968,0.0132
21,1969,0.0137
21,1970,0.0135
21,1971,0.0135
21,1972,0.0141
21,1973,0.0151
21,1974,0.0169
21,1975,0.0167
21,1976,0.0176
21,1977,0.0175
21,1978,0.0181
21,1979,0.019
21,1980,0.0196
21,1981,0.0209
21,1982,0.0213
21,1983,0.0211
21,1984,0.0228
21,1985,0.0236
21,1986,0.025
21,1987,0.0254
21,1988,0.0267
21,1989,0.0275
21,1990,0.028
21,1991,0.0287
21,1992,0.0287
21,1993,0.025
21,1994,0.0256
21,1995,0.0266
21,1996,0.0175
21,1997,0.0188
21,1998,0.0192
21,1999,0.0203
21,2000,0.022
21,2001,0.0225
21,2002,0.0222
21,2003,0.0226
21,2004,0.0237
21,2005,0.0243
21,2006,0.0245
21,2007,0.0223
21,2008,0.0221
21,2009,0.0216
21,2010,0.022
21,2011,0.0221
21,2012,0.0204
21,2013,0.0207
21,2014,0.0209
21,2015,0.0227
21,2016,0.0231
21,2017,0.0242
21,2018,0.0252
21,2030,0.0257
21,2050,0.0256
211,1961,0.001
211,1962,0.001
211,1963,0.001
211,1964,0.0009
211,1965,0.0009
211,1966,0.0008
211,1967,0.0008
211,1968,0.0008
211,1969,0.0009
211,1970,0.0008
211,1971,0.0008
211,1972,0.0008
211,1973,0.0008
211,1974,0.0008
211,1975,0.0008
211,1976,0.0008
211,1977,0.0009
211,1978,0.0009
211,1979,0.0009
211,1980,0.0009
211,1981,0.0009
211,1982,0.0009
211,1983,0.0009
211,1984,0.0009
211,1985,0.0009
211,1986,0.0009
211,1987,0.0009
211,1988,0.0008
211,1989,0.0008
211,1990,0.0008
211,1991,0.0008
211,1992,0.0007
211,1993,0.0007
211,1994,0.0007
211,1995,0.0007
211,1996,0.0007
211,1997,0.0007
211,1998,0.0007
211,1999,0.0007
211,2000,0.0008
211,2001,0.0008
211,2002,0.0008
211,2003,0.0008
211,2004,0.0009
211,2005,0.0009
211,2006,0.0009
211,2007,0.001
211,2008,0.001
211,2009,0.001
211,2010,0.001
211,2011,0.001
211,2012,0.001
211,2013,0.001
211,2014,0.001
211,2015,0.0008
211,2016,0.0009
211,2017,0.0009
211,2018,0.0009
211,2030,0.001
211,2050,0.001
212,1961,0
212,1962,0
212,1963,0
212,1964,0
212,1965,0
212,1966,0
212,1967,0
212,1968,0
212,1969,0
212,1970,0
212,1971,0
212,1972,0
212,1973,0
212,1974,0
212,1975,0
212,1976,0
212,1977,0
212,1978,0
212,1979,0
212,1980,0
212,1981,0
212,1982,0
212,1983,0
212,1984,0
212,1985,0
212,1986,0
212,1987,0
212,1988,0
212,1989,0
212,1990,0
212,1991,0
212,1992,0
212,1993,0
212,1994,0
212,1995,0
212,1996,0
212,1997,0
212,1998,0
212,1999,0
212,2000,0
212,2001,0
212,2002,0
212,2003,0
212,2004,0
212,2005,0
212,2006,0
212,2007,0
212,2008,0
212,2009,0
212,2010,0
212,2011,0
212,2012,0
212,2013,0
212,2014,0
212,2015,0
212,2016,0
212,2017,0
212,2018,0
212,2030,0
212,2050,0
213,1992,0.0026
213,1993,0.0031
213,1994,0.0037
213,1995,0.0048
213,1996,0.005
213,1997,0.0044
213,1998,0.0047
213,1999,0.0053
213,2000,0.0059
213,2001,0.0067
213,2002,0.0077
213,2003,0.0106
213,2004,0.0177
213,2005,0.0236
213,2006,0.0318
213,2007,0.0311
213,2008,0.0347
213,2009,0.0336
213,2010,0.033
213,2011,0.027
213,2012,0.027
213,2013,0.027
213,2014,0.0271
213,2015,0.0276
213,2016,0.0282
213,2017,0.0279
213,2018,0.028
213,2030,0.0326
213,2050,0.0346
214,1961,0.0016
214,1962,0.0016
214,1963,0.0016
214,1964,0.0017
214,1965,0.0018
214,1966,0.0018
214,1967,0.0018
214,1968,0.0018
214,1969,0.0019
214,1970,0.002
214,1971,0.002
214,1972,0.0021
214,1973,0.0021
214,1974,0.0021
214,1975,0.0022
214,1976,0.0023
214,1977,0.0025
214,1978,0.0024
214,1979,0.0023
214,1980,0.0022
214,1981,0.0022
214,1982,0.0021
214,1983,0.0021
214,1984,0.0023
214,1985,0.0026
214,1986,0.0027
214,1987,0.0028
214,1988,0.0024
214,1989,0.0023
214,1990,0.0021
214,1991,0.002
214,1992,0.0021
214,1993,0.0024
214,1994,0.0035
214,1995,0.0037
214,1996,0.0038
214,1997,0.0036
214,1998,0.0037
214,1999,0.0043
214,2000,0.0037
214,2001,0.0033
214,2002,0.0029
214,2003,0.0028
214,2004,0.0029
214,2005,0.0031
214,2006,0.0032
214,2007,0.0029
214,2008,0.0027
214,2009,0.0024
214,2010,0.0024
214,2011,0.0024
214,2012,0.0022
214,2013,0.002
214,2014,0.0019
214,2015,0.0019
214,2016,0.0018
214,2017,0.0017
214,2018,0.0017
214,2030,0.0037
214,2050,0.004
215,1961,0.021
215,1962,0.0213
215,1963,0.0213
215,1964,0.0192
215,1965,0.0201
215,1966,0.0202
215,1967,0.0203
215,1968,0.0205
215,1969,0.0207
215,1970,0.0209
215,1971,0.0212
215,1972,0.0215
215,1973,0.0188
215,1974,0.0192
215,1975,0.0196
215,1976,0.0247
215,1977,0.0252
215,1978,0.0258
215,1979,0.0263
215,1980,0.0267
215,1981,0.0278
215,1982,0.0285
215,1983,0.0291
215,1984,0.0304
215,1985,0.0342
215,1986,0.0354
215,1987,0.0365
215,1988,0.0377
215,1989,0.0389
215,1990,0.0402
215,1991,0.0416
215,1992,0.0429
215,1993,0.0444
215,1994,0.0458
215,1995,0.0504
215,1996,0.0489
215,1997,0.0504
215,1998,0.052
215,1999,0.0549
215,2000,0.0561
215,2001,0.0571
215,2002,0.0581
215,2003,0.0592
215,2004,0.0594
215,2005,0.0589
215,2006,0.0618
215,2007,0.0636
215,2008,0.0641
215,2009,0.0641
215,2010,0.0641
215,2011,0.0717
215,2012,0.0736
215,2013,0.0755
215,2014,0.0787
215,2015,0.085
215,2016,0.0883
215,2017,0.0846
215,2018,0.0867
215,2030,0.0797
215,2050,0.0973
216,1961,0.0004
216,1962,0.0003
216,1963,0.0005
216,1964,0.0005
216,1965,0.0005
216,1966,0.0005
216,1967,0.0004
216,1968,0.0004
216,1969,0.0004
216,1970,0.0004
216,1971,0.0004
216,1972,0.0004
216,1973,0.0004
216,1974,0.0004
216,1975,0.0006
216,1976,0.0006
216,1977,0.0007
216,1978,0.0007
216,1979,0.0008
216,1980,0.0007
216,1981,0.0004
216,1982,0.0006
216,1983,0.0007
216,1984,0.0009
216,1985,0.001
216,1986,0.0009
216,1987,0.0009
216,1988,0.0009
216,1989,0.0013
216,1990,0.0014
216,1991,0.0016
216,1992,0.0019
216,1993,0.0018
216,1994,0.0017
216,1995,0.0016
216,1996,0.0012
216,1997,0.0015
216,1998,0.0015
216,1999,0.0016
216,2000,0.0017
216,2001,0.0022
216,2002,0.0021
216,2003,0.0025
216,2004,0.0029
216,2005,0.004
216,2006,0.0038
216,2007,0.0052
216,2008,0.0044
216,2009,0.0045
216,2010,0.0045
216,2011,0.005
216,2012,0.0054
216,2013,0.005
216,2014,0.0053
216,2015,0.0053
216,2016,0.0056
216,2017,0.0055
216,2018,0.0056
216,2030,0.0045
216,2050,0.0044
217,1961,0.0017
217,1962,0.0019
217,1963,0.0021
217,1964,0.0022
217,1965,0.0026
217,1966,0.0027
217,1967,0.0025
217,1968,0.0026
217,1969,0.0024
217,1970,0.0026
217,1971,0.0021
217,1972,0.0029
217,1973,0.003
217,1974,0.0033
217,1975,0.0035
217,1976,0.0035
217,1977,0.0034
217,1978,0.0037
217,1979,0.0032
217,1980,0.0024
217,1981,0.0022
217,1982,0.0033
217,1983,0.0032
217,1984,0.0035
217,1985,0.004
217,1986,0.0047
217,1987,0.0054
217,1988,0.0078
217,1989,0.0072
217,1990,0.0096
217,1991,0.0075
217,1992,0.0056
217,1993,0.0051
217,1994,0.0047
217,1995,0.0038
217,1996,0.0051
217,1997,0.0058
217,1998,0.0061
217,1999,0.0064
217,2000,0.0067
217,2001,0.0068
217,2002,0.0069
217,2003,0.0069
217,2004,0.0066
217,2005,0.008
217,2006,0.0083
217,2007,0.0084
217,2008,0.0084
217,2009,0.0088
217,2010,0.009
217,2011,0.0093
217,2012,0.0119
217,2013,0.0129
217,2014,0.0139
217,2015,0.015
217,2016,0.0141
217,2017,0.0162
217,2018,0.0186
217,2030,0.0139
217,2050,0.0185
219,1961,0
219,1962,0
219,1963,0
219,1964,0
219,1965,0
219,1966,0
219,1967,0
219,1968,0
219,1969,0
219,1970,0
219,1971,0
219,1972,0
219,1973,0
219,1974,0
219,1975,0
219,1976,0
219,1977,0
219,1978,0
219,1979,0
219,1980,0
219,1981,0
219,1982,0
219,1983,0
219,1984,0
219,1985,0
219,1986,0
219,1987,0
219,1988,0
219,1989,0
219,1990,0
219,1991,0
219,1992,0
219,1993,0
219,1994,0
219,1995,0
219,1996,0
219,1997,0
219,1998,0
219,1999,0
219,2000,0
219,2001,0
219,2002,0
219,2003,0
219,2004,0
219,2005,0
219,2006,0
219,2007,0
219,2008,0
219,2009,0
219,2010,0
219,2011,0
219,2012,0
219,2013,0
219,2014,0
219,2015,0
219,2016,0
219,2017,0
219,2018,0
219,2030,0
219,2050,0
22,1990,0
22,1991,0
22,1992,0
220,1961,0.0001
220,1962,0.0001
220,1963,0.0001
220,1964,0.0001
220,1965,0.0001
220,1966,0.0001
220,1967,0.0001
220,1968,0.0001
220,1969,0.0001
220,1970,0.0001
220,1971,0.0001
220,1972,0.0001
220,1973,0.0001
220,1974,0.0001
220,1975,0.0001
220,1976,0.0001
220,1977,0.0001
220,1978,0.0001
220,1979,0.0001
220,1980,0.0001
220,1981,0.0001
220,1982,0.0001
220,1983,0.0001
220,1984,0.0001
220,1985,0.0001
220,1986,0.0001
220,1987,0.0001
220,1988,0.0001
220,1989,0.0001
220,1990,0.0001
220,1991,0.0001
220,1992,0.0001
220,1993,0.0001
220,1994,0.0001
220,1995,0.0001
220,1996,0.0001
220,1997,0.0001
220,1998,0.0001
220,1999,0.0001
220,2000,0.0001
220,2001,0.0001
220,2002,0.0001
220,2003,0.0001
220,2004,0.0001
220,2005,0.0001
220,2006,0.0001
220,2007,0.0001
220,2008,0.0001
220,2009,0
220,2010,0
220,2011,0
220,2012,0
220,2013,0
220,2014,0
220,2015,0
220,2016,0
220,2017,0
220,2018,0
220,2030,0.0001
220,2050,0.0001
221,1961,0
221,1962,0
221,1963,0
221,1964,0
221,1965,0
221,1966,0
221,1967,0
221,1968,0
221,1969,0
221,1970,0
221,1971,0
221,1972,0
221,1973,0
221,1974,0
221,1975,0
221,1976,0
221,1977,0
221,1978,0
221,1979,0
221,1980,0
221,1981,0
221,1982,0
221,1983,0
221,1984,0
221,1985,0
221,1986,0
221,1987,0
221,1988,0
221,1989,0
221,1990,0
221,1991,0
221,1992,0
221,1993,0
221,1994,0
221,1995,0
221,1996,0
221,1997,0
221,1998,0
221,1999,0
221,2000,0
221,2001,0
221,2002,0
221,2003,0
221,2004,0
221,2005,0
221,2006,0
221,2007,0
221,2008,0
221,2009,0
221,2010,0
221,2011,0
221,2012,0
221,2013,0
221,2014,0
221,2015,0
221,2016,0
221,2017,0
221,2018,0
221,2030,0
221,2050,0
222,1961,0.0026
222,1962,0.0024
222,1963,0.0022
222,1964,0.002
222,1965,0.0022
222,1966,0.0025
222,1967,0.0023
222,1968,0.0023
222,1969,0.0018
222,1970,0.003
222,1971,0.0043
222,1972,0.0049
222,1973,0.0036
222,1974,0.004
222,1975,0.004
222,1976,0.005
222,1977,0.0051
222,1978,0.0048
222,1979,0.0036
222,1980,0.0043
222,1981,0.0037
222,1982,0.0043
222,1983,0.0047
222,1984,0.005
222,1985,0.0054
222,1986,0.0049
222,1987,0.0054
222,1988,0.0052
222,1989,0.0056
222,1990,0.006
222,1991,0.0062
222,1992,0.0064
222,1993,0.0067
222,1994,0.0064
222,1995,0.0057
222,1996,0.0069
222,1997,0.0059
222,1998,0.0058
222,1999,0.0062
222,2000,0.0068
222,2001,0.0068
222,2002,0.0068
222,2003,0.0065
222,2004,0.0067
222,2005,0.0067
222,2006,0.0071
222,2007,0.0073
222,2008,0.0071
222,2009,0.0069
222,2010,0.0061
222,2011,0.006
222,2012,0.006
222,2013,0.0059
222,2014,0.0059
222,2015,0.0057
222,2016,0.0056
222,2017,0.0057
222,2018,0.0057
222,2030,0.0086
222,2050,0.0093
223,1961,0
223,1962,0
223,1963,0
223,1964,0
223,1965,0
223,1966,0
223,1967,0
223,1968,0
223,1969,0
223,1970,0
223,1971,0
223,1972,0
223,1973,0
223,1974,0
223,1975,0
223,1976,0
223,1977,0
223,1978,0
223,1979,0
223,1980,0
223,1981,0
223,1982,0
223,1983,0
223,1984,0
223,1985,0
223,1986,0
223,1987,0
223,1988,0
223,1989,0
223,1990,0
223,1991,0
223,1992,0
223,1993,0
223,1994,0
223,1995,0
223,1996,0
223,1997,0
223,1998,0
223,1999,0
223,2000,0
223,2001,0
223,2002,0
223,2003,0
223,2004,0
223,2005,0
223,2006,0
223,2007,0
223,2008,0
223,2009,0
223,2010,0
223,2011,0
223,2012,0
223,2013,0
223,2014,0
223,2015,0
223,2016,0
223,2017,0
223,2018,0
223,2030,0
223,2050,0
225,1961,0
225,1962,0
225,1963,0
225,1964,0
225,1965,0
225,1966,0
225,1967,0
225,1968,0
225,1969,0
225,1970,0
225,1971,0
225,1972,0
225,1973,0
225,1974,0
225,1975,0
225,1976,0
225,1977,0
225,1978,0
225,1979,0
225,1980,0
225,1981,0
225,1982,0
225,1983,0
225,1984,0
225,1985,0
225,1986,0
225,1987,0
225,1988,0
225,1989,0
225,1990,0
225,1991,0
225,1992,0
225,1993,0
225,1994,0
225,1995,0
225,1996,0
225,1997,0
225,1998,0
225,1999,0
225,2000,0
225,2001,0
225,2002,0
225,2003,0
225,2004,0
225,2005,0
225,2006,0
225,2007,0
225,2008,0
225,2009,0
225,2010,0
225,2011,0
225,2012,0
225,2013,0
225,2014,0
225,2015,0
225,2016,0
225,2017,0
225,2018,0
225,2030,0
225,2050,0
226,1961,0.0122
226,1962,0.0119
226,1963,0.011
226,1964,0.0094
226,1965,0.0095
226,1966,0.0095
226,1967,0.0094
226,1968,0.009
226,1969,0.0081
226,1970,0.0085
226,1971,0.0104
226,1972,0.0092
226,1973,0.0099
226,1974,0.0088
226,1975,0.0102
226,1976,0.0108
226,1977,0.0112
226,1978,0.0123
226,1979,0.0124
226,1980,0.012
226,1981,0.0126
226,1982,0.0132
226,1983,0.0139
226,1984,0.0146
226,1985,0.0175
226,1986,0.0172
226,1987,0.0184
226,1988,0.0197
226,1989,0.0211
226,1990,0.0222
226,1991,0.0233
226,1992,0.0239
226,1993,0.0246
226,1994,0.0254
226,1995,0.0261
226,1996,0.0268
226,1997,0.0275
226,1998,0.0283
226,1999,0.0291
226,2000,0.0302
226,2001,0.0312
226,2002,0.0323
226,2003,0.0334
226,2004,0.0357
226,2005,0.0368
226,2006,0.0379
226,2007,0.039
226,2008,0.0587
226,2009,0.0605
226,2010,0.0623
226,2011,0.0641
226,2012,0.0661
226,2013,0.0689
226,2014,0.0661
226,2015,0.066
226,2016,0.0727
226,2017,0.0744
226,2018,0.0764
226,2030,0.0534
226,2050,0.075
227,1978,0
227,1979,0
227,1980,0
227,1981,0
227,1982,0
227,1983,0
227,1984,0
227,1985,0
227,1986,0
227,1987,0
227,1988,0
227,1990,0
227,1991,0
227,1992,0
228,1961,0.1648
228,1962,0.159
228,1963,0.1514
228,1964,0.1278
228,1965,0.1231
228,1966,0.1255
228,1967,0.1257
228,1968,0.1262
228,1969,0.1256
228,1970,0.1164
228,1971,0.1212
228,1972,0.1225
228,1973,0.1267
228,1974,0.1334
228,1975,0.134
228,1976,0.1279
228,1977,0.1253
228,1978,0.1263
228,1979,0.1245
228,1980,0.1317
228,1981,0.138
228,1982,0.1385
228,1983,0.1434
228,1984,0.1472
228,1985,0.143
228,1986,0.1465
228,1987,0.1468
228,1988,0.147
228,1989,0.1538
228,1990,0.1484
228,1991,0.1513
229,1990,0.0013
229,1991,0.0013
229,1992,0.0012
229,1993,0.0012
229,1994,0.0011
229,1995,0.001
229,1996,0.001
229,1997,0.0009
229,1998,0.0009
229,1999,0.0009
229,2000,0.0009
229,2001,0.0009
229,2002,0.0008
229,2003,0.0011
229,2004,0.001
229,2005,0.001
229,2006,0.0011
229,2007,0.0011
229,2008,0.001
229,2009,0.001
229,2010,0.0011
229,2011,0.0011
229,2012,0.0011
229,2013,0.0011
229,2014,0.0011
229,2015,0.0011
229,2016,0.0012
229,2017,0.0012
229,2018,0.0012
229,2030,0.001
229,2050,0.001
23,1961,0
23,1962,0
23,1963,0
23,1964,0
23,1965,0
23,1966,0
23,1967,0
23,1968,0
23,1969,0
23,1970,0
23,1971,0
23,1972,0
23,1973,0
23,1974,0
23,1975,0
23,1976,0
23,1977,0
23,1978,0
23,1979,0
23,1980,0
23,1981,0
23,1982,0
23,1983,0
23,1984,0
23,1985,0
23,1986,0
23,1987,0
23,1988,0
23,1989,0
23,1990,0
23,1991,0
23,1992,0
23,1993,0
23,1994,0
23,1995,0
23,1996,0
23,1997,0
23,1998,0
23,1999,0
23,2000,0
23,2001,0
23,2002,0
23,2003,0
23,2004,0
23,2005,0
23,2006,0
23,2007,0
23,2008,0
23,2009,0
23,2010,0
23,2011,0
23,2012,0
23,2013,0
23,2014,0
23,2015,0
23,2016,0
23,2017,0
23,2018,0
23,2030,0
23,2050,0
230,1992,0.0129
230,1993,0.0145
230,1994,0.0168
230,1995,0.0177
230,1996,0.0201
230,1997,0.0193
230,1998,0.0186
230,1999,0.0187
230,2000,0.0187
230,2001,0.0206
230,2002,0.0226
230,2003,0.0234
230,2004,0.0218
230,2005,0.0199
230,2006,0.0171
230,2007,0.0157
230,2008,0.0146
230,2009,0.0143
230,2010,0.0144
230,2011,0.0143
230,2012,0.0146
230,2013,0.015
230,2014,0.0109
230,2015,0.0132
230,2016,0.0131
230,2017,0.0135
230,2018,0.0132
230,2030,0.0215
230,2050,0.0211
231,1961,0.0276
231,1962,0.029
231,1963,0.0293
231,1964,0.031
231,1965,0.0323
231,1966,0.0336
231,1967,0.0316
231,1968,0.0284
231,1969,0.0256
231,1970,0.0204
231,1971,0.017
231,1972,0.0131
231,1973,0.0141
231,1974,0.0124
231,1975,0.0107
231,1976,0.0101
231,1977,0.0111
231,1978,0.0108
231,1979,0.0108
231,1980,0.0111
231,1981,0.011
231,1982,0.0112
231,1983,0.0113
231,1984,0.0113
231,1985,0.0123
231,1986,0.0141
231,1987,0.0142
231,1988,0.0143
231,1989,0.0147
231,1990,0.0151
231,1991,0.0145
231,1992,0.0159
231,1993,0.0156
231,1994,0.0156
231,1995,0.0147
231,1996,0.0151
231,1997,0.0131
231,1998,0.0111
231,1999,0.0179
231,2000,0.0183
231,2001,0.0191
231,2002,0.0201
231,2003,0.0201
231,2004,0.0201
231,2005,0.0216
231,2006,0.0226
231,2007,0.0242
231,2008,0.0248
231,2009,0.0244
231,2010,0.0242
231,2011,0.0238
231,2012,0.0215
231,2013,0.0209
231,2014,0.0208
231,2015,0.0211
231,2016,0.0208
231,2017,0.0209
231,2018,0.021
231,2030,0.0244
231,2050,0.0256
233,1961,0.008
233,1962,0.0085
233,1963,0.009
233,1964,0.0094
233,1965,0.0104
233,1966,0.0104
233,1967,0.0104
233,1968,0.0106
233,1969,0.0113
233,1970,0.0117
233,1971,0.012
233,1972,0.012
233,1973,0.0113
233,1974,0.0108
233,1975,0.0113
233,1976,0.0117
233,1977,0.0121
233,1978,0.0132
233,1979,0.0151
233,1980,0.016
233,1981,0.0179
233,1982,0.0198
233,1983,0.0217
233,1984,0.0236
233,1985,0.0257
233,1986,0.0267
233,1987,0.0278
233,1988,0.0289
233,1989,0.03
233,1990,0.03
233,1991,0.0316
233,1992,0.0324
233,1993,0.0332
233,1994,0.034
233,1995,0.0352
233,1996,0.036
233,1997,0.0373
233,1998,0.0384
233,1999,0.0396
233,2000,0.0408
233,2001,0.042
233,2002,0.0432
233,2003,0.0473
233,2004,0.0487
233,2005,0.0502
233,2006,0.0517
233,2007,0.0533
233,2008,0.0549
233,2009,0.0565
233,2010,0.0582
233,2011,0.0599
233,2012,0.0617
233,2013,0.0636
233,2014,0.0655
233,2015,0.0675
233,2016,0.0695
233,2017,0.0716
233,2018,0.0735
233,2030,0.079
233,2050,0.1058
234,1961,0
234,1962,0
234,1963,0
234,1964,0
234,1965,0
234,1966,0
234,1967,0
234,1968,0
234,1969,0
234,1970,0
234,1971,0
234,1972,0
234,1973,0
234,1974,0
234,1975,0
234,1976,0
234,1977,0
234,1978,0
234,1979,0
234,1980,0
234,1981,0
234,1982,0
234,1983,0
234,1984,0
234,1985,0
234,1986,0
234,1987,0
234,1988,0
234,1989,0
234,1990,0
234,1991,0
234,1992,0
234,1993,0
234,1994,0
234,1995,0
234,1996,0
234,1997,0
234,1998,0
234,1999,0
234,2000,0
234,2001,0
234,2002,0
234,2003,0
234,2004,0
234,2005,0
234,2006,0
234,2007,0
234,2008,0
234,2009,0
234,2010,0
234,2011,0
234,2012,0
234,2013,0
234,2014,0
234,2015,0
234,2016,0
234,2017,0
234,2018,0
234,2030,0.0001
234,2050,0.0001
235,1992,0.0108
235,1993,0.0113
235,1994,0.0114
235,1995,0.0114
235,1996,0.0107
235,1997,0.0101
235,1998,0.0115
235,1999,0.0121
235,2000,0.013
235,2001,0.0135
235,2002,0.014
235,2003,0.0152
235,2004,0.0168
235,2005,0.0199
235,2006,0.0212
235,2007,0.0233
235,2008,0.0245
235,2009,0.0259
235,2010,0.0277
235,2011,0.0302
235,2012,0.0328
235,2013,0.035
235,2014,0.0373
235,2015,0.0382
235,2016,0.0441
235,2017,0.0451
235,2018,0.0449
235,2030,0.0243
235,2050,0.0257
236,1961,0.0028
236,1962,0.003
236,1963,0.003
236,1964,0.003
236,1965,0.003
236,1966,0.003
236,1967,0.003
236,1968,0.003
236,1969,0.003
236,1970,0.003
236,1971,0.003
236,1972,0.003
236,1973,0.003
236,1974,0.0031
236,1975,0.0031
236,1976,0.0031
236,1977,0.0032
236,1978,0.0032
236,1979,0.0031
236,1980,0.0032
236,1981,0.0033
236,1982,0.0031
236,1983,0.0031
236,1984,0.0031
236,1985,0.0032
236,1986,0.0034
236,1987,0.0035
236,1988,0.0036
236,1989,0.0036
236,1990,0.0039
236,1991,0.0042
236,1992,0.0044
236,1993,0.0047
236,1994,0.0047
236,1995,0.0028
236,1996,0.0027
236,1997,0.0027
236,1998,0.0027
236,1999,0.0028
236,2000,0.0028
236,2001,0.0029
236,2002,0.0029
236,2003,0.003
236,2004,0.0031
236,2005,0.0032
236,2006,0.0032
236,2007,0.0033
236,2008,0.0033
236,2009,0.0033
236,2010,0.0033
236,2011,0.0033
236,2012,0.0034
236,2013,0.0034
236,2014,0.0034
236,2015,0.0034
236,2016,0.0034
236,2017,0.0033
236,2018,0.0031
236,2030,0.0042
236,2050,0.0045
237,1961,0.0018
237,1962,0.0018
237,1963,0.0019
237,1964,0.0019
237,1965,0.002
237,1966,0.0021
237,1967,0.0022
237,1968,0.0022
237,1969,0.0022
237,1970,0.0021
237,1971,0.0022
237,1972,0.0022
237,1973,0.0022
237,1974,0.0022
237,1975,0.0022
237,1976,0.0022
237,1977,0.0023
237,1978,0.0024
237,1979,0.0024
237,1980,0.002
237,1981,0.0023
237,1982,0.0027
237,1983,0.0032
237,1984,0.0042
237,1985,0.0047
237,1986,0.0051
237,1987,0.0049
237,1988,0.0048
237,1989,0.0046
237,1990,0.0044
237,1991,0.0037
237,1992,0.0037
237,1993,0.0042
237,1994,0.005
237,1995,0.0065
237,1996,0.006
237,1997,0.0061
237,1998,0.0061
237,1999,0.0055
237,2000,0.0064
237,2001,0.0067
237,2002,0.0073
237,2003,0.0092
237,2004,0.012
237,2005,0.0155
237,2006,0.018
237,2007,0.021
237,2008,0.0175
237,2009,0.0162
237,2010,0.0152
237,2011,0.0149
237,2012,0.0158
237,2013,0.0164
237,2014,0.0189
237,2015,0.0235
237,2016,0.0238
237,2017,0.0301
237,2018,0.0316
237,2030,0.023
237,2050,0.0291
238,1993,0.0394
238,1994,0.0394
238,1995,0.0391
238,1996,0.0396
238,1997,0.0396
238,1998,0.0493
238,1999,0.045
238,2000,0.0405
238,2001,0.0454
238,2002,0.0519
238,2003,0.0566
238,2004,0.07
238,2005,0.0772
238,2006,0.0875
238,2007,0.1024
238,2008,0.1028
238,2009,0.1035
238,2010,0.1074
238,2011,0.1066
238,2012,0.1134
238,2013,0.1328
238,2014,0.1373
238,2015,0.1401
238,2016,0.1424
238,2017,0.145
238,2018,0.1558
238,2030,0.1182
238,2050,0.1431
239,1961,0
239,1962,0
239,1963,0
239,1964,0
239,1965,0
239,1966,0
239,1967,0
239,1968,0
239,1969,0
239,1970,0
239,1971,0
239,1972,0
239,1973,0
239,1974,0
239,1975,0
239,1976,0
239,1977,0
239,1978,0
239,1979,0
239,1980,0
239,1981,0
239,1982,0
239,1983,0
239,1984,0
239,1985,0
239,1986,0
239,1987,0
239,1988,0
239,1989,0
239,1990,0
239,1991,0
239,1992,0
239,1993,0
239,1994,0
239,1995,0
239,1996,0
239,1997,0
239,1998,0
239,1999,0
239,2000,0
239,2001,0
239,2002,0
239,2003,0
239,2004,0
239,2005,0
239,2006,0
239,2007,0
239,2008,0
239,2009,0
239,2010,0
239,2011,0
239,2012,0
239,2013,0
239,2014,0
239,2015,0
239,2016,0
239,2017,0
239,2018,0
239,2030,0
239,2050,0
240,1961,0
240,1962,0
240,1963,0
240,1964,0
240,1965,0
240,1966,0
240,1967,0
240,1968,0
240,1969,0
240,1970,0
240,1971,0
240,1972,0
240,1973,0
240,1974,0
240,1975,0
240,1976,0
240,1977,0
240,1978,0
240,1979,0
240,1980,0
240,1981,0
240,1982,0
240,1983,0
240,1984,0
240,1985,0
240,1986,0
240,1987,0
240,1988,0
240,1989,0
240,1990,0
240,1991,0
240,1992,0
240,1993,0
240,1994,0
240,1995,0
240,1996,0
240,1997,0
240,1998,0
240,1999,0
240,2000,0
240,2001,0
240,2002,0
240,2003,0
240,2004,0
240,2005,0
240,2006,0
240,2007,0
240,2008,0
240,2009,0
240,2010,0
240,2011,0
240,2012,0
240,2013,0
240,2014,0
240,2015,0
240,2016,0
240,2017,0
240,2018,0
240,2030,0
240,2050,0
243,1961,0
243,1962,0
243,1963,0
243,1964,0
243,1965,0
243,1966,0
243,1967,0
243,1968,0
243,1969,0
243,1970,0
243,1971,0
243,1972,0
243,1973,0
243,1974,0
243,1975,0
243,1976,0
243,1977,0
243,1978,0
243,1979,0
243,1980,0
243,1981,0
243,1982,0
243,1983,0
243,1984,0
243,1985,0
243,1986,0
243,1987,0
243,1988,0
243,1989,0
243,1990,0
243,1991,0
243,1992,0
243,1993,0
243,1994,0
243,1995,0
243,1996,0
243,1997,0
243,1998,0
243,1999,0
243,2000,0
243,2001,0
243,2002,0
243,2003,0
243,2004,0
243,2005,0
243,2006,0
243,2007,0
243,2008,0
243,2009,0
243,2010,0
243,2011,0
243,2012,0
243,2013,0
243,2014,0
243,2015,0
243,2016,0
243,2017,0
243,2018,0
243,2030,0
243,2050,0
249,1961,0
249,1962,0
249,1963,0
249,1964,0
249,1965,0
249,1966,0
249,1967,0
249,1968,0
249,1969,0
249,1970,0
249,1971,0
249,1972,0
249,1973,0
249,1974,0
249,1975,0
249,1976,0
249,1977,0
249,1978,0
249,1979,0
249,1980,0
249,1981,0
249,1982,0
249,1983,0
249,1984,0
249,1985,0
249,1986,0
249,1987,0
249,1988,0
249,1989,0
249,1990,0
249,1991,0
249,1992,0
249,1993,0
249,1994,0
249,1995,0
249,1996,0
249,1997,0
249,1998,0
249,1999,0
249,2000,0
249,2001,0
249,2002,0
249,2003,0
249,2004,0
249,2005,0
249,2006,0
249,2007,0
249,2008,0
249,2009,0
249,2010,0
249,2011,0
249,2012,0
249,2013,0
249,2014,0
249,2015,0
249,2016,0
249,2017,0
249,2018,0
249,2030,0
249,2050,0
250,1961,0.0094
250,1962,0.0087
250,1963,0.008
250,1964,0.0074
250,1965,0.0069
250,1966,0.008
250,1967,0.0085
250,1968,0.0095
250,1969,0.0097
250,1970,0.0109
250,1971,0.0112
250,1972,0.0115
250,1973,0.0117
250,1974,0.012
250,1975,0.0122
250,1976,0.0123
250,1977,0.0124
250,1978,0.0124
250,1979,0.0125
250,1980,0.0126
250,1981,0.0127
250,1982,0.0128
250,1983,0.0129
250,1984,0.013
250,1985,0.0128
250,1986,0.0137
250,1987,0.0147
250,1988,0.0158
250,1989,0.0169
250,1990,0.0182
250,1991,0.0181
250,1992,0.019
250,1993,0.0194
250,1994,0.0205
250,1995,0.0203
250,1996,0.0204
250,1997,0.0217
250,1998,0.022
250,1999,0.0198
250,2000,0.0195
250,2001,0.0192
250,2002,0.0189
250,2003,0.0189
250,2004,0.0189
250,2005,0.019
250,2006,0.019
250,2007,0.019
250,2008,0.0191
250,2009,0.0191
250,2010,0.0191
250,2011,0.0191
250,2012,0.0192
250,2013,0.0192
250,2014,0.0192
250,2015,0.0193
250,2016,0.0193
250,2017,0.0192
250,2018,0.0192
250,2030,0.0278
250,2050,0.0384
251,1961,0.0007
251,1962,0.0008
251,1963,0.0008
251,1964,0.0007
251,1965,0.0007
251,1966,0.0008
251,1967,0.0009
251,1968,0.0009
251,1969,0.0021
251,1970,0.0012
251,1971,0.0012
251,1972,0.0012
251,1973,0.0014
251,1974,0.0013
251,1975,0.0013
251,1976,0.0013
251,1977,0.0015
251,1978,0.0015
251,1979,0.0015
251,1980,0.0012
251,1981,0.0014
251,1982,0.0016
251,1983,0.0017
251,1984,0.0017
251,1985,0.002
251,1986,0.0021
251,1987,0.0023
251,1988,0.0024
251,1989,0.0024
251,1990,0.0025
251,1991,0.0026
251,1992,0.0026
251,1993,0.0028
251,1994,0.003
251,1995,0.0031
251,1996,0.0032
251,1997,0.0033
251,1998,0.0042
251,1999,0.005
251,2000,0.0059
251,2001,0.0066
251,2002,0.0071
251,2003,0.008
251,2004,0.0087
251,2005,0.0092
251,2006,0.0092
251,2007,0.0094
251,2008,0.0094
251,2009,0.0099
251,2010,0.0104
251,2011,0.0108
251,2012,0.0111
251,2013,0.0118
251,2014,0.0123
251,2015,0.0127
251,2016,0.0127
251,2017,0.013
251,2018,0.0133
251,2030,0.012
251,2050,0.0148
255,2000,0.0002
255,2001,0.0002
255,2002,0.0003
255,2003,0.0003
255,2004,0.0003
255,2005,0.0003
255,2006,0.0003
255,2007,0.0003
255,2008,0.0003
255,2009,0.0004
255,2010,0.0002
255,2011,0.0004
255,2012,0.0004
255,2013,0.0005
255,2014,0.0004
255,2015,0.0005
255,2016,0.0006
255,2017,0.0007
255,2018,0.001
255,2030,0.0003
255,2050,0.0003
256,2000,0
256,2001,0
256,2002,0
256,2003,0
256,2004,0
256,2005,0
256,2006,0
256,2007,0
256,2008,0
256,2009,0
256,2010,0.0001
256,2011,0.0001
256,2012,0.0001
256,2013,0.0001
256,2014,0
256,2015,0.0001
256,2016,0.0001
256,2017,0.0001
256,2018,0.0001
256,2030,0
256,2050,0
26,1961,0
26,1962,0
26,1963,0
26,1964,0
26,1965,0
26,1966,0
26,1967,0
26,1968,0
26,1969,0
26,1970,0
26,1971,0
26,1972,0
26,1973,0
26,1974,0
26,1975,0
26,1976,0
26,1977,0
26,1978,0
26,1979,0
26,1980,0
26,1981,0
26,1982,0
26,1983,0
26,1984,0
26,1985,0
26,1986,0
26,1987,0
26,1988,0
26,1989,0
26,1990,0
26,1991,0
26,1992,0
26,1993,0.0001
26,1994,0
26,1995,0
26,1996,0
26,1997,0
26,1998,0
26,1999,0
26,2000,0
26,2001,0
26,2002,0
26,2003,0
26,2004,0
26,2005,0
26,2006,0
26,2007,0
26,2008,0
26,2009,0.0001
26,2010,0.0001
26,2011,0.0001
26,2012,0.0001
26,2013,0.0001
26,2014,0.0001
26,2015,0.0001
26,2016,0.0001
26,2017,0.0001
26,2018,0.0001
26,2030,0
26,2050,0
27,1961,0.0056
27,1962,0.006
27,1963,0.0065
27,1964,0.008
27,1965,0.0095
27,1966,0.0099
27,1967,0.0092
27,1968,0.0087
27,1969,0.0085
27,1970,0.0079
27,1971,0.0076
27,1972,0.0072
27,1973,0.0068
27,1974,0.0065
27,1975,0.0068
27,1976,0.0072
27,1977,0.007
27,1978,0.0074
27,1979,0.0085
27,1980,0.0098
27,1981,0.0106
27,1982,0.0111
27,1983,0.0114
27,1984,0.0114
27,1985,0.0107
27,1986,0.0104
27,1987,0.01
27,1988,0.0097
27,1989,0.0099
27,1990,0.0098
27,1991,0.0113
27,1992,0.0125
27,1993,0.0138
27,1994,0.0153
27,1995,0.018
27,1996,0.0188
27,1997,0.0192
27,1998,0.0218
27,1999,0.0237
27,2000,0.0237
27,2001,0.0219
27,2002,0.0153
27,2003,0.0171
27,2004,0.0164
27,2005,0.0162
27,2006,0.0138
27,2007,0.0124
27,2008,0.0112
27,2009,0.0097
27,2010,0.0082
27,2011,0.0081
27,2012,0.0077
27,2013,0.0066
27,2014,0.0065
27,2015,0.0066
27,2016,0.0063
27,2017,0.0054
27,2018,0.0058
27,2030,0.0137
27,2050,0.0131
272,2006,0.0016
272,2007,0.0017
272,2008,0.0017
272,2009,0.0016
272,2010,0.0015
272,2011,0.0015
272,2012,0.0026
272,2013,0.0025
272,2014,0.0025
272,2015,0.0023
272,2016,0.0023
272,2017,0.0021
272,2018,0.0022
272,2030,0.002
272,2050,0.002
273,2012,0.0003
273,2013,0.0003
273,2014,0.0004
273,2015,0.0003
273,2016,0.0004
273,2017,0.0003
273,2018,0.0003
276,2012,0.1454
276,2013,0.1461
276,2014,0.1463
276,2015,0.1472
276,2016,0.1484
276,2017,0.1493
276,2018,0.1501
277,2012,0.0636
277,2013,0.0639
277,2014,0.0639
277,2015,0.0638
277,2016,0.0639
277,2017,0.064
277,2018,0.0639
28,1961,0.0052
28,1962,0.0051
28,1963,0.0053
28,1964,0.0061
28,1965,0.0072
28,1966,0.0072
28,1967,0.0075
28,1968,0.0082
28,1969,0.0074
28,1970,0.0073
28,1971,0.0069
28,1972,0.0067
28,1973,0.0068
28,1974,0.006
28,1975,0.0064
28,1976,0.0066
28,1977,0.0067
28,1978,0.007
28,1979,0.0069
28,1980,0.0072
28,1981,0.0091
28,1982,0.0108
28,1983,0.0121
28,1984,0.0132
28,1985,0.0141
28,1986,0.0137
28,1987,0.0136
28,1988,0.014
28,1989,0.0122
28,1990,0.0122
28,1991,0.0119
28,1992,0.0127
28,1993,0.0129
28,1994,0.0131
28,1995,0.0137
28,1996,0.0144
28,1997,0.015
28,1998,0.0155
28,1999,0.016
28,2000,0.0164
28,2001,0.017
28,2002,0.0182
28,2003,0.0191
28,2004,0.0202
28,2005,0.0218
28,2006,0.0239
28,2007,0.028
28,2008,0.0309
28,2009,0.0403
28,2010,0.0403
28,2011,0.0454
28,2012,0.0529
28,2013,0.0585
28,2014,0.0662
28,2015,0.0745
28,2016,0.0859
28,2017,0.0535
28,2018,0.0541
28,2030,0.034
28,2050,0.0417
29,1961,0.0022
29,1962,0.002
29,1963,0.0018
29,1964,0.0017
29,1965,0.0018
29,1966,0.002
29,1967,0.0019
29,1968,0.002
29,1969,0.0022
29,1970,0.0022
29,1971,0.0023
29,1972,0.0026
29,1973,0.0028
29,1974,0.003
29,1975,0.0031
29,1976,0.0031
29,1977,0.0027
29,1978,0.0027
29,1979,0.0029
29,1980,0.0031
29,1981,0.0035
29,1982,0.0033
29,1983,0.0037
29,1984,0.0038
29,1985,0.0035
29,1986,0.0034
29,1987,0.0036
29,1988,0.0037
29,1989,0.0038
29,1990,0.0044
29,1991,0.0045
29,1992,0.0044
29,1993,0.0042
29,1994,0.004
29,1995,0.0043
29,1996,0.0042
29,1997,0.0043
29,1998,0.0034
29,1999,0.0037
29,2000,0.0041
29,2001,0.0046
29,2002,0.0046
29,2003,0.0045
29,2004,0.0052
29,2005,0.0059
29,2006,0.0068
29,2007,0.0066
29,2008,0.0082
29,2009,0.0084
29,2010,0.0101
29,2011,0.0108
29,2012,0.0117
29,2013,0.0156
29,2014,0.0114
29,2015,0.0111
29,2016,0.0141
29,2017,0.0171
29,2018,0.0153
29,2030,0.0095
29,2050,0.012
299,1994,0
299,1995,0
299,1996,0
299,1997,0
299,1998,0
299,1999,0
299,2000,0
299,2001,0
299,2002,0
299,2003,0
299,2004,0
299,2005,0
299,2006,0
299,2007,0
299,2008,0
299,2009,0
299,2010,0
299,2011,0
299,2012,0
299,2013,0
299,2014,0
299,2015,0
299,2016,0
299,2017,0
299,2018,0
299,2030,0
299,2050,0
3,1961,0.0125
3,1962,0.0129
3,1963,0.0127
3,1964,0.0127
3,1965,0.0136
3,1966,0.0133
3,1967,0.0137
3,1968,0.0116
3,1969,0.0106
3,1970,0.01
3,1971,0.0088
3,1972,0.0082
3,1973,0.008
3,1974,0.0076
3,1975,0.0076
3,1976,0.0076
3,1977,0.0076
3,1978,0.0075
3,1979,0.0079
3,1980,0.0092
3,1981,0.0094
3,1982,0.0096
3,1983,0.0099
3,1984,0.0101
3,1985,0.0098
3,1986,0.0104
3,1987,0.0111
3,1988,0.0122
3,1989,0.013
3,1990,0.0129
3,1991,0.0135
3,1992,0.014
3,1993,0.0146
3,1994,0.0194
3,1995,0.0187
3,1996,0.0141
3,1997,0.013
3,1998,0.0119
3,1999,0.0127
3,2000,0.0125
3,2001,0.0116
3,2002,0.0105
3,2003,0.0115
3,2004,0.0107
3,2005,0.0106
3,2006,0.0106
3,2007,0.0099
3,2008,0.0093
3,2009,0.0087
3,2010,0.0088
3,2011,0.0086
3,2012,0.0092
3,2013,0.0098
3,2014,0.0102
3,2015,0.0105
3,2016,0.0106
3,2017,0.0106
3,2018,0.0104
3,2030,0.0127
3,2050,0.0125
32,1961,0.0046
32,1962,0.0048
32,1963,0.005
32,1964,0.0051
32,1965,0.0054
32,1966,0.0065
32,1967,0.0069
32,1968,0.0071
32,1969,0.0075
32,1970,0.0083
32,1971,0.0085
32,1972,0.009
32,1973,0.0083
32,1974,0.0085
32,1975,0.0086
32,1976,0.0087
32,1977,0.0104
32,1978,0.0117
32,1979,0.0113
32,1980,0.011
32,1981,0.0096
32,1982,0.009
32,1983,0.0091
32,1984,0.0099
32,1985,0.0109
32,1986,0.012
32,1987,0.0126
32,1988,0.0137
32,1989,0.0151
32,1990,0.0166
32,1991,0.0167
32,1992,0.0168
32,1993,0.0169
32,1994,0.017
32,1995,0.0171
32,1996,0.0172
32,1997,0.0174
32,1998,0.0177
32,1999,0.0179
32,2000,0.0208
32,2001,0.0207
32,2002,0.0207
32,2003,0.0207
32,2004,0.0207
32,2005,0.0207
32,2006,0.0207
32,2007,0.0207
32,2008,0.0207
32,2009,0.0207
32,2010,0.0255
32,2011,0.0285
32,2012,0.0281
32,2013,0.0297
32,2014,0.022
32,2015,0.0235
32,2016,0.0256
32,2017,0.0255
32,2018,0.0259
32,2030,0.0265
32,2050,0.0313
33,1961,0.0001
33,1962,0.0001
33,1963,0.0001
33,1964,0.0001
33,1965,0.0001
33,1966,0.0001
33,1967,0.0001
33,1968,0.0001
33,1969,0.0001
33,1970,0.0001
33,1971,0.0001
33,1972,0.0001
33,1973,0.0001
33,1974,0.0002
33,1975,0.0001
33,1976,0.0002
33,1977,0.0002
33,1978,0.0002
33,1979,0.0002
33,1980,0.0002
33,1981,0.0002
33,1982,0.0002
33,1983,0.0002
33,1984,0.0002
33,1985,0.0002
33,1986,0.0002
33,1987,0.0002
33,1988,0.0002
33,1989,0.0002
33,1990,0.0002
33,1991,0.0002
33,1992,0.0002
33,1993,0.0002
33,1994,0.0002
33,1995,0.0002
33,1996,0.0002
33,1997,0.0002
33,1998,0.0002
33,1999,0.0002
33,2000,0.0002
33,2001,0.0002
33,2002,0.0002
33,2003,0.0002
33,2004,0.0002
33,2005,0.0002
33,2006,0.0002
33,2007,0.0002
33,2008,0.0002
33,2009,0.0002
33,2010,0.0002
33,2011,0.0002
33,2012,0.0002
33,2013,0.0002
33,2014,0.0002
33,2015,0.0002
33,2016,0.0002
33,2017,0.0002
33,2018,0.0002
33,2030,0.0003
33,2050,0.0003
35,1961,0.0002
35,1962,0.0002
35,1963,0.0002
35,1964,0.0002
35,1965,0.0002
35,1966,0.0002
35,1967,0.0002
35,1968,0.0002
35,1969,0.0002
35,1970,0.0002
35,1971,0.0002
35,1972,0.0002
35,1973,0.0002
35,1974,0.0002
35,1975,0.0002
35,1976,0.0003
35,1977,0.0003
35,1978,0.0003
35,1979,0.0003
35,1980,0.0003
35,1981,0.0003
35,1982,0.0003
35,1983,0.0003
35,1984,0.0003
35,1985,0.0003
35,1986,0.0004
35,1987,0.0004
35,1988,0.0004
35,1989,0.0005
35,1990,0.0005
35,1991,0.0006
35,1992,0.0006
35,1993,0.0007
35,1994,0.0006
35,1995,0.0005
35,1996,0.0005
35,1997,0.0005
35,1998,0.0005
35,1999,0.0005
35,2000,0.0005
35,2001,0.0005
35,2002,0.0005
35,2003,0.0005
35,2004,0.0007
35,2005,0.0006
35,2006,0.0005
35,2007,0.0005
35,2008,0.0004
35,2009,0.0006
35,2010,0.0008
35,2011,0.0008
35,2012,0.0009
35,2013,0.0009
35,2014,0.0009
35,2015,0.0009
35,2016,0.001
35,2017,0.0005
35,2018,0.0005
35,2030,0.0006
35,2050,0.0006
351,1961,0.6047
351,1962,0.7456
351,1963,0.8329
351,1964,0.8
351,1965,0.7354
351,1966,0.7181
351,1967,0.7126
351,1968,0.7326
351,1969,0.7327
351,1970,0.7151
351,1971,0.7258
351,1972,0.742
351,1973,0.7251
351,1974,0.7577
351,1975,0.7822
351,1976,0.8042
351,1977,0.7741
351,1978,0.8018
351,1979,0.8692
351,1980,0.9519
351,1981,0.9532
351,1982,0.9245
351,1983,0.8887
351,1984,0.8042
351,1985,0.7476
351,1986,0.7297
351,1987,0.7951
351,1988,0.909
351,1989,1.0637
351,1990,1.1357
351,1991,1.1478
351,1992,1.126
351,1993,1.1529
351,1994,1.2493
351,1995,1.4544
351,1996,1.767
351,1997,1.4553
351,1998,1.5926
351,1999,1.6743
351,2000,1.7501
351,2001,1.765
351,2002,1.7194
351,2003,1.7522
351,2004,1.7672
351,2005,1.7942
351,2006,1.731
351,2007,1.6258
351,2008,1.6925
351,2009,1.7391
351,2010,1.6756
351,2011,1.6629
351,2012,1.6444
351,2013,1.6118
351,2014,1.6117
351,2015,1.6718
351,2016,1.7118
351,2017,1.6156
351,2018,1.6311
351,2030,2.1946
351,2050,2.203
36,1966,0
36,1967,0
36,1968,0
36,1969,0
36,1970,0
36,1971,0
36,1972,0
36,1973,0
36,1974,0
36,1975,0
36,1976,0
36,1977,0
36,1978,0
36,1979,0
36,1980,0
36,1981,0
36,1982,0
36,1983,0
36,1984,0
36,1985,0
36,1986,0
36,1987,0
36,1988,0
36,1989,0
36,1990,0
36,1991,0
36,1992,0
36,1993,0
36,1994,0
36,1995,0
36,1996,0
36,1997,0
36,1998,0
36,1999,0
36,2000,0
36,2001,0
36,2002,0
36,2003,0
36,2004,0
36,2005,0
36,2006,0
36,2007,0
36,2008,0
36,2009,0
36,2010,0
36,2011,0
36,2012,0
36,2013,0
36,2014,0
36,2015,0
36,2016,0
36,2017,0
36,2018,0
36,2030,0
36,2050,0
37,1961,0.0021
37,1962,0.0021
37,1963,0.0021
37,1964,0.0021
37,1965,0.0023
37,1966,0.0024
37,1967,0.0024
37,1968,0.0024
37,1969,0.0025
37,1970,0.0026
37,1971,0.0027
37,1972,0.003
37,1973,0.0031
37,1974,0.0033
37,1975,0.0034
37,1976,0.0037
37,1977,0.0038
37,1978,0.0039
37,1979,0.0044
37,1980,0.0045
37,1981,0.0046
37,1982,0.0047
37,1983,0.0048
37,1984,0.0049
37,1985,0.005
37,1986,0.0052
37,1987,0.0054
37,1988,0.0056
37,1989,0.0058
37,1990,0.0059
37,1991,0.0075
37,1992,0.0079
37,1993,0.0083
37,1994,0.0088
37,1995,0.0093
37,1996,0.0099
37,1997,0.0104
37,1998,0.011
37,1999,0.0117
37,2000,0.0123
37,2001,0.013
37,2002,0.0138
37,2003,0.0146
37,2004,0.0151
37,2005,0.016
37,2006,0.017
37,2007,0.0182
37,2008,0.0205
37,2009,0.0217
37,2010,0.0229
37,2011,0.0271
37,2012,0.0273
37,2013,0.0273
37,2014,0.0273
37,2015,0.028
37,2016,0.0319
37,2017,0.0323
37,2018,0.0307
37,2030,0.0272
37,2050,0.0363
38,1961,0.0058
38,1962,0.0053
38,1963,0.0063
38,1964,0.0067
38,1965,0.0071
38,1966,0.007
38,1967,0.0068
38,1968,0.0069
38,1969,0.0064
38,1970,0.0066
38,1971,0.0064
38,1972,0.0066
38,1973,0.0065
38,1974,0.0065
38,1975,0.0064
38,1976,0.0066
38,1977,0.0064
38,1978,0.0053
38,1979,0.0054
38,1980,0.0058
38,1981,0.006
38,1982,0.006
38,1983,0.0061
38,1984,0.0063
38,1985,0.0064
38,1986,0.0069
38,1987,0.0059
38,1988,0.006
38,1989,0.0061
38,1990,0.0061
38,1991,0.0054
38,1992,0.0059
38,1993,0.0069
38,1994,0.0069
38,1995,0.007
38,1996,0.0063
38,1997,0.0061
38,1998,0.0061
38,1999,0.0061
38,2000,0.0058
38,2001,0.0058
38,2002,0.0041
38,2003,0.0049
38,2004,0.0048
38,2005,0.0047
38,2006,0.0045
38,2007,0.0046
38,2008,0.0044
38,2009,0.0044
38,2010,0.0044
38,2011,0.0044
38,2012,0.0045
38,2013,0.0039
38,2014,0.0035
38,2015,0.0036
38,2016,0.0031
38,2017,0.0034
38,2018,0.0037
38,2030,0.0072
38,2050,0.0086
39,1961,0.0094
39,1962,0.0094
39,1963,0.0094
39,1964,0.0094
39,1965,0.0094
39,1966,0.0094
39,1967,0.0098
39,1968,0.0098
39,1969,0.0101
39,1970,0.0108
39,1971,0.0101
39,1972,0.0123
39,1973,0.0123
39,1974,0.0116
39,1975,0.011
39,1976,0.0105
39,1977,0.011
39,1978,0.0115
39,1979,0.012
39,1980,0.0124
39,1981,0.0127
39,1982,0.0131
39,1983,0.0119
39,1984,0.0104
39,1985,0.0108
39,1986,0.0113
39,1987,0.0119
39,1988,0.0126
39,1989,0.013
39,1990,0.0134
39,1991,0.0341
39,1992,0.0362
39,1993,0.0385
39,1994,0.0408
39,1995,0.0434
39,1996,0.046
39,1997,0.0489
39,1998,0.0519
39,1999,0.0551
39,2000,0.0585
39,2001,0.0621
39,2002,0.066
39,2003,0.0701
39,2004,0.0744
39,2005,0.079
39,2006,0.0839
39,2007,0.0891
39,2008,0.0946
39,2009,0.1004
39,2010,0.1066
39,2011,0.1132
39,2012,0.1202
39,2013,0.1276
39,2014,0.1355
39,2015,0.1439
39,2016,0.1528
39,2017,0.1622
39,2018,0.1722
39,2030,0.1434
39,2050,0.2052
4,1961,0.0092
4,1962,0.0076
4,1963,0.0064
4,1964,0.0077
4,1965,0.0083
4,1966,0.0083
4,1967,0.0109
4,1968,0.0119
4,1969,0.0121
4,1970,0.0122
4,1971,0.0118
4,1972,0.0113
4,1973,0.0113
4,1974,0.012
4,1975,0.0107
4,1976,0.0101
4,1977,0.0114
4,1978,0.0122
4,1979,0.0133
4,1980,0.0128
4,1981,0.013
4,1982,0.0135
4,1983,0.014
4,1984,0.0132
4,1985,0.0127
4,1986,0.0119
4,1987,0.0121
4,1988,0.0105
4,1989,0.0113
4,1990,0.0117
4,1991,0.0117
4,1992,0.0131
4,1993,0.0127
4,1994,0.012
4,1995,0.0131
4,1996,0.0136
4,1997,0.0147
4,1998,0.0154
4,1999,0.0144
4,2000,0.0143
4,2001,0.0148
4,2002,0.0155
4,2003,0.0157
4,2004,0.0163
4,2005,0.0169
4,2006,0.0177
4,2007,0.0181
4,2008,0.0177
4,2009,0.0187
4,2010,0.0202
4,2011,0.0208
4,2012,0.0217
4,2013,0.0232
4,2014,0.0242
4,2015,0.0236
4,2016,0.0233
4,2017,0.0236
4,2018,0.0231
4,2030,0.022
4,2050,0.0261
40,1961,0.0027
40,1962,0.0025
40,1963,0.0024
40,1964,0.0023
40,1965,0.0022
40,1966,0.0022
40,1967,0.0022
40,1968,0.0021
40,1969,0.002
40,1970,0.002
40,1971,0.002
40,1972,0.0021
40,1973,0.002
40,1974,0.002
40,1975,0.0019
40,1976,0.0014
40,1977,0.0014
40,1978,0.0014
40,1979,0.0014
40,1980,0.0014
40,1981,0.0014
40,1982,0.0014
40,1983,0.0014
40,1984,0.0014
40,1985,0.0014
40,1986,0.0014
40,1987,0.0014
40,1988,0.0014
40,1989,0.0014
40,1990,0.0014
40,1991,0.0014
40,1992,0.0014
40,1993,0.0014
40,1994,0.0014
40,1995,0.0014
40,1996,0.0015
40,1997,0.0017
40,1998,0.0017
40,1999,0.0017
40,2000,0.0017
40,2001,0.0017
40,2002,0.0017
40,2003,0.0017
40,2004,0.0017
40,2005,0.0017
40,2006,0.0017
40,2007,0.0017
40,2008,0.0017
40,2009,0.0018
40,2010,0.0016
40,2011,0.0014
40,2012,0.0012
40,2013,0.0011
40,2014,0.0011
40,2015,0.001
40,2016,0.001
40,2017,0.0011
40,2018,0.0011
40,2030,0.002
40,2050,0.0021
41,1961,0.6031
41,1962,0.744
41,1963,0.8313
41,1964,0.7983
41,1965,0.7336
41,1966,0.7162
41,1967,0.7107
41,1968,0.7308
41,1969,0.7308
41,1970,0.7131
41,1971,0.7238
41,1972,0.74
41,1973,0.723
41,1974,0.7555
41,1975,0.7799
41,1976,0.802
41,1977,0.7716
41,1978,0.7994
41,1979,0.8668
41,1980,0.9497
41,1981,0.951
41,1982,0.9224
41,1983,0.8866
41,1984,0.8019
41,1985,0.745
41,1986,0.7269
41,1987,0.7923
41,1988,0.9065
41,1989,1.0614
41,1990,1.1336
41,1991,1.1457
41,1992,1.1239
41,1993,1.1505
41,1994,1.2458
41,1995,1.4508
41,1996,1.7632
41,1997,1.4517
41,1998,1.5889
41,1999,1.67
41,2000,1.7464
41,2001,1.7616
41,2002,1.7164
41,2003,1.7493
41,2004,1.7643
41,2005,1.7911
41,2006,1.7278
41,2007,1.6228
41,2008,1.6898
41,2009,1.7367
41,2010,1.6732
41,2011,1.6605
41,2012,1.6422
41,2013,1.6098
41,2014,1.6098
41,2015,1.6699
41,2016,1.71
41,2017,1.6138
41,2018,1.6294
41,2030,2.1909
41,2050,2.199
44,1961,0.0015
44,1962,0.0015
44,1963,0.0015
44,1964,0.0016
44,1965,0.0016
44,1966,0.0016
44,1967,0.0015
44,1968,0.0015
44,1969,0.0014
44,1970,0.0015
44,1971,0.0015
44,1972,0.0016
44,1973,0.0015
44,1974,0.0016
44,1975,0.0015
44,1976,0.0015
44,1977,0.0015
44,1978,0.0015
44,1979,0.0015
44,1980,0.0015
44,1981,0.0015
44,1982,0.0016
44,1983,0.0017
44,1984,0.0023
44,1985,0.0021
44,1986,0.0022
44,1987,0.0022
44,1988,0.0023
44,1989,0.0023
44,1990,0.0023
44,1991,0.0023
44,1992,0.0023
44,1993,0.0023
44,1994,0.0023
44,1995,0.0023
44,1996,0.0023
44,1997,0.0024
44,1998,0.0025
44,1999,0.0026
44,2000,0.0028
44,2001,0.0027
44,2002,0.0026
44,2003,0.0026
44,2004,0.0026
44,2005,0.0026
44,2006,0.0026
44,2007,0.0026
44,2008,0.0026
44,2009,0.0026
44,2010,0.0026
44,2011,0.0026
44,2012,0.0019
44,2013,0.0021
44,2014,0.0024
44,2015,0.0026
44,2016,0.002
44,2017,0.002
44,2018,0.0023
44,2030,0.0031
44,2050,0.0032
45,1961,0.0005
45,1962,0.0005
45,1963,0.0004
45,1964,0.0004
45,1965,0.0004
45,1966,0.0004
45,1967,0.0004
45,1968,0.0004
45,1969,0.0004
45,1970,0.0004
45,1971,0.0004
45,1972,0.0004
45,1973,0.0004
45,1974,0.0004
45,1975,0.0004
45,1976,0.0004
45,1977,0.0004
45,1978,0.0004
45,1979,0.0004
45,1980,0.0004
45,1981,0.0004
45,1982,0.0004
45,1983,0.0004
45,1984,0.0004
45,1985,0.0005
45,1986,0.0005
45,1987,0.0005
45,1988,0.0005
45,1989,0.0006
45,1990,0.0005
45,1991,0.0005
45,1992,0.0005
45,1993,0.0005
45,1994,0.0005
45,1995,0.0006
45,1996,0.0006
45,1997,0.0006
45,1998,0.0007
45,1999,0.0008
45,2000,0.0005
45,2001,0.0005
45,2002,0.0005
45,2003,0.0005
45,2004,0.0005
45,2005,0.0005
45,2006,0.0006
45,2007,0.0006
45,2008,0.0006
45,2009,0.0006
45,2010,0.0006
45,2011,0.0006
45,2012,0.0006
45,2013,0.0006
45,2014,0.0006
45,2015,0.0006
45,2016,0.0006
45,2017,0.0006
45,2018,0.0006
45,2030,0.0006
45,2050,0.0006
46,1961,0.0003
46,1962,0.0003
46,1963,0.0002
46,1964,0.0002
46,1965,0.0002
46,1966,0.0002
46,1967,0.0002
46,1968,0.0003
46,1969,0.0003
46,1970,0.0003
46,1971,0.0003
46,1972,0.0004
46,1973,0.0004
46,1974,0.0004
46,1975,0.0004
46,1976,0.0005
46,1977,0.0005
46,1978,0.0006
46,1979,0.0006
46,1980,0.0008
46,1981,0.0008
46,1982,0.0008
46,1983,0.0009
46,1984,0.0009
46,1985,0.001
46,1986,0.0011
46,1987,0.0011
46,1988,0.0012
46,1989,0.0013
46,1990,0.0013
46,1991,0.0014
46,1992,0.0014
46,1993,0.0014
46,1994,0.0014
46,1995,0.0014
46,1996,0.0014
46,1997,0.0013
46,1998,0.0013
46,1999,0.0013
46,2000,0.0013
46,2001,0.0013
46,2002,0.0014
46,2003,0.0014
46,2004,0.0014
46,2005,0.0014
46,2006,0.0014
46,2007,0.0014
46,2008,0.0014
46,2009,0.0015
46,2010,0.0015
46,2011,0.0015
46,2012,0.0015
46,2013,0.0015
46,2014,0.0015
46,2015,0.0015
46,2016,0.0015
46,2017,0.0015
46,2018,0.0015
46,2030,0.0019
46,2050,0.0024
47,1961,0
47,1962,0
47,1963,0
47,1964,0
47,1965,0
47,1966,0
47,1967,0
47,1968,0
47,1969,0
47,1970,0
47,1971,0
47,1972,0
47,1973,0
47,1974,0
47,1975,0
47,1976,0
47,1977,0
47,1978,0
47,1979,0
47,1980,0
47,1981,0
47,1982,0
47,1983,0
47,1984,0
47,1985,0
47,1986,0
47,1987,0
47,1988,0
47,1989,0
47,1990,0
47,1991,0
47,1992,0
47,1993,0
47,1994,0
47,1995,0
47,1996,0
47,1997,0
47,1998,0
47,1999,0
47,2000,0
47,2001,0
47,2002,0
47,2003,0
47,2004,0
47,2005,0
47,2006,0
47,2007,0
47,2008,0
47,2009,0
47,2010,0
47,2011,0
47,2012,0
47,2013,0
47,2014,0
47,2015,0
47,2016,0
47,2017,0
47,2018,0
47,2030,0
47,2050,0
48,1961,0
48,1962,0
48,1963,0
48,1964,0
48,1965,0
48,1966,0
48,1967,0
48,1968,0
48,1969,0
48,1970,0
48,1971,0
48,1972,0
48,1973,0
48,1974,0
48,1975,0
48,1976,0
48,1977,0
48,1978,0
48,1979,0
48,1980,0
48,1981,0
48,1982,0
48,1983,0
48,1984,0
48,1985,0
48,1986,0
48,1987,0
48,1988,0
48,1989,0
48,1990,0
48,1991,0
48,1992,0
48,1993,0
48,1994,0
48,1995,0
48,1996,0
48,1997,0
48,1998,0
48,1999,0
48,2000,0
48,2001,0
48,2002,0
48,2003,0
48,2004,0
48,2005,0
48,2006,0
48,2007,0
48,2008,0
48,2009,0
48,2010,0
48,2011,0
48,2012,0
48,2013,0
48,2014,0
48,2015,0
48,2016,0
48,2017,0
48,2018,0
48,2030,0
48,2050,0
49,1961,0.0002
49,1962,0.0002
49,1963,0.0002
49,1964,0.0002
49,1965,0.0002
49,1966,0.0002
49,1967,0.0002
49,1968,0.0002
49,1969,0.0002
49,1970,0.0002
49,1971,0.0002
49,1972,0.0002
49,1973,0.0002
49,1974,0.0002
49,1975,0.0002
49,1976,0.0002
49,1977,0.0002
49,1978,0.0002
49,1979,0.0002
49,1980,0.0002
49,1981,0.0002
49,1982,0.0002
49,1983,0.0002
49,1984,0.0002
49,1985,0.0002
49,1986,0.0003
49,1987,0.0003
49,1988,0.0003
49,1989,0.0003
49,1990,0.0002
49,1991,0.0002
49,1992,0.0002
49,1993,0.0002
49,1994,0.0002
49,1995,0.0002
49,1996,0.0003
49,1997,0.0003
49,1998,0.0009
49,1999,0.0012
49,2000,0.0017
49,2001,0.0018
49,2002,0.002
49,2003,0.0022
49,2004,0.0025
49,2005,0.0025
49,2006,0.0028
49,2007,0.0027
49,2008,0.0027
49,2009,0.0026
49,2010,0.0022
49,2011,0.002
49,2012,0.0015
49,2013,0.0015
49,2014,0.0014
49,2015,0.0025
49,2016,0.0028
49,2017,0.0027
49,2018,0.0028
49,2030,0.0027
49,2050,0.0024
50,1961,0
50,1962,0
50,1963,0
50,1964,0
50,1965,0
50,1966,0
50,1967,0
50,1968,0
50,1969,0
50,1970,0
50,1971,0
50,1972,0
50,1973,0
50,1974,0
50,1975,0
50,1976,0
50,1977,0
50,1978,0
50,1979,0
50,1980,0
50,1981,0
50,1982,0
50,1983,0
50,1984,0
50,1985,0
50,1986,0
50,1987,0
50,1988,0
50,1989,0
50,1990,0
50,1991,0
50,1992,0
50,1993,0
50,1994,0
50,1995,0
50,1996,0
50,1997,0
50,1998,0
50,1999,0
50,2000,0
50,2001,0
50,2002,0
50,2003,0
50,2004,0
50,2005,0
50,2006,0
50,2007,0
50,2008,0
50,2009,0
50,2010,0
50,2011,0
50,2012,0
50,2013,0
50,2014,0
50,2015,0
50,2016,0
50,2017,0
50,2018,0
50,2030,0
50,2050,0
5000,1961,2.8475
5000,1962,3.0228
5000,1963,3.0908
5000,1964,3.057
5000,1965,3.0272
5000,1966,3.0234
5000,1967,3.0335
5000,1968,3.0913
5000,1969,3.086
5000,1970,3.072
5000,1971,3.1232
5000,1972,3.1523
5000,1973,3.1794
5000,1974,3.2723
5000,1975,3.3716
5000,1976,3.4662
5000,1977,3.5137
5000,1978,3.6552
5000,1979,3.8111
5000,1980,3.9018
5000,1981,4.0076
5000,1982,4.0656
5000,1983,4.1658
5000,1984,4.1235
5000,1985,4.1389
5000,1986,4.2439
5000,1987,4.4521
5000,1988,4.6612
5000,1989,4.9525
5000,1990,5.093
5000,1991,5.1975
5000,1992,5.2405
5000,1993,5.3406
5000,1994,5.6029
5000,1995,5.9341
5000,1996,6.2972
5000,1997,6.0945
5000,1998,6.2978
5000,1999,6.464
5000,2000,6.6136
5000,2001,6.6773
5000,2002,6.7494
5000,2003,6.8832
5000,2004,7.0857
5000,2005,7.302
5000,2006,7.3003
5000,2007,7.4539
5000,2008,7.6169
5000,2009,7.7231
5000,2010,7.6934
5000,2011,7.7893
5000,2012,7.9046
5000,2013,7.9905
5000,2014,8.0837
5000,2015,8.1761
5000,2016,8.3623
5000,2017,8.3704
5000,2018,8.4723
5000,2030,9.7203
5000,2050,11.8173
51,1961,0.0139
51,1962,0.0135
51,1963,0.0133
51,1964,0.0132
51,1965,0.0126
51,1966,0.0118
51,1967,0.0108
51,1968,0.0094
51,1969,0.0082
51,1970,0.0072
51,1971,0.0064
51,1972,0.0055
51,1973,0.0048
51,1974,0.0039
51,1975,0.0032
51,1976,0.0027
51,1977,0.0022
51,1978,0.0019
51,1979,0.0016
51,1980,0.0014
51,1981,0.0013
51,1982,0.0012
51,1983,0.0012
51,1984,0.0012
51,1985,0.0012
51,1986,0.0012
51,1987,0.0012
51,1988,0.0011
51,1989,0.0011
51,1990,0.0011
51,1991,0.0012
51,1992,0.0013
5100,1961,0.4444
5100,1962,0.4455
5100,1963,0.4567
5100,1964,0.4641
5100,1965,0.4764
5100,1966,0.4899
5100,1967,0.5104
5100,1968,0.5249
5100,1969,0.5343
5100,1970,0.5441
5100,1971,0.5475
5100,1972,0.5521
5100,1973,0.5369
5100,1974,0.5444
5100,1975,0.5658
5100,1976,0.5792
5100,1977,0.6031
5100,1978,0.6386
5100,1979,0.6489
5100,1980,0.6653
5100,1981,0.6704
5100,1982,0.6848
5100,1983,0.7025
5100,1984,0.6826
5100,1985,0.7034
5100,1986,0.7314
5100,1987,0.759
5100,1988,0.7942
5100,1989,0.825
5100,1990,0.8335
5100,1991,0.8657
5100,1992,0.8795
5100,1993,0.8774
5100,1994,0.9352
5100,1995,0.9712
5100,1996,1.0044
5100,1997,1.0436
5100,1998,1.0773
5100,1999,1.111
5100,2000,1.1494
5100,2001,1.2018
5100,2002,1.2373
5100,2003,1.2746
5100,2004,1.3299
5100,2005,1.3733
5100,2006,1.3838
5100,2007,1.5102
5100,2008,1.5674
5100,2009,1.5953
5100,2010,1.645
5100,2011,1.6809
5100,2012,1.7578
5100,2013,1.8345
5100,2014,1.8722
5100,2015,1.8948
5100,2016,1.9572
5100,2017,2.0097
5100,2018,2.0656
5100,2030,2.0493
5100,2050,2.6545
5101,1961,0.2105
5101,1962,0.2137
5101,1963,0.2155
5101,1964,0.2163
5101,1965,0.2197
5101,1966,0.2225
5101,1967,0.2272
5101,1968,0.2288
5101,1969,0.2278
5101,1970,0.2259
5101,1971,0.2309
5101,1972,0.2309
5101,1973,0.2317
5101,1974,0.227
5101,1975,0.2343
5101,1976,0.2383
5101,1977,0.251
5101,1978,0.2678
5101,1979,0.2661
5101,1980,0.2656
5101,1981,0.2708
5101,1982,0.2768
5101,1983,0.2821
5101,1984,0.2767
5101,1985,0.2915
5101,1986,0.299
5101,1987,0.3057
5101,1988,0.3273
5101,1989,0.3306
5101,1990,0.3256
5101,1991,0.3123
5101,1992,0.2998
5101,1993,0.2695
5101,1994,0.2782
5101,1995,0.2833
5101,1996,0.2883
5101,1997,0.2967
5101,1998,0.3038
5101,1999,0.3095
5101,2000,0.3087
5101,2001,0.3252
5101,2002,0.3365
5101,2003,0.3475
5101,2004,0.3784
5101,2005,0.3947
5101,2006,0.3826
5101,2007,0.4833
5101,2008,0.5154
5101,2009,0.5161
5101,2010,0.5311
5101,2011,0.5488
5101,2012,0.5969
5101,2013,0.6408
5101,2014,0.6542
5101,2015,0.6494
5101,2016,0.6734
5101,2017,0.683
5101,2018,0.7038
5101,2030,0.596
5101,2050,0.7717
5102,1961,0.0284
5102,1962,0.0279
5102,1963,0.0274
5102,1964,0.0272
5102,1965,0.0272
5102,1966,0.0298
5102,1967,0.0313
5102,1968,0.0327
5102,1969,0.0339
5102,1970,0.0369
5102,1971,0.037
5102,1972,0.0405
5102,1973,0.0404
5102,1974,0.0407
5102,1975,0.0408
5102,1976,0.0412
5102,1977,0.044
5102,1978,0.0463
5102,1979,0.0472
5102,1980,0.0477
5102,1981,0.047
5102,1982,0.0471
5102,1983,0.0463
5102,1984,0.046
5102,1985,0.0476
5102,1986,0.0505
5102,1987,0.053
5102,1988,0.0564
5102,1989,0.0598
5102,1990,0.0628
5102,1991,0.0853
5102,1992,0.0891
5102,1993,0.092
5102,1994,0.0958
5102,1995,0.0988
5102,1996,0.1028
5102,1997,0.1085
5102,1998,0.1132
5102,1999,0.1157
5102,2000,0.1231
5102,2001,0.1287
5102,2002,0.1342
5102,2003,0.1403
5102,2004,0.1457
5102,2005,0.1524
5102,2006,0.1587
5102,2007,0.1656
5102,2008,0.1739
5102,2009,0.1815
5102,2010,0.1943
5102,2011,0.2086
5102,2012,0.216
5102,2013,0.2256
5102,2014,0.2264
5102,2015,0.2375
5102,2016,0.2526
5102,2017,0.2626
5102,2018,0.2718
5102,2030,0.2496
5102,2050,0.3447
5103,1961,0.0841
5103,1962,0.0778
5103,1963,0.0801
5103,1964,0.0823
5103,1965,0.0838
5103,1966,0.0896
5103,1967,0.0991
5103,1968,0.1071
5103,1969,0.1078
5103,1970,0.1087
5103,1971,0.1078
5103,1972,0.1072
5103,1973,0.1075
5103,1974,0.1105
5103,1975,0.1127
5103,1976,0.111
5103,1977,0.1105
5103,1978,0.1157
5103,1979,0.1158
5103,1980,0.1209
5103,1981,0.1199
5103,1982,0.1172
5103,1983,0.1217
5103,1984,0.1187
5103,1985,0.1197
5103,1986,0.1189
5103,1987,0.1234
5103,1988,0.1201
5103,1989,0.1267
5103,1990,0.1321
5103,1991,0.1471
5103,1992,0.1684
5103,1993,0.1886
5103,1994,0.216
5103,1995,0.2264
5103,1996,0.2302
5103,1997,0.2349
5103,1998,0.2387
5103,1999,0.2412
5103,2000,0.249
5103,2001,0.2574
5103,2002,0.2662
5103,2003,0.2722
5103,2004,0.2761
5103,2005,0.2789
5103,2006,0.2825
5103,2007,0.2854
5103,2008,0.2861
5103,2009,0.2871
5103,2010,0.2912
5103,2011,0.2328
5103,2012,0.2326
5103,2013,0.2356
5103,2014,0.2381
5103,2015,0.2379
5103,2016,0.2371
5103,2017,0.2351
5103,2018,0.2383
5103,2030,0.3817
5103,2050,0.4699
5104,1961,0.0374
5104,1962,0.0385
5104,1963,0.0391
5104,1964,0.0393
5104,1965,0.0401
5104,1966,0.0408
5104,1967,0.0419
5104,1968,0.0407
5104,1969,0.0428
5104,1970,0.0441
5104,1971,0.0425
5104,1972,0.0421
5104,1973,0.0403
5104,1974,0.0403
5104,1975,0.0397
5104,1976,0.0396
5104,1977,0.0386
5104,1978,0.0388
5104,1979,0.0414
5104,1980,0.0445
5104,1981,0.0419
5104,1982,0.042
5104,1983,0.0428
5104,1984,0.0431
5104,1985,0.0455
5104,1986,0.0469
5104,1987,0.0487
5104,1988,0.0498
5104,1989,0.052
5104,1990,0.0528
5104,1991,0.0545
5104,1992,0.0534
5104,1993,0.0506
5104,1994,0.0528
5104,1995,0.056
5104,1996,0.0558
5104,1997,0.0578
5104,1998,0.0536
5104,1999,0.0534
5104,2000,0.0552
5104,2001,0.054
5104,2002,0.0537
5104,2003,0.0512
5104,2004,0.0512
5104,2005,0.054
5104,2006,0.0545
5104,2007,0.0518
5104,2008,0.0547
5104,2009,0.054
5104,2010,0.054
5104,2011,0.0528
5104,2012,0.051
5104,2013,0.0489
5104,2014,0.0485
5104,2015,0.0473
5104,2016,0.0466
5104,2017,0.0467
5104,2018,0.046
5104,2030,0.0736
5104,2050,0.0833
5105,1961,0.084
5105,1962,0.0877
5105,1963,0.0946
5105,1964,0.0991
5105,1965,0.1056
5105,1966,0.1073
5105,1967,0.111
5105,1968,0.1157
5105,1969,0.122
5105,1970,0.1285
5105,1971,0.1293
5105,1972,0.1314
5105,1973,0.117
5105,1974,0.1258
5105,1975,0.1383
5105,1976,0.1491
5105,1977,0.159
5105,1978,0.1701
5105,1979,0.1785
5105,1980,0.1866
5105,1981,0.1908
5105,1982,0.2016
5105,1983,0.2096
5105,1984,0.1981
5105,1985,0.1992
5105,1986,0.2161
5105,1987,0.2282
5105,1988,0.2406
5105,1989,0.2558
5105,1990,0.2602
5105,1991,0.2665
5105,1992,0.2688
5105,1993,0.2767
5105,1994,0.2924
5105,1995,0.3067
5105,1996,0.3272
5105,1997,0.3458
5105,1998,0.368
5105,1999,0.3912
5105,2000,0.4135
5105,2001,0.4364
5105,2002,0.4468
5105,2003,0.4635
5105,2004,0.4786
5105,2005,0.4934
5105,2006,0.5055
5105,2007,0.524
5105,2008,0.5373
5105,2009,0.5566
5105,2010,0.5744
5105,2011,0.6379
5105,2012,0.6613
5105,2013,0.6835
5105,2014,0.705
5105,2015,0.7229
5105,2016,0.7475
5105,2017,0.7823
5105,2018,0.8056
5105,2030,0.7485
5105,2050,0.985
52,1992,0
52,1993,0
52,1994,0
52,1995,0
52,1996,0
52,1997,0
52,1998,0
52,1999,0
52,2000,0
52,2001,0
52,2002,0
52,2003,0
52,2004,0
52,2005,0
52,2006,0
52,2007,0
52,2008,0
52,2009,0
52,2010,0
52,2011,0
52,2012,0
52,2013,0
52,2014,0
52,2015,0
52,2016,0
52,2017,0
52,2018,0
52,2030,0
52,2050,0
5200,1961,0.098
5200,1962,0.1007
5200,1963,0.1024
5200,1964,0.104
5200,1965,0.1059
5200,1966,0.1077
5200,1967,0.1011
5200,1968,0.0984
5200,1969,0.0961
5200,1970,0.0907
5200,1971,0.0871
5200,1972,0.0855
5200,1973,0.0877
5200,1974,0.0856
5200,1975,0.0824
5200,1976,0.0823
5200,1977,0.0822
5200,1978,0.0816
5200,1979,0.083
5200,1980,0.0821
5200,1981,0.0843
5200,1982,0.0858
5200,1983,0.0838
5200,1984,0.085
5200,1985,0.0902
5200,1986,0.0917
5200,1987,0.0936
5200,1988,0.0945
5200,1989,0.0961
5200,1990,0.0979
5200,1991,0.0977
5200,1992,0.0987
5200,1993,0.0972
5200,1994,0.0982
5200,1995,0.0954
5200,1996,0.0855
5200,1997,0.0842
5200,1998,0.0839
5200,1999,0.0923
5200,2000,0.0951
5200,2001,0.0964
5200,2002,0.0997
5200,2003,0.1005
5200,2004,0.1017
5200,2005,0.1041
5200,2006,0.1057
5200,2007,0.1052
5200,2008,0.106
5200,2009,0.1053
5200,2010,0.1045
5200,2011,0.1046
5200,2012,0.099
5200,2013,0.0988
5200,2014,0.0985
5200,2015,0.1026
5200,2016,0.1027
5200,2017,0.1041
5200,2018,0.1046
5200,2030,0.1192
5200,2050,0.1256
5203,1961,0.0277
5203,1962,0.0291
5203,1963,0.0294
5203,1964,0.0311
5203,1965,0.0324
5203,1966,0.0337
5203,1967,0.0317
5203,1968,0.0285
5203,1969,0.0257
5203,1970,0.0206
5203,1971,0.0171
5203,1972,0.0133
5203,1973,0.0143
5203,1974,0.0126
5203,1975,0.0109
5203,1976,0.0103
5203,1977,0.0113
5203,1978,0.0109
5203,1979,0.011
5203,1980,0.0113
5203,1981,0.0112
5203,1982,0.0114
5203,1983,0.0115
5203,1984,0.0115
5203,1985,0.0125
5203,1986,0.0143
5203,1987,0.0144
5203,1988,0.0145
5203,1989,0.0149
5203,1990,0.0153
5203,1991,0.0148
5203,1992,0.0161
5203,1993,0.0158
5203,1994,0.0158
5203,1995,0.0149
5203,1996,0.0153
5203,1997,0.0133
5203,1998,0.0114
5203,1999,0.0181
5203,2000,0.0185
5203,2001,0.0193
5203,2002,0.0204
5203,2003,0.0204
5203,2004,0.0203
5203,2005,0.0218
5203,2006,0.0228
5203,2007,0.0245
5203,2008,0.025
5203,2009,0.0246
5203,2010,0.0244
5203,2011,0.0241
5203,2012,0.0217
5203,2013,0.0212
5203,2014,0.021
5203,2015,0.0213
5203,2016,0.021
5203,2017,0.0211
5203,2018,0.0212
5203,2030,0.0246
5203,2050,0.0259
5204,1961,0.0214
5204,1962,0.022
5204,1963,0.022
5204,1964,0.022
5204,1965,0.0222
5204,1966,0.0222
5204,1967,0.0223
5204,1968,0.0224
5204,1969,0.0225
5204,1970,0.0218
5204,1971,0.0211
5204,1972,0.0221
5204,1973,0.0219
5204,1974,0.0218
5204,1975,0.0217
5204,1976,0.0215
5204,1977,0.0215
5204,1978,0.0218
5204,1979,0.0222
5204,1980,0.023
5204,1981,0.0239
5204,1982,0.0246
5204,1983,0.0234
5204,1984,0.0228
5204,1985,0.0262
5204,1986,0.0241
5204,1987,0.0249
5204,1988,0.0241
5204,1989,0.0245
5204,1990,0.025
5204,1991,0.0241
5204,1992,0.0233
5204,1993,0.0248
5204,1994,0.0246
5204,1995,0.0243
5204,1996,0.0229
5204,1997,0.0214
5204,1998,0.0217
5204,1999,0.0218
5204,2000,0.0209
5204,2001,0.0209
5204,2002,0.0219
5204,2003,0.0216
5204,2004,0.0213
5204,2005,0.0213
5204,2006,0.0214
5204,2007,0.0213
5204,2008,0.0215
5204,2009,0.0216
5204,2010,0.0216
5204,2011,0.0216
5204,2012,0.021
5204,2013,0.0208
5204,2014,0.0209
5204,2015,0.021
5204,2016,0.0211
5204,2017,0.021
5204,2018,0.021
5204,2030,0.0245
5204,2050,0.0263
5206,1961,0.0048
5206,1962,0.0049
5206,1963,0.0048
5206,1964,0.0047
5206,1965,0.0048
5206,1966,0.005
5206,1967,0.0051
5206,1968,0.005
5206,1969,0.005
5206,1970,0.005
5206,1971,0.005
5206,1972,0.005
5206,1973,0.0051
5206,1974,0.0049
5206,1975,0.005
5206,1976,0.005
5206,1977,0.0052
5206,1978,0.0048
5206,1979,0.0051
5206,1980,0.0052
5206,1981,0.0054
5206,1982,0.0055
5206,1983,0.0056
5206,1984,0.0057
5206,1985,0.0057
5206,1986,0.0056
5206,1987,0.0056
5206,1988,0.0055
5206,1989,0.0055
5206,1990,0.0054
5206,1991,0.0053
5206,1992,0.0053
5206,1993,0.0053
5206,1994,0.0052
5206,1995,0.0051
5206,1996,0.0054
5206,1997,0.0058
5206,1998,0.0068
5206,1999,0.007
5206,2000,0.0083
5206,2001,0.0085
5206,2002,0.0087
5206,2003,0.0089
5206,2004,0.0091
5206,2005,0.0092
5206,2006,0.0094
5206,2007,0.0092
5206,2008,0.0093
5206,2009,0.0092
5206,2010,0.0088
5206,2011,0.0086
5206,2012,0.0083
5206,2013,0.0082
5206,2014,0.0083
5206,2015,0.0093
5206,2016,0.0097
5206,2017,0.0096
5206,2018,0.0097
5206,2030,0.0105
5206,2050,0.0113
5207,1961,0.0441
5207,1962,0.0447
5207,1963,0.0461
5207,1964,0.0461
5207,1965,0.0465
5207,1966,0.0468
5207,1967,0.042
5207,1968,0.0424
5207,1969,0.0429
5207,1970,0.0434
5207,1971,0.0439
5207,1972,0.0452
5207,1973,0.0464
5207,1974,0.0464
5207,1975,0.0449
5207,1976,0.0455
5207,1977,0.0442
5207,1978,0.044
5207,1979,0.0446
5207,1980,0.0426
5207,1981,0.0438
5207,1982,0.0443
5207,1983,0.0433
5207,1984,0.045
5207,1985,0.0458
5207,1986,0.0477
5207,1987,0.0488
5207,1988,0.0503
5207,1989,0.0512
5207,1990,0.0522
5207,1991,0.0535
5207,1992,0.054
5207,1993,0.0513
5207,1994,0.0526
5207,1995,0.0511
5207,1996,0.0418
5207,1997,0.0435
5207,1998,0.044
5207,1999,0.0454
5207,2000,0.0474
5207,2001,0.0477
5207,2002,0.0487
5207,2003,0.0497
5207,2004,0.051
5207,2005,0.0518
5207,2006,0.0522
5207,2007,0.0501
5207,2008,0.0501
5207,2009,0.0499
5207,2010,0.0497
5207,2011,0.0503
5207,2012,0.048
5207,2013,0.0485
5207,2014,0.0483
5207,2015,0.051
5207,2016,0.0509
5207,2017,0.0524
5207,2018,0.0526
5207,2030,0.0596
5207,2050,0.0621
53,1961,0.002
53,1962,0.0021
53,1963,0.0024
53,1964,0.0026
53,1965,0.0026
53,1966,0.0025
53,1967,0.0027
53,1968,0.0026
53,1969,0.0028
53,1970,0.0028
53,1971,0.0029
53,1972,0.003
53,1973,0.0037
53,1974,0.0037
53,1975,0.0037
53,1976,0.0039
53,1977,0.004
53,1978,0.0041
53,1979,0.0042
53,1980,0.0044
53,1981,0.0046
53,1982,0.0047
53,1983,0.0055
53,1984,0.0057
53,1985,0.006
53,1986,0.0043
53,1987,0.0044
53,1988,0.0046
53,1989,0.0046
53,1990,0.0041
53,1991,0.0043
53,1992,0.0041
53,1993,0.0044
53,1994,0.0049
53,1995,0.0048
53,1996,0.0051
53,1997,0.0051
53,1998,0.0053
53,1999,0.0055
53,2000,0.0058
53,2001,0.006
53,2002,0.0062
53,2003,0.0062
53,2004,0.0063
53,2005,0.0065
53,2006,0.0067
53,2007,0.0069
53,2008,0.007
53,2009,0.0074
53,2010,0.0076
53,2011,0.0077
53,2012,0.0079
53,2013,0.0081
53,2014,0.0083
53,2015,0.0085
53,2016,0.0087
53,2017,0.0089
53,2018,0.0091
53,2030,0.0101
53,2050,0.0136
5300,1961,1.9535
5300,1962,2.1379
5300,1963,2.2098
5300,1964,2.1945
5300,1965,2.1535
5300,1966,2.1359
5300,1967,2.1287
5300,1968,2.1819
5300,1969,2.1742
5300,1970,2.1711
5300,1971,2.2193
5300,1972,2.2477
5300,1973,2.2859
5300,1974,2.3699
5300,1975,2.4507
5300,1976,2.5369
5300,1977,2.5649
5300,1978,2.6705
5300,1979,2.8173
5300,1980,2.883
5300,1981,2.9565
5300,1982,3.0061
5300,1983,3.079
5300,1984,3.0497
5300,1985,3.042
5300,1986,3.1066
5300,1987,3.2844
5300,1988,3.4487
5300,1989,3.6865
5300,1990,3.8197
5300,1991,3.8885
5300,1992,3.9821
5300,1993,4.0832
5300,1994,4.2785
5300,1995,4.5759
5300,1996,4.9242
5300,1997,4.6875
5300,1998,4.8603
5300,1999,4.9868
5300,2000,5.0961
5300,2001,5.1103
5300,2002,5.1447
5300,2003,5.2323
5300,2004,5.3843
5300,2005,5.5605
5300,2006,5.5555
5300,2007,5.5846
5300,2008,5.6894
5300,2009,5.7732
5300,2010,5.6956
5300,2011,5.7537
5300,2012,5.7991
5300,2013,5.8082
5300,2014,5.8681
5300,2015,5.9331
5300,2016,6.0551
5300,2017,6.0103
5300,2018,6.0577
5300,2030,7.2807
5300,2050,8.772
5301,1992,0.0354
5301,1993,0.0356
5301,1994,0.038
5301,1995,0.0369
5301,1996,0.0354
5301,1997,0.0327
5301,1998,0.0367
5301,1999,0.0415
5301,2000,0.0446
5301,2001,0.0484
5301,2002,0.0534
5301,2003,0.061
5301,2004,0.0759
5301,2005,0.0895
5301,2006,0.1037
5301,2007,0.109
5301,2008,0.117
5301,2009,0.1201
5301,2010,0.1224
5301,2011,0.1198
5301,2012,0.1224
5301,2013,0.1242
5301,2014,0.1245
5301,2015,0.126
5301,2016,0.1327
5301,2017,0.1325
5301,2018,0.1323
5301,2030,0.114
5301,2050,0.1207
5302,1961,0.6837
5302,1962,0.8147
5302,1963,0.8995
5302,1964,0.8696
5302,1965,0.8007
5302,1966,0.7836
5302,1967,0.7729
5302,1968,0.7916
5302,1969,0.7852
5302,1970,0.769
5302,1971,0.7834
5302,1972,0.7997
5302,1973,0.7848
5302,1974,0.8195
5302,1975,0.8454
5302,1976,0.8675
5302,1977,0.8367
5302,1978,0.8632
5302,1979,0.9339
5302,1980,1.0167
5302,1981,1.0163
5302,1982,0.9889
5302,1983,0.9569
5302,1984,0.8701
5302,1985,0.8098
5302,1986,0.7908
5302,1987,0.857
5302,1988,0.9704
5302,1989,1.1264
5302,1990,1.2048
5302,1991,1.2206
5302,1992,1.2032
5302,1993,1.2366
5302,1994,1.342
5302,1995,1.5567
5302,1996,1.8842
5302,1997,1.5832
5302,1998,1.7382
5302,1999,1.833
5302,2000,1.9128
5302,2001,1.9219
5302,2002,1.8698
5302,2003,1.8946
5302,2004,1.9315
5302,2005,1.9912
5302,2006,1.9553
5302,2007,1.8851
5302,2008,1.9718
5302,2009,2.016
5302,2010,1.8842
5302,2011,1.897
5302,2012,1.8982
5302,2013,1.8849
5302,2014,1.9175
5302,2015,1.9967
5302,2016,2.0609
5302,2017,1.985
5302,2018,1.9991
5302,2030,2.4362
5302,2050,2.4543
5303,1961,1.1563
5303,1962,1.2134
5303,1963,1.2011
5303,1964,1.2138
5303,1965,1.2266
5303,1966,1.2299
5303,1967,1.2481
5303,1968,1.2632
5303,1969,1.2753
5303,1970,1.3013
5303,1971,1.3265
5303,1972,1.3341
5303,1973,1.3865
5303,1974,1.4373
5303,1975,1.4909
5303,1976,1.5479
5303,1977,1.602
5303,1978,1.6696
5303,1979,1.7516
5303,1980,1.7259
5303,1981,1.7962
5303,1982,1.8682
5303,1983,1.9321
5303,1984,2.0109
5303,1985,2.0476
5303,1986,2.1161
5303,1987,2.2267
5303,1988,2.2714
5303,1989,2.3462
5303,1990,2.4005
5303,1991,2.4496
5303,1992,2.5156
5303,1993,2.5825
5303,1994,2.6503
5303,1995,2.7253
5303,1996,2.7393
5303,1997,2.8007
5303,1998,2.8249
5303,1999,2.8609
5303,2000,2.8874
5303,2001,2.889
5303,2002,2.9669
5303,2003,3.0169
5303,2004,3.1094
5303,2005,3.1943
5303,2006,3.2305
5303,2007,3.3082
5303,2008,3.3095
5303,2009,3.3281
5303,2010,3.3718
5303,2011,3.4134
5303,2012,3.4368
5303,2013,3.4446
5303,2014,3.4595
5303,2015,3.4264
5303,2016,3.4794
5303,2017,3.5294
5303,2018,3.5562
5303,2030,4.4081
5303,2050,5.838
5304,1961,0.1135
5304,1962,0.1098
5304,1963,0.1092
5304,1964,0.111
5304,1965,0.1262
5304,1966,0.1224
5304,1967,0.1077
5304,1968,0.127
5304,1969,0.1138
5304,1970,0.1008
5304,1971,0.1094
5304,1972,0.1138
5304,1973,0.1146
5304,1974,0.1132
5304,1975,0.1144
5304,1976,0.1216
5304,1977,0.1262
5304,1978,0.1377
5304,1979,0.1318
5304,1980,0.1404
5304,1981,0.144
5304,1982,0.149
5304,1983,0.19
5304,1984,0.1688
5304,1985,0.1846
5304,1986,0.1996
5304,1987,0.2006
5304,1988,0.2069
5304,1989,0.214
5304,1990,0.2144
5304,1991,0.2183
5304,1992,0.228
5304,1993,0.2284
5304,1994,0.2482
5304,1995,0.2571
5304,1996,0.2652
5304,1997,0.2709
5304,1998,0.2606
5304,1999,0.2514
5304,2000,0.2514
5304,2001,0.2511
5304,2002,0.2546
5304,2003,0.2597
5304,2004,0.2675
5304,2005,0.2855
5304,2006,0.2659
5304,2007,0.2823
5304,2008,0.291
5304,2009,0.309
5304,2010,0.3172
5304,2011,0.3235
5304,2012,0.3418
5304,2013,0.3544
5304,2014,0.3665
5304,2015,0.3841
5304,2016,0.3821
5304,2017,0.3634
5304,2018,0.3701
5304,2030,0.3224
5304,2050,0.3589
5305,1961,0
5305,1962,0
5305,1963,0
5305,1964,0
5305,1965,0
5305,1966,0
5305,1967,0
5305,1968,0
5305,1969,0
5305,1970,0
5305,1971,0
5305,1972,0
5305,1973,0
5305,1974,0
5305,1975,0
5305,1976,0
5305,1977,0
5305,1978,0
5305,1979,0
5305,1980,0
5305,1981,0
5305,1982,0
5305,1983,0
5305,1984,0
5305,1985,0
5305,1986,0
5305,1987,0
5305,1988,0
5305,1989,0
5305,1990,0
5305,1991,0
5305,1992,0
5305,1993,0
5305,1994,0
5305,1995,0
5305,1996,0
5305,1997,0
5305,1998,0
5305,1999,0
5305,2000,0
5305,2001,0
5305,2002,0
5305,2003,0
5305,2004,0
5305,2005,0
5305,2006,0
5305,2007,0
5305,2008,0
5305,2009,0
5305,2010,0
5305,2011,0
5305,2012,0
5305,2013,0
5305,2014,0
5305,2015,0
5305,2016,0
5305,2017,0
5305,2018,0
5305,2030,0
5305,2050,0
5400,1961,0.3516
5400,1962,0.3387
5400,1963,0.322
5400,1964,0.2944
5400,1965,0.2913
5400,1966,0.2899
5400,1967,0.2932
5400,1968,0.2861
5400,1969,0.2814
5400,1970,0.2661
5400,1971,0.2693
5400,1972,0.267
5400,1973,0.2689
5400,1974,0.2724
5400,1975,0.2727
5400,1976,0.2677
5400,1977,0.2635
5400,1978,0.2645
5400,1979,0.2619
5400,1980,0.2714
5400,1981,0.2965
5400,1982,0.2889
5400,1983,0.3005
5400,1984,0.3061
5400,1985,0.3033
5400,1986,0.3142
5400,1987,0.315
5400,1988,0.3238
5400,1989,0.3448
5400,1990,0.342
5400,1991,0.3456
5400,1992,0.2802
5400,1993,0.2828
5400,1994,0.2911
5400,1995,0.2917
5400,1996,0.2831
5400,1997,0.2793
5400,1998,0.2764
5400,1999,0.2739
5400,2000,0.2729
5400,2001,0.2688
5400,2002,0.2677
5400,2003,0.2758
5400,2004,0.2698
5400,2005,0.2641
5400,2006,0.2553
5400,2007,0.2539
5400,2008,0.2541
5400,2009,0.2493
5400,2010,0.2483
5400,2011,0.2501
5400,2012,0.2487
5400,2013,0.2491
5400,2014,0.2449
5400,2015,0.2456
5400,2016,0.2473
5400,2017,0.2463
5400,2018,0.2444
5400,2030,0.2711
5400,2050,0.2652
5401,1961,0.195
5401,1962,0.1927
5401,1963,0.1853
5401,1964,0.1649
5401,1965,0.1639
5401,1966,0.1671
5401,1967,0.1662
5401,1968,0.1626
5401,1969,0.1584
5401,1970,0.1461
5401,1971,0.1492
5401,1972,0.1487
5401,1973,0.1512
5401,1974,0.1559
5401,1975,0.1543
5401,1976,0.1483
5401,1977,0.1448
5401,1978,0.145
5401,1979,0.1441
5401,1980,0.1517
5401,1981,0.1718
5401,1982,0.1615
5401,1983,0.1678
5401,1984,0.1757
5401,1985,0.1724
5401,1986,0.1772
5401,1987,0.1787
5401,1988,0.1805
5401,1989,0.1895
5401,1990,0.1827
5401,1991,0.187
5401,1992,0.1245
5401,1993,0.1274
5401,1994,0.1292
5401,1995,0.1256
5401,1996,0.1268
5401,1997,0.1203
5401,1998,0.1181
5401,1999,0.1171
5401,2000,0.1177
5401,2001,0.1175
5401,2002,0.1137
5401,2003,0.1199
5401,2004,0.1187
5401,2005,0.1134
5401,2006,0.1055
5401,2007,0.1044
5401,2008,0.1051
5401,2009,0.1027
5401,2010,0.1008
5401,2011,0.1068
5401,2012,0.1071
5401,2013,0.1079
5401,2014,0.1041
5401,2015,0.1084
5401,2016,0.1091
5401,2017,0.1082
5401,2018,0.1086
5401,2030,0.1217
5401,2050,0.1214
5402,1961,0.0012
5402,1962,0.0011
5402,1963,0.0012
5402,1964,0.0013
5402,1965,0.0012
5402,1966,0.0013
5402,1967,0.0012
5402,1968,0.0011
5402,1969,0.0011
5402,1970,0.001
5402,1971,0.001
5402,1972,0.0009
5402,1973,0.0008
5402,1974,0.0008
5402,1975,0.0008
5402,1976,0.0008
5402,1977,0.0008
5402,1978,0.0008
5402,1979,0.0009
5402,1980,0.001
5402,1981,0.001
5402,1982,0.0011
5402,1983,0.0012
5402,1984,0.0012
5402,1985,0.0011
5402,1986,0.0011
5402,1987,0.0011
5402,1988,0.0011
5402,1989,0.0011
5402,1990,0.0023
5402,1991,0.0025
5402,1992,0.0026
5402,1993,0.0026
5402,1994,0.0025
5402,1995,0.0025
5402,1996,0.0025
5402,1997,0.0024
5402,1998,0.0024
5402,1999,0.0025
5402,2000,0.0023
5402,2001,0.0023
5402,2002,0.0023
5402,2003,0.0025
5402,2004,0.0025
5402,2005,0.0025
5402,2006,0.0025
5402,2007,0.0025
5402,2008,0.0024
5402,2009,0.0023
5402,2010,0.0024
5402,2011,0.0024
5402,2012,0.0024
5402,2013,0.0023
5402,2014,0.0024
5402,2015,0.0024
5402,2016,0.0025
5402,2017,0.0024
5402,2018,0.0025
5402,2030,0.0025
5402,2050,0.0025
5403,1961,0.1299
5403,1962,0.1201
5403,1963,0.1129
5403,1964,0.1069
5403,1965,0.1062
5403,1966,0.103
5403,1967,0.1077
5403,1968,0.1061
5403,1969,0.1064
5403,1970,0.1043
5403,1971,0.1049
5403,1972,0.1037
5403,1973,0.1035
5403,1974,0.1023
5403,1975,0.1039
5403,1976,0.1047
5403,1977,0.1036
5403,1978,0.1042
5403,1979,0.1021
5403,1980,0.1036
5403,1981,0.1076
5403,1982,0.1106
5403,1983,0.1155
5403,1984,0.1136
5403,1985,0.1148
5403,1986,0.1212
5403,1987,0.1204
5403,1988,0.1274
5403,1989,0.1379
5403,1990,0.14
5403,1991,0.139
5403,1992,0.1366
5403,1993,0.1366
5403,1994,0.1431
5403,1995,0.1469
5403,1996,0.1369
5403,1997,0.1391
5403,1998,0.138
5403,1999,0.1362
5403,2000,0.1343
5403,2001,0.1297
5403,2002,0.1315
5403,2003,0.133
5403,2004,0.1279
5403,2005,0.1271
5403,2006,0.126
5403,2007,0.1248
5403,2008,0.1238
5403,2009,0.1208
5403,2010,0.1211
5403,2011,0.1169
5403,2012,0.1158
5403,2013,0.1158
5403,2014,0.1154
5403,2015,0.1118
5403,2016,0.1119
5403,2017,0.111
5403,2018,0.1077
5403,2030,0.1259
5403,2050,0.1211
5404,1961,0.0256
5404,1962,0.0248
5404,1963,0.0226
5404,1964,0.0214
5404,1965,0.02
5404,1966,0.0185
5404,1967,0.018
5404,1968,0.0162
5404,1969,0.0155
5404,1970,0.0147
5404,1971,0.0143
5404,1972,0.0137
5404,1973,0.0134
5404,1974,0.0134
5404,1975,0.0137
5404,1976,0.014
5404,1977,0.0143
5404,1978,0.0144
5404,1979,0.0147
5404,1980,0.0151
5404,1981,0.0161
5404,1982,0.0158
5404,1983,0.016
5404,1984,0.0156
5404,1985,0.015
5404,1986,0.0148
5404,1987,0.0148
5404,1988,0.0148
5404,1989,0.0163
5404,1990,0.017
5404,1991,0.0171
5404,1992,0.0166
5404,1993,0.0163
5404,1994,0.0162
5404,1995,0.0167
5404,1996,0.017
5404,1997,0.0175
5404,1998,0.0179
5404,1999,0.0181
5404,2000,0.0187
5404,2001,0.0193
5404,2002,0.0201
5404,2003,0.0205
5404,2004,0.0206
5404,2005,0.021
5404,2006,0.0213
5404,2007,0.0223
5404,2008,0.0227
5404,2009,0.0235
5404,2010,0.024
5404,2011,0.024
5404,2012,0.0234
5404,2013,0.0231
5404,2014,0.0231
5404,2015,0.023
5404,2016,0.0238
5404,2017,0.0246
5404,2018,0.0257
5404,2030,0.0209
5404,2050,0.0202
55,1961,0
55,1962,0
55,1963,0
55,1964,0
55,1965,0
55,1966,0
55,1967,0
55,1968,0
55,1969,0
55,1970,0
55,1971,0
55,1972,0
55,1973,0
55,1974,0
55,1975,0
55,1976,0
55,1977,0
55,1978,0
55,1979,0
55,1980,0
55,1981,0
55,1982,0
55,1983,0
55,1984,0
55,1985,0
55,1986,0
55,1987,0
55,1988,0
55,1989,0
55,1990,0
55,1991,0
55,1992,0
55,1993,0
55,1994,0
55,1995,0
55,1996,0
55,1997,0
55,1998,0
55,1999,0
55,2000,0
55,2001,0
55,2002,0
55,2003,0
55,2004,0
55,2005,0
55,2006,0
55,2007,0
55,2008,0
55,2009,0
55,2010,0
55,2011,0
55,2012,0
55,2013,0
55,2014,0
55,2015,0
55,2016,0
55,2017,0
55,2018,0
55,2030,0
55,2050,0
5500,1961,0
5500,1962,0
5500,1963,0
5500,1964,0
5500,1965,0
5500,1966,0
5500,1967,0
5500,1968,0
5500,1969,0
5500,1970,0
5500,1971,0
5500,1972,0
5500,1973,0
5500,1974,0
5500,1975,0
5500,1976,0
5500,1977,0
5500,1978,0
5500,1979,0
5500,1980,0
5500,1981,0
5500,1982,0
5500,1983,0
5500,1984,0
5500,1985,0
5500,1986,0
5500,1987,0
5500,1988,0
5500,1989,0
5500,1990,0
5500,1991,0
5500,1992,0
5500,1993,0
5500,1994,0
5500,1995,0
5500,1996,0
5500,1997,0
5500,1998,0
5500,1999,0
5500,2000,0
5500,2001,0
5500,2002,0
5500,2003,0
5500,2004,0
5500,2005,0
5500,2006,0
5500,2007,0
5500,2008,0
5500,2009,0
5500,2010,0
5500,2011,0
5500,2012,0
5500,2013,0
5500,2014,0
5500,2015,0
5500,2016,0
5500,2017,0
5500,2018,0
5500,2030,0
5500,2050,0
5501,1961,0
5501,1962,0
5501,1963,0
5501,1964,0
5501,1965,0
5501,1966,0
5501,1967,0
5501,1968,0
5501,1969,0
5501,1970,0
5501,1971,0
5501,1972,0
5501,1973,0
5501,1974,0
5501,1975,0
5501,1976,0
5501,1977,0
5501,1978,0
5501,1979,0
5501,1980,0
5501,1981,0
5501,1982,0
5501,1983,0
5501,1984,0
5501,1985,0
5501,1986,0
5501,1987,0
5501,1988,0
5501,1989,0
5501,1990,0
5501,1991,0
5501,1992,0
5501,1993,0
5501,1994,0
5501,1995,0
5501,1996,0
5501,1997,0
5501,1998,0
5501,1999,0
5501,2000,0
5501,2001,0
5501,2002,0
5501,2003,0
5501,2004,0
5501,2005,0
5501,2006,0
5501,2007,0
5501,2008,0
5501,2009,0
5501,2010,0
5501,2011,0
5501,2012,0
5501,2013,0
5501,2014,0
5501,2015,0
5501,2016,0
5501,2017,0
5501,2018,0
5501,2030,0
5501,2050,0
5502,1961,0
5502,1962,0
5502,1963,0
5502,1964,0
5502,1965,0
5502,1966,0
5502,1967,0
5502,1968,0
5502,1969,0
5502,1970,0
5502,1971,0
5502,1972,0
5502,1973,0
5502,1974,0
5502,1975,0
5502,1976,0
5502,1977,0
5502,1978,0
5502,1979,0
5502,1980,0
5502,1981,0
5502,1982,0
5502,1983,0
5502,1984,0
5502,1985,0
5502,1986,0
5502,1987,0
5502,1988,0
5502,1989,0
5502,1990,0
5502,1991,0
5502,1992,0
5502,1993,0
5502,1994,0
5502,1995,0
5502,1996,0
5502,1997,0
5502,1998,0
5502,1999,0
5502,2000,0
5502,2001,0
5502,2002,0
5502,2003,0
5502,2004,0
5502,2005,0
5502,2006,0
5502,2007,0
5502,2008,0
5502,2009,0
5502,2010,0
5502,2011,0
5502,2012,0
5502,2013,0
5502,2014,0
5502,2015,0
5502,2016,0
5502,2017,0
5502,2018,0
5502,2030,0
5502,2050,0
5503,1961,0
5503,1962,0
5503,1963,0
5503,1964,0
5503,1965,0
5503,1966,0
5503,1967,0
5503,1968,0
5503,1969,0
5503,1970,0
5503,1971,0
5503,1972,0
5503,1973,0
5503,1974,0
5503,1975,0
5503,1976,0
5503,1977,0
5503,1978,0
5503,1979,0
5503,1980,0
5503,1981,0
5503,1982,0
5503,1983,0
5503,1984,0
5503,1985,0
5503,1986,0
5503,1987,0
5503,1988,0
5503,1989,0
5503,1990,0
5503,1991,0
5503,1992,0
5503,1993,0
5503,1994,0
5503,1995,0
5503,1996,0
5503,1997,0
5503,1998,0
5503,1999,0
5503,2000,0
5503,2001,0
5503,2002,0
5503,2003,0
5503,2004,0
5503,2005,0
5503,2006,0
5503,2007,0
5503,2008,0
5503,2009,0
5503,2010,0
5503,2011,0
5503,2012,0
5503,2013,0
5503,2014,0
5503,2015,0
5503,2016,0
5503,2017,0
5503,2018,0
5503,2030,0
5503,2050,0
5504,1961,0
5504,1962,0
5504,1963,0
5504,1964,0
5504,1965,0
5504,1966,0
5504,1967,0
5504,1968,0
5504,1969,0
5504,1970,0
5504,1971,0
5504,1972,0
5504,1973,0
5504,1974,0
5504,1975,0
5504,1976,0
5504,1977,0
5504,1978,0
5504,1979,0
5504,1980,0
5504,1981,0
5504,1982,0
5504,1983,0
5504,1984,0
5504,1985,0
5504,1986,0
5504,1987,0
5504,1988,0
5504,1989,0
5504,1990,0
5504,1991,0
5504,1992,0
5504,1993,0
5504,1994,0
5504,1995,0
5504,1996,0
5504,1997,0
5504,1998,0
5504,1999,0
5504,2000,0
5504,2001,0
5504,2002,0
5504,2003,0
5504,2004,0
5504,2005,0
5504,2006,0
5504,2007,0
5504,2008,0
5504,2009,0
5504,2010,0
5504,2011,0
5504,2012,0
5504,2013,0
5504,2014,0
5504,2015,0
5504,2016,0
5504,2017,0
5504,2018,0
5504,2030,0
5504,2050,0
56,1961,0.0005
56,1962,0.0005
56,1963,0.0006
56,1964,0.0006
56,1965,0.0006
56,1966,0.0006
56,1967,0.0007
56,1968,0.0007
56,1969,0.0007
56,1970,0.0007
56,1971,0.0008
56,1972,0.0008
56,1973,0.0008
56,1974,0.0008
56,1975,0.0008
56,1976,0.0008
56,1977,0.0009
56,1978,0.0009
56,1979,0.001
56,1980,0.0011
56,1981,0.0011
56,1982,0.0011
56,1983,0.0011
56,1984,0.0011
56,1985,0.0011
56,1986,0.001
56,1987,0.001
56,1988,0.0009
56,1989,0.0009
56,1990,0.0008
56,1991,0.0008
56,1992,0.0008
56,1993,0.0007
56,1994,0.0007
56,1995,0.0006
56,1996,0.0006
56,1997,0.0005
56,1998,0.0004
56,1999,0.0004
56,2000,0.0004
56,2001,0.0004
56,2002,0.0004
56,2003,0.0004
56,2004,0.0005
56,2005,0.0006
56,2006,0.0006
56,2007,0.0006
56,2008,0.0006
56,2009,0.0006
56,2010,0.0005
56,2011,0.0005
56,2012,0.0005
56,2013,0.0006
56,2014,0.0006
56,2015,0.0006
56,2016,0.0005
56,2017,0.0005
56,2018,0.0005
56,2030,0.0006
56,2050,0.0006
57,1992,0.001
57,1993,0.001
57,1994,0.0012
57,1995,0.0012
57,1996,0.0013
57,1997,0.0013
57,1998,0.0013
57,1999,0.0013
57,2000,0.0013
57,2001,0.0015
57,2002,0.0015
57,2003,0.0015
57,2004,0.0014
57,2005,0.0015
57,2006,0.0015
57,2007,0.0016
57,2008,0.0016
57,2009,0.0017
57,2010,0.0017
57,2011,0.0016
57,2012,0.0017
57,2013,0.0015
57,2014,0.0015
57,2015,0.0015
57,2016,0.0015
57,2017,0.0015
57,2018,0.0014
57,2030,0.0019
57,2050,0.0018
5706,1961,0.1582
5706,1962,0.1512
5706,1963,0.1425
5706,1964,0.1386
5706,1965,0.1399
5706,1966,0.1372
5706,1967,0.141
5706,1968,0.137
5706,1969,0.1351
5706,1970,0.1307
5706,1971,0.1311
5706,1972,0.1292
5706,1973,0.1278
5706,1974,0.1259
5706,1975,0.1263
5706,1976,0.1279
5706,1977,0.1268
5706,1978,0.1271
5706,1979,0.1261
5706,1980,0.1272
5706,1981,0.1459
5706,1982,0.1377
5706,1983,0.1441
5706,1984,0.1455
5706,1985,0.1473
5706,1986,0.1542
5706,1987,0.154
5706,1988,0.1616
5706,1989,0.175
5706,1990,0.1777
5706,1991,0.1778
5706,1992,0.1754
5706,1993,0.1736
5706,1994,0.1759
5706,1995,0.1825
5706,1996,0.1781
5706,1997,0.1813
5706,1998,0.1842
5706,1999,0.1842
5706,2000,0.1833
5706,2001,0.1761
5706,2002,0.1723
5706,2003,0.1775
5706,2004,0.1738
5706,2005,0.1724
5706,2006,0.1695
5706,2007,0.1689
5706,2008,0.1705
5706,2009,0.168
5706,2010,0.1678
5706,2011,0.1716
5706,2012,0.1671
5706,2013,0.1656
5706,2014,0.1654
5706,2015,0.1641
5706,2016,0.1642
5706,2017,0.1646
5706,2018,0.1632
5706,2030,0.1652
5706,2050,0.1585
5707,1961,0.1582
5707,1962,0.1512
5707,1963,0.1425
5707,1964,0.1386
5707,1965,0.1399
5707,1966,0.1372
5707,1967,0.141
5707,1968,0.137
5707,1969,0.1351
5707,1970,0.1307
5707,1971,0.1311
5707,1972,0.1292
5707,1973,0.1278
5707,1974,0.1259
5707,1975,0.1263
5707,1976,0.1279
5707,1977,0.1268
5707,1978,0.1271
5707,1979,0.1261
5707,1980,0.1272
5707,1981,0.1459
5707,1982,0.1377
5707,1983,0.1441
5707,1984,0.1455
5707,1985,0.1473
5707,1986,0.1542
5707,1987,0.154
5707,1988,0.1616
5707,1989,0.175
5707,1990,0.1764
5707,1991,0.1765
5707,1992,0.1742
5707,1993,0.1724
5707,1994,0.1748
5707,1995,0.1815
5707,1996,0.1771
5707,1997,0.1804
5707,1998,0.1833
5707,1999,0.1833
5707,2000,0.1825
5707,2001,0.1752
5707,2002,0.1714
5707,2003,0.1765
5707,2004,0.1728
5707,2005,0.1714
5707,2006,0.1684
5707,2007,0.1678
5707,2008,0.1694
5707,2009,0.1671
5707,2010,0.1668
5707,2011,0.1705
5707,2012,0.166
5707,2013,0.1645
5707,2014,0.1642
5707,2015,0.163
5707,2016,0.163
5707,2017,0.1634
5707,2018,0.1621
5707,2030,0.1642
5707,2050,0.1575
58,1961,0.0004
58,1962,0.0004
58,1963,0.0004
58,1964,0.0004
58,1965,0.0004
58,1966,0.0004
58,1967,0.0004
58,1968,0.0004
58,1969,0.0004
58,1970,0.0005
58,1971,0.0005
58,1972,0.0005
58,1973,0.0005
58,1974,0.0005
58,1975,0.0005
58,1976,0.0006
58,1977,0.0006
58,1978,0.0006
58,1979,0.0006
58,1980,0.0006
58,1981,0.0006
58,1982,0.0006
58,1983,0.0006
58,1984,0.0007
58,1985,0.0007
58,1986,0.0005
58,1987,0.0006
58,1988,0.0006
58,1989,0.0007
58,1990,0.0007
58,1991,0.0007
58,1992,0.0008
58,1993,0.0008
58,1994,0.0009
58,1995,0.0007
58,1996,0.0007
58,1997,0.0007
58,1998,0.0007
58,1999,0.0007
58,2000,0.0004
58,2001,0.0006
58,2002,0.0004
58,2003,0.0003
58,2004,0.0003
58,2005,0.0003
58,2006,0.0004
58,2007,0.0004
58,2008,0.0004
58,2009,0.0004
58,2010,0.0003
58,2011,0.0003
58,2012,0.0003
58,2013,0.0002
58,2014,0
58,2015,0.0001
58,2016,0.0001
58,2017,0.0001
58,2018,0.0001
58,2030,0.0005
58,2050,0.0006
5801,1961,0.5084
5801,1962,0.5175
5801,1963,0.5267
5801,1964,0.5348
5801,1965,0.5434
5801,1966,0.5399
5801,1967,0.5535
5801,1968,0.5662
5801,1969,0.5694
5801,1970,0.5812
5801,1971,0.587
5801,1972,0.5796
5801,1973,0.5795
5801,1974,0.5916
5801,1975,0.6144
5801,1976,0.6347
5801,1977,0.6499
5801,1978,0.671
5801,1979,0.6851
5801,1980,0.6493
5801,1981,0.6662
5801,1982,0.6867
5801,1983,0.6923
5801,1984,0.717
5801,1985,0.7403
5801,1986,0.7589
5801,1987,0.7973
5801,1988,0.8358
5801,1989,0.8665
5801,1990,0.8897
5801,1991,0.9393
5801,1992,0.9718
5801,1993,0.9992
5801,1994,1.0725
5801,1995,1.1286
5801,1996,1.1745
5801,1997,1.2224
5801,1998,1.2538
5801,1999,1.2852
5801,2000,1.3111
5801,2001,1.3221
5801,2002,1.4088
5801,2003,1.4596
5801,2004,1.5243
5801,2005,1.5703
5801,2006,1.613
5801,2007,1.6644
5801,2008,1.7482
5801,2009,1.8008
5801,2010,1.8713
5801,2011,1.891
5801,2012,2.019
5801,2013,2.0852
5801,2014,2.1285
5801,2015,2.1777
5801,2016,2.2456
5801,2017,2.2946
5801,2018,2.3499
5801,2030,2.2954
5801,2050,2.9683
5802,1961,0.2538
5802,1962,0.2457
5802,1963,0.2455
5802,1964,0.2477
5802,1965,0.247
5802,1966,0.2494
5802,1967,0.2497
5802,1968,0.2501
5802,1969,0.25
5802,1970,0.2617
5802,1971,0.2686
5802,1972,0.2549
5802,1973,0.2466
5802,1974,0.2567
5802,1975,0.269
5802,1976,0.2748
5802,1977,0.2807
5802,1978,0.2863
5802,1979,0.293
5802,1980,0.2938
5802,1981,0.2956
5802,1982,0.3003
5802,1983,0.302
5802,1984,0.2832
5802,1985,0.2774
5802,1986,0.2822
5802,1987,0.297
5802,1988,0.3102
5802,1989,0.3232
5802,1990,0.3393
5802,1991,0.3745
5802,1992,0.4212
5802,1993,0.4756
5802,1994,0.4956
5802,1995,0.5238
5802,1996,0.538
5802,1997,0.5656
5802,1998,0.6155
5802,1999,0.6499
5802,2000,0.6664
5802,2001,0.6565
5802,2002,0.6957
5802,2003,0.717
5802,2004,0.791
5802,2005,0.8527
5802,2006,0.9185
5802,2007,0.983
5802,2008,1.0648
5802,2009,1.0867
5802,2010,1.0637
5802,2011,1.1243
5802,2012,1.2365
5802,2013,1.3038
5802,2014,1.3549
5802,2015,1.406
5802,2016,1.4818
5802,2017,1.5493
5802,2018,1.588
5802,2030,1.2833
5802,2050,1.6406
5803,1961,0.0089
5803,1962,0.0091
5803,1963,0.0091
5803,1964,0.009
5803,1965,0.0094
5803,1966,0.0095
5803,1967,0.0091
5803,1968,0.0089
5803,1969,0.0085
5803,1970,0.009
5803,1971,0.0091
5803,1972,0.009
5803,1973,0.009
5803,1974,0.0088
5803,1975,0.009
5803,1976,0.0091
5803,1977,0.0088
5803,1978,0.008
5803,1979,0.0078
5803,1980,0.0076
5803,1981,0.0079
5803,1982,0.0082
5803,1983,0.0084
5803,1984,0.0087
5803,1985,0.0089
5803,1986,0.009
5803,1987,0.0091
5803,1988,0.0092
5803,1989,0.0093
5803,1990,0.0092
5803,1991,0.0094
5803,1992,0.0097
5803,1993,0.0099
5803,1994,0.0102
5803,1995,0.0103
5803,1996,0.0107
5803,1997,0.0113
5803,1998,0.0127
5803,1999,0.0127
5803,2000,0.0123
5803,2001,0.0125
5803,2002,0.0129
5803,2003,0.0134
5803,2004,0.0138
5803,2005,0.0146
5803,2006,0.0149
5803,2007,0.015
5803,2008,0.0152
5803,2009,0.0154
5803,2010,0.0155
5803,2011,0.0157
5803,2012,0.0156
5803,2013,0.0157
5803,2014,0.0158
5803,2015,0.0167
5803,2016,0.0171
5803,2017,0.0163
5803,2018,0.0167
5803,2030,0.0163
5803,2050,0.0173
5815,1961,1.2528
5815,1962,1.2726
5815,1963,1.292
5815,1964,1.3109
5815,1965,1.3282
5815,1966,1.336
5815,1967,1.357
5815,1968,1.3745
5815,1969,1.3825
5815,1970,1.4022
5815,1971,1.4153
5815,1972,1.416
5815,1973,1.4314
5815,1974,1.469
5815,1975,1.5125
5815,1976,1.5499
5815,1977,1.5945
5815,1978,1.6684
5815,1979,1.7263
5815,1980,1.7334
5815,1981,1.7919
5815,1982,1.8594
5815,1983,1.9031
5815,1984,1.9385
5815,1985,1.9665
5815,1986,2.0314
5815,1987,2.1532
5815,1988,2.2177
5815,1989,2.2656
5815,1990,2.3026
5815,1991,2.3638
5815,1992,2.4356
5815,1993,2.482
5815,1994,2.5759
5815,1995,2.6434
5815,1996,2.7045
5815,1997,2.7769
5815,1998,2.8137
5815,1999,2.8616
5815,2000,2.8971
5815,2001,2.9203
5815,2002,3.012
5815,2003,3.0711
5815,2004,3.1916
5815,2005,3.2954
5815,2006,3.3751
5815,2007,3.5643
5815,2008,3.6394
5815,2009,3.6726
5815,2010,3.7399
5815,2011,3.7528
5815,2012,3.8342
5815,2013,3.8988
5815,2014,3.9283
5815,2015,3.9541
5815,2016,4.0451
5815,2017,4.1237
5815,2018,4.1836
5815,2030,4.8165
5815,2050,6.5188
5817,1961,0.7732
5817,1962,0.773
5817,1963,0.7898
5817,1964,0.8077
5817,1965,0.8198
5817,1966,0.8243
5817,1967,0.8379
5817,1968,0.8573
5817,1969,0.859
5817,1970,0.8848
5817,1971,0.9066
5817,1972,0.9138
5817,1973,0.9262
5817,1974,0.9541
5817,1975,0.9982
5817,1976,1.036
5817,1977,1.0801
5817,1978,1.1323
5817,1979,1.1767
5817,1980,1.1108
5817,1981,1.1255
5817,1982,1.1513
5817,1983,1.1788
5817,1984,1.2062
5817,1985,1.2458
5817,1986,1.2748
5817,1987,1.3279
5817,1988,1.3925
5817,1989,1.446
5817,1990,1.4981
5817,1991,1.5664
5817,1992,1.6204
5817,1993,1.6697
5817,1994,1.7709
5817,1995,1.8638
5817,1996,1.895
5817,1997,1.9719
5817,1998,2.0281
5817,1999,2.0922
5817,2000,2.1362
5817,2001,2.1633
5817,2002,2.2644
5817,2003,2.3317
5817,2004,2.4491
5817,2005,2.5532
5817,2006,2.5715
5817,2007,2.7572
5817,2008,2.8847
5817,2009,2.9447
5817,2010,2.9696
5817,2011,3.0369
5817,2012,3.1687
5817,2013,3.2848
5817,2014,3.3951
5817,2015,3.4738
5817,2016,3.5936
5817,2017,3.6775
5817,2018,3.7612
5817,2030,3.5567
5817,2050,4.4553
5848,1961,0.3761
5848,1962,0.3637
5848,1963,0.3469
5848,1964,0.3201
5848,1965,0.3161
5848,1966,0.3155
5848,1967,0.3157
5848,1968,0.3073
5848,1969,0.3003
5848,1970,0.2799
5848,1971,0.2808
5848,1972,0.2749
5848,1973,0.2778
5848,1974,0.2797
5848,1975,0.2782
5848,1976,0.2723
5848,1977,0.2689
5848,1978,0.2697
5848,1979,0.2666
5848,1980,0.2751
5848,1981,0.2998
5848,1982,0.2922
5848,1983,0.3036
5848,1984,0.309
5848,1985,0.3074
5848,1986,0.3194
5848,1987,0.3196
5848,1988,0.3273
5848,1989,0.3478
5848,1990,0.3454
5848,1991,0.3479
5848,1992,0.2787
5848,1993,0.2796
5848,1994,0.2823
5848,1995,0.2816
5848,1996,0.278
5848,1997,0.2731
5848,1998,0.2698
5848,1999,0.2733
5848,2000,0.2731
5848,2001,0.2705
5848,2002,0.2716
5848,2003,0.2785
5848,2004,0.2737
5848,2005,0.2701
5848,2006,0.2622
5848,2007,0.2626
5848,2008,0.2641
5848,2009,0.26
5848,2010,0.2589
5848,2011,0.2604
5848,2012,0.2547
5848,2013,0.2536
5848,2014,0.2484
5848,2015,0.25
5848,2016,0.251
5848,2017,0.2494
5848,2018,0.2475
5848,2030,0.2762
5848,2050,0.2721
5849,1961,2.4711
5849,1962,2.6589
5849,1963,2.7438
5849,1964,2.7367
5849,1965,2.7109
5849,1966,2.7077
5849,1967,2.7174
5849,1968,2.7835
5849,1969,2.7851
5849,1970,2.7914
5849,1971,2.8417
5849,1972,2.8767
5849,1973,2.9009
5849,1974,2.992
5849,1975,3.0928
5849,1976,3.1932
5849,1977,3.244
5849,1978,3.3849
5849,1979,3.5438
5849,1980,3.626
5849,1981,3.7071
5849,1982,3.7727
5849,1983,3.8615
5849,1984,3.8138
5849,1985,3.8307
5849,1986,3.9237
5849,1987,4.1317
5849,1988,4.3332
5849,1989,4.6039
5849,1990,4.7468
5849,1991,4.8488
5849,1992,4.9611
5849,1993,5.0602
5849,1994,5.3198
5849,1995,5.6518
5849,1996,6.0184
5849,1997,5.8207
5849,1998,6.0273
5849,1999,6.1899
5849,2000,6.3397
5849,2001,6.4061
5849,2002,6.477
5849,2003,6.6039
5849,2004,6.8112
5849,2005,7.0311
5849,2006,7.0373
5849,2007,7.1905
5849,2008,7.3519
5849,2009,7.4624
5849,2010,7.4337
5849,2011,7.528
5849,2012,7.6491
5849,2013,7.736
5849,2014,7.8344
5849,2015,7.9253
5849,2016,8.1104
5849,2017,8.1202
5849,2018,8.224
5849,2030,9.4431
5849,2050,11.5441
5873,1961,0.2084
5873,1962,0.1997
5873,1963,0.1901
5873,1964,0.1832
5873,1965,0.1797
5873,1966,0.1755
5873,1967,0.1764
5873,1968,0.1714
5873,1969,0.1685
5873,1970,0.1601
5873,1971,0.1572
5873,1972,0.1521
5873,1973,0.1527
5873,1974,0.1505
5873,1975,0.1498
5873,1976,0.1492
5873,1977,0.149
5873,1978,0.1501
5873,1979,0.1481
5873,1980,0.1496
5873,1981,0.155
5873,1982,0.1591
5873,1983,0.1641
5873,1984,0.1614
5873,1985,0.1658
5873,1986,0.1697
5873,1987,0.1686
5873,1988,0.1733
5873,1989,0.1855
5873,1990,0.191
5873,1991,0.19
5873,1992,0.1885
5873,1993,0.1906
5873,1994,0.1923
5873,1995,0.1966
5873,1996,0.1913
5873,1997,0.1912
5873,1998,0.1902
5873,1999,0.1948
5873,2000,0.194
5873,2001,0.1894
5873,2002,0.1946
5873,2003,0.1958
5873,2004,0.1913
5873,2005,0.192
5873,2006,0.1917
5873,2007,0.1921
5873,2008,0.1915
5873,2009,0.1894
5873,2010,0.1899
5873,2011,0.1861
5873,2012,0.179
5873,2013,0.1769
5873,2014,0.1757
5873,2015,0.1726
5873,2016,0.1729
5873,2017,0.1727
5873,2018,0.1715
5873,2030,0.1931
5873,2050,0.1908
59,1961,0.0036
59,1962,0.0037
59,1963,0.0037
59,1964,0.0037
59,1965,0.0037
59,1966,0.0037
59,1967,0.0037
59,1968,0.0046
59,1969,0.0054
59,1970,0.0054
59,1971,0.0057
59,1972,0.0058
59,1973,0.006
59,1974,0.0061
59,1975,0.0062
59,1976,0.0064
59,1977,0.0065
59,1978,0.0068
59,1979,0.0067
59,1980,0.0068
59,1981,0.007
59,1982,0.0071
59,1983,0.0072
59,1984,0.0073
59,1985,0.0074
59,1986,0.0075
59,1987,0.0078
59,1988,0.0086
59,1989,0.0094
59,1990,0.0113
59,1991,0.0133
59,1992,0.013
59,1993,0.0143
59,1994,0.0151
59,1995,0.0159
59,1996,0.0153
59,1997,0.015
59,1998,0.0154
59,1999,0.0156
59,2000,0.0161
59,2001,0.0165
59,2002,0.0169
59,2003,0.018
59,2004,0.0183
59,2005,0.0179
59,2006,0.0183
59,2007,0.0199
59,2008,0.0211
59,2009,0.0195
59,2010,0.0197
59,2011,0.0201
59,2012,0.0203
59,2013,0.0196
59,2014,0.0197
59,2015,0.0191
59,2016,0.0201
59,2017,0.0187
59,2018,0.0192
59,2030,0.0252
59,2050,0.0302
60,1961,0
60,1962,0
60,1963,0
60,1964,0
60,1965,0
60,1966,0
60,1967,0
60,1968,0
60,1969,0
60,1970,0
60,1971,0
60,1972,0
60,1973,0
60,1974,0
60,1975,0
60,1976,0
60,1977,0
60,1978,0
60,1979,0
60,1980,0
60,1981,0
60,1982,0
60,1983,0
60,1984,0
60,1985,0
60,1986,0
60,1987,0
60,1988,0
60,1989,0
60,1990,0
60,1991,0
60,1992,0
60,1993,0
60,1994,0
60,1995,0
60,1996,0
60,1997,0
60,1998,0
60,1999,0
60,2000,0
60,2001,0
60,2002,0
60,2003,0
60,2004,0
60,2005,0
60,2006,0
60,2007,0
60,2008,0
60,2009,0
60,2010,0
60,2011,0
60,2012,0
60,2013,0
60,2014,0
60,2015,0
60,2016,0
60,2017,0
60,2018,0
60,2030,0
60,2050,0
61,1961,0
61,1962,0
61,1963,0
61,1964,0
61,1965,0
61,1966,0
61,1967,0
61,1968,0
61,1969,0
61,1970,0
61,1971,0
61,1972,0
61,1973,0
61,1974,0
61,1975,0
61,1976,0
61,1977,0
61,1978,0
61,1979,0
61,1980,0
61,1981,0
61,1982,0
61,1983,0
61,1984,0
61,1985,0
61,1986,0
61,1987,0
61,1988,0
61,1989,0
61,1990,0
61,1991,0
61,1992,0
61,1993,0
61,1994,0
61,1995,0
61,1996,0
61,1997,0
61,1998,0
61,1999,0
61,2000,0
61,2001,0
61,2002,0
61,2003,0
61,2004,0
61,2005,0
61,2006,0
61,2007,0
61,2008,0
61,2009,0
61,2010,0
61,2011,0
61,2012,0
61,2013,0
61,2014,0
61,2015,0
61,2016,0
61,2017,0
61,2018,0
61,2030,0
61,2050,0
62,1961,0.0825
62,1962,0.0837
62,1963,0.0845
62,1964,0.0853
62,1965,0.0848
62,1966,0.0843
62,1967,0.0842
62,1968,0.0839
62,1969,0.0837
62,1970,0.0802
62,1971,0.0832
62,1972,0.0825
62,1973,0.0835
62,1974,0.0832
62,1975,0.0812
62,1976,0.0805
62,1977,0.0806
62,1978,0.0807
62,1979,0.0809
62,1980,0.081
62,1981,0.0811
62,1982,0.0812
62,1983,0.0885
62,1984,0.0813
62,1985,0.0806
62,1986,0.0802
62,1987,0.0849
62,1988,0.0849
62,1989,0.0849
62,1990,0.0811
62,1991,0.0849
62,1992,0.0853
63,1998,0
63,1999,0
63,2000,0
63,2001,0
63,2002,0
63,2003,0
63,2004,0
63,2005,0
63,2006,0
63,2007,0
63,2008,0
63,2009,0
63,2010,0
63,2011,0
63,2012,0
63,2013,0.0001
63,2014,0.0001
63,2015,0.0001
63,2016,0.0001
63,2017,0.0001
63,2018,0.0001
63,2030,0
63,2050,0
66,1961,0
66,1962,0
66,1963,0
66,1964,0
66,1965,0
66,1966,0
66,1967,0
66,1968,0
66,1969,0
66,1970,0
66,1971,0
66,1972,0
66,1973,0
66,1974,0
66,1975,0
66,1976,0
66,1977,0
66,1978,0
66,1979,0
66,1980,0
66,1981,0
66,1982,0
66,1983,0
66,1984,0
66,1985,0
66,1986,0
66,1987,0
66,1988,0
66,1989,0
66,1990,0
66,1991,0
66,1992,0
66,1993,0
66,1994,0
66,1995,0
66,1996,0
66,1997,0
66,1998,0
66,1999,0
66,2000,0
66,2001,0
66,2002,0
66,2003,0
66,2004,0
66,2005,0
66,2006,0
66,2007,0
66,2008,0
66,2009,0
66,2010,0
66,2011,0
66,2012,0
66,2013,0
66,2014,0
66,2015,0
66,2016,0
66,2017,0
66,2018,0
66,2030,0
66,2050,0
67,1961,0
67,1962,0
67,1963,0
67,1964,0
67,1965,0
67,1966,0
67,1967,0
67,1968,0
67,1969,0
67,1970,0
67,1971,0
67,1972,0
67,1973,0
67,1974,0
67,1975,0
67,1976,0
67,1977,0
67,1978,0
67,1979,0
67,1980,0
67,1981,0
67,1982,0
67,1983,0
67,1984,0
67,1985,0
67,1986,0
67,1987,0
67,1988,0
67,1989,0
67,1990,0
67,1991,0
67,1992,0.0001
67,1993,0.0001
67,1994,0.0001
67,1995,0.0001
67,1996,0.0001
67,1997,0.0001
67,1998,0.0001
67,1999,0.0001
67,2000,0.0001
67,2001,0.0001
67,2002,0.0001
67,2003,0.0001
67,2004,0.0001
67,2005,0.0001
67,2006,0.0001
67,2007,0.0001
67,2008,0.0001
67,2009,0.0001
67,2010,0.0001
67,2011,0.0001
67,2012,0.0001
67,2013,0.0001
67,2014,0
67,2015,0.0001
67,2016,0.0001
67,2017,0.0001
67,2018,0.0001
67,2030,0.0001
67,2050,0.0001
68,1961,0.0133
68,1962,0.0133
68,1963,0.0127
68,1964,0.0121
68,1965,0.0118
68,1966,0.0115
68,1967,0.0115
68,1968,0.0104
68,1969,0.0104
68,1970,0.0105
68,1971,0.0104
68,1972,0.0103
68,1973,0.0102
68,1974,0.0104
68,1975,0.0108
68,1976,0.0112
68,1977,0.0115
68,1978,0.0118
68,1979,0.0122
68,1980,0.0127
68,1981,0.014
68,1982,0.0138
68,1983,0.0137
68,1984,0.0132
68,1985,0.0125
68,1986,0.0123
68,1987,0.0123
68,1988,0.0123
68,1989,0.0137
68,1990,0.0139
68,1991,0.0139
68,1992,0.0135
68,1993,0.0132
68,1994,0.0131
68,1995,0.0135
68,1996,0.0136
68,1997,0.0136
68,1998,0.0136
68,1999,0.0136
68,2000,0.0137
68,2001,0.0139
68,2002,0.0139
68,2003,0.0138
68,2004,0.0137
68,2005,0.0138
68,2006,0.0139
68,2007,0.0145
68,2008,0.0145
68,2009,0.015
68,2010,0.0162
68,2011,0.0156
68,2012,0.0148
68,2013,0.0146
68,2014,0.0145
68,2015,0.0143
68,2016,0.0142
68,2017,0.0144
68,2018,0.0147
68,2030,0.0136
68,2050,0.0131
69,1961,0
69,1962,0
69,1963,0
69,1964,0
69,1965,0
69,1966,0
69,1967,0
69,1968,0
69,1969,0
69,1970,0
69,1971,0
69,1972,0
69,1973,0
69,1974,0
69,1975,0
69,1976,0
69,1977,0
69,1978,0
69,1979,0
69,1980,0
69,1981,0
69,1982,0
69,1983,0
69,1984,0
69,1985,0
69,1986,0
69,1987,0
69,1988,0
69,1989,0
69,1990,0
69,1991,0
69,1992,0
69,1993,0
69,1994,0
69,1995,0
69,1996,0
69,1997,0
69,1998,0
69,1999,0
69,2000,0
69,2001,0
69,2002,0
69,2003,0
69,2004,0
69,2005,0
69,2006,0
69,2007,0
69,2008,0
69,2009,0
69,2010,0
69,2011,0
69,2012,0
69,2013,0
69,2014,0
69,2015,0
69,2016,0
69,2017,0
69,2018,0
69,2030,0
69,2050,0
7,1961,0.0023
7,1962,0.0023
7,1963,0.0024
7,1964,0.0026
7,1965,0.0027
7,1966,0.0029
7,1967,0.0031
7,1968,0.0034
7,1969,0.0035
7,1970,0.0036
7,1971,0.0039
7,1972,0.0042
7,1973,0.0045
7,1974,0.0047
7,1975,0.005
7,1976,0.0052
7,1977,0.0054
7,1978,0.0057
7,1979,0.0059
7,1980,0.006
7,1981,0.0061
7,1982,0.0063
7,1983,0.0064
7,1984,0.0065
7,1985,0.0066
7,1986,0.0067
7,1987,0.0068
7,1988,0.0071
7,1989,0.0073
7,1990,0.0071
7,1991,0.0071
7,1992,0.0073
7,1993,0.0071
7,1994,0.0068
7,1995,0.0069
7,1996,0.0075
7,1997,0.0081
7,1998,0.0088
7,1999,0.0094
7,2000,0.0101
7,2001,0.0118
7,2002,0.013
7,2003,0.0141
7,2004,0.0146
7,2005,0.0158
7,2006,0.0162
7,2007,0.0167
7,2008,0.0172
7,2009,0.0176
7,2010,0.0181
7,2011,0.0186
7,2012,0.0191
7,2013,0.0196
7,2014,0.0202
7,2015,0.0207
7,2016,0.0209
7,2017,0.0213
7,2018,0.0217
7,2030,0.0224
7,2050,0.0306
70,1961,0
70,1962,0
70,1963,0
70,1964,0
70,1965,0
70,1966,0
70,1967,0
70,1968,0
70,1969,0
70,1970,0
70,1971,0
70,1972,0
70,1973,0
70,1974,0
70,1975,0
70,1976,0
70,1977,0
70,1978,0
70,1979,0
70,1980,0
70,1981,0
70,1982,0
70,1983,0
70,1984,0
70,1985,0
70,1986,0
70,1987,0
70,1988,0
70,1989,0
70,1990,0
70,1991,0
70,1992,0
70,1993,0
70,1994,0
70,1995,0
70,1996,0
70,1997,0
70,1998,0
70,1999,0
70,2000,0
70,2001,0
70,2002,0
70,2003,0
70,2004,0
70,2005,0
70,2006,0
70,2007,0
70,2008,0
70,2009,0
70,2010,0
70,2011,0
70,2012,0
70,2013,0
70,2014,0
70,2015,0
70,2016,0
70,2017,0
70,2018,0
70,2030,0
70,2050,0
72,1961,0.0021
72,1962,0.0022
72,1963,0.0023
72,1964,0.0024
72,1965,0.0024
72,1966,0.0024
72,1967,0.0025
72,1968,0.0025
72,1969,0.0025
72,1970,0.0025
72,1971,0.0025
72,1972,0.0024
72,1973,0.0024
72,1974,0.0024
72,1975,0.0024
72,1976,0.0024
72,1977,0.0024
72,1978,0.0024
72,1979,0.0024
72,1980,0.0026
72,1981,0.0023
72,1982,0.0022
72,1983,0.0023
72,1984,0.0024
72,1985,0.0024
72,1986,0.0024
72,1987,0.0024
72,1988,0.0024
72,1989,0.0024
72,1990,0.0024
72,1991,0.0024
72,1992,0.0024
72,1993,0.0024
72,1994,0.0024
72,1995,0.0024
72,1996,0.0024
72,1997,0.0024
72,1998,0.0024
72,1999,0.0024
72,2000,0.0024
72,2001,0.0024
72,2002,0.0024
72,2003,0.0024
72,2004,0.0024
72,2005,0.0024
72,2006,0.0024
72,2007,0.0024
72,2008,0.0024
72,2009,0.0024
72,2010,0.0024
72,2011,0.0024
72,2012,0.0024
72,2013,0.0024
72,2014,0.0024
72,2015,0.0024
72,2016,0.0024
72,2017,0.0024
72,2018,0.0024
72,2030,0.0025
72,2050,0.0026
73,1992,0
73,1993,0
73,1994,0
73,1995,0
73,1996,0
73,1997,0
73,1998,0
73,1999,0
73,2000,0
73,2001,0
73,2002,0
73,2003,0
73,2004,0
73,2005,0
73,2006,0
73,2007,0
73,2008,0
73,2009,0
73,2010,0
73,2011,0
73,2012,0
73,2013,0
73,2014,0
73,2015,0
73,2016,0
73,2017,0
73,2018,0
73,2030,0
73,2050,0
74,1961,0.0002
74,1962,0.0002
74,1963,0.0002
74,1964,0.0002
74,1965,0.0003
74,1966,0.0003
74,1967,0.0003
74,1968,0.0003
74,1969,0.0002
74,1970,0.0002
74,1971,0.0002
74,1972,0.0002
74,1973,0.0002
74,1974,0.0002
74,1975,0.0002
74,1976,0.0003
74,1977,0.0003
74,1978,0.0004
74,1979,0.0004
74,1980,0.0004
74,1981,0.0004
74,1982,0.0003
74,1983,0.0003
74,1984,0.0003
74,1985,0.0004
74,1986,0.0004
74,1987,0.0004
74,1988,0.0004
74,1989,0.0004
74,1990,0.0004
74,1991,0.0004
74,1992,0.0004
74,1993,0.0004
74,1994,0.0004
74,1995,0.0004
74,1996,0.0004
74,1997,0.0004
74,1998,0.0004
74,1999,0.0004
74,2000,0.0004
74,2001,0.0004
74,2002,0.0004
74,2003,0.0004
74,2004,0.0004
74,2005,0.0004
74,2006,0.0004
74,2007,0.0004
74,2008,0.0004
74,2009,0.0004
74,2010,0.0004
74,2011,0.0005
74,2012,0.0005
74,2013,0.0005
74,2014,0.0005
74,2015,0.0005
74,2016,0.0005
74,2017,0.0005
74,2018,0.0005
74,2030,0.0004
74,2050,0.0004
75,1961,0.0005
75,1962,0.0005
75,1963,0.0004
75,1964,0.0004
75,1965,0.0005
75,1966,0.0005
75,1967,0.0005
75,1968,0.0005
75,1969,0.0005
75,1970,0.0005
75,1971,0.0006
75,1972,0.0006
75,1973,0.0006
75,1974,0.0006
75,1975,0.0007
75,1976,0.0007
75,1977,0.0007
75,1978,0.0007
75,1979,0.0007
75,1980,0.0008
75,1981,0.0008
75,1982,0.0008
75,1983,0.0008
75,1984,0.0009
75,1985,0.0009
75,1986,0.0009
75,1987,0.001
75,1988,0.0009
75,1989,0.001
75,1990,0.0008
75,1991,0.0009
75,1992,0.0009
75,1993,0.0008
75,1994,0.0008
75,1995,0.0008
75,1996,0.0008
75,1997,0.0007
75,1998,0.0007
75,1999,0.0007
75,2000,0.0007
75,2001,0.0011
75,2002,0.0012
75,2003,0.0014
75,2004,0.0014
75,2005,0.0014
75,2006,0.0014
75,2007,0.0017
75,2008,0.0018
75,2009,0.0018
75,2010,0.0017
75,2011,0.0014
75,2012,0.0015
75,2013,0.0013
75,2014,0.0017
75,2015,0.0018
75,2016,0.0016
75,2017,0.0016
75,2018,0.0016
75,2030,0.0022
75,2050,0.0027
79,1961,0.0089
79,1962,0.0083
79,1963,0.007
79,1964,0.0066
79,1965,0.0057
79,1966,0.0048
79,1967,0.0043
79,1968,0.0037
79,1969,0.0032
79,1970,0.0025
79,1971,0.0021
79,1972,0.0018
79,1973,0.0015
79,1974,0.0013
79,1975,0.0012
79,1976,0.001
79,1977,0.0009
79,1978,0.0008
79,1979,0.0007
79,1980,0.0007
79,1981,0.0007
79,1982,0.0007
79,1983,0.0007
79,1984,0.0008
79,1985,0.0008
79,1986,0.0008
79,1987,0.0007
79,1988,0.0008
79,1989,0.0008
79,1990,0.001
79,1991,0.001
79,1992,0.001
79,1993,0.001
79,1994,0.001
79,1995,0.0011
79,1996,0.0011
79,1997,0.0012
79,1998,0.0013
79,1999,0.0014
79,2000,0.0015
79,2001,0.0016
79,2002,0.0018
79,2003,0.0018
79,2004,0.0019
79,2005,0.0019
79,2006,0.0019
79,2007,0.002
79,2008,0.0021
79,2009,0.0021
79,2010,0.0017
79,2011,0.0018
79,2012,0.0018
79,2013,0.0015
79,2014,0.0013
79,2015,0.0012
79,2016,0.0016
79,2017,0.0016
79,2018,0.0017
79,2030,0.0019
79,2050,0.0018
8,1961,0
8,1962,0
8,1963,0
8,1964,0
8,1965,0
8,1966,0
8,1967,0
8,1968,0
8,1969,0
8,1970,0
8,1971,0
8,1972,0
8,1973,0
8,1974,0
8,1975,0
8,1976,0
8,1977,0
8,1978,0
8,1979,0
8,1980,0
8,1981,0
8,1982,0
8,1983,0
8,1984,0
8,1985,0
8,1986,0
8,1987,0
8,1988,0
8,1989,0
8,1990,0
8,1991,0
8,1992,0
8,1993,0
8,1994,0
8,1995,0.0001
8,1996,0.0001
8,1997,0.0001
8,1998,0.0001
8,1999,0.0001
8,2000,0.0001
8,2001,0.0001
8,2002,0.0001
8,2003,0.0001
8,2004,0.0001
8,2005,0.0001
8,2006,0.0001
8,2007,0.0001
8,2008,0.0001
8,2009,0.0001
8,2010,0.0001
8,2011,0.0001
8,2012,0.0001
8,2013,0.0001
8,2014,0.0001
8,2015,0.0001
8,2016,0.0001
8,2017,0.0001
8,2018,0.0001
8,2030,0.0001
8,2050,0.0001
80,1992,0.0009
80,1993,0.001
80,1994,0.0012
80,1995,0.0014
80,1996,0.0015
80,1997,0.0019
80,1998,0.0013
80,1999,0.0012
80,2000,0.0011
80,2001,0.0011
80,2002,0.001
80,2003,0.0009
80,2004,0.0008
80,2005,0.0008
80,2006,0.0009
80,2007,0.0008
80,2008,0.0008
80,2009,0.0008
80,2010,0.0007
80,2011,0.0007
80,2012,0.0007
80,2013,0.0008
80,2014,0.0008
80,2015,0.0008
80,2016,0.0008
80,2017,0.0008
80,2018,0.0008
80,2030,0.001
80,2050,0.001
81,1961,0.004
81,1962,0.0044
81,1963,0.0045
81,1964,0.005
81,1965,0.0054
81,1966,0.0056
81,1967,0.0062
81,1968,0.0063
81,1969,0.0066
81,1970,0.0067
81,1971,0.0067
81,1972,0.008
81,1973,0.0065
81,1974,0.0073
81,1975,0.0091
81,1976,0.009
81,1977,0.0091
81,1978,0.0091
81,1979,0.0089
81,1980,0.0091
81,1981,0.0093
81,1982,0.009
81,1983,0.0085
81,1984,0.0075
81,1985,0.0075
81,1986,0.0077
81,1987,0.009
81,1988,0.0094
81,1989,0.0111
81,1990,0.0095
81,1991,0.0103
81,1992,0.0102
81,1993,0.01
81,1994,0.0103
81,1995,0.0104
81,1996,0.011
81,1997,0.0124
81,1998,0.0129
81,1999,0.0138
81,2000,0.0145
81,2001,0.0151
81,2002,0.0152
81,2003,0.0168
81,2004,0.017
81,2005,0.0185
81,2006,0.0188
81,2007,0.0198
81,2008,0.0208
81,2009,0.0218
81,2010,0.0229
81,2011,0.0242
81,2012,0.0256
81,2013,0.0271
81,2014,0.0285
81,2015,0.0299
81,2016,0.0318
81,2017,0.0302
81,2018,0.0317
81,2030,0.0237
81,2050,0.0311
84,1961,0.0573
84,1962,0.052
84,1963,0.0496
84,1964,0.047
84,1965,0.0451
84,1966,0.044
84,1967,0.0446
84,1968,0.0457
84,1969,0.0453
84,1970,0.0458
84,1971,0.0467
84,1972,0.0473
84,1973,0.0482
84,1974,0.0506
84,1975,0.0506
84,1976,0.0521
84,1977,0.0516
84,1978,0.051
84,1979,0.051
84,1980,0.0512
84,1981,0.0538
84,1982,0.0523
84,1983,0.0524
84,1984,0.0536
84,1985,0.0545
84,1986,0.0558
84,1987,0.0545
84,1988,0.0597
84,1989,0.0604
84,1990,0.0605
84,1991,0.0603
84,1992,0.0603
84,1993,0.0607
84,1994,0.0608
84,1995,0.0614
84,1996,0.0625
84,1997,0.063
84,1998,0.0633
84,1999,0.0635
84,2000,0.0635
84,2001,0.0638
84,2002,0.0641
84,2003,0.0641
84,2004,0.0635
84,2005,0.0623
84,2006,0.0613
84,2007,0.0611
84,2008,0.0604
84,2009,0.0586
84,2010,0.0596
84,2011,0.0579
84,2012,0.0566
84,2013,0.0553
84,2014,0.0541
84,2015,0.0467
84,2016,0.0449
84,2017,0.0452
84,2018,0.0452
84,2030,0.0596
84,2050,0.0572
86,1961,0
86,1962,0
86,1963,0
86,1964,0
86,1965,0
86,1966,0
86,1967,0
86,1968,0
86,1969,0
86,1970,0
86,1971,0
86,1972,0
86,1973,0
86,1974,0
86,1975,0
86,1976,0
86,1977,0
86,1978,0
86,1979,0
86,1980,0
86,1981,0
86,1982,0
86,1983,0
86,1984,0
86,1985,0
86,1986,0
86,1987,0
86,1988,0
86,1989,0
86,1990,0
86,1991,0
86,1992,0
86,1993,0
86,1994,0
86,1995,0
86,1996,0
86,1997,0
86,1998,0
86,1999,0
86,2000,0
86,2001,0
86,2002,0
86,2003,0
86,2004,0
86,2005,0
86,2006,0
86,2007,0
86,2008,0
86,2009,0
86,2010,0
86,2011,0
86,2012,0
86,2013,0
86,2014,0
86,2015,0
86,2016,0
86,2017,0
86,2018,0
86,2030,0
86,2050,0
87,1961,0.0001
87,1962,0.0001
87,1963,0.0001
87,1964,0.0001
87,1965,0.0001
87,1966,0.0001
87,1967,0.0001
87,1968,0.0001
87,1969,0.0001
87,1970,0.0001
87,1971,0.0001
87,1972,0.0001
87,1973,0.0001
87,1974,0.0001
87,1975,0.0001
87,1976,0.0001
87,1977,0.0001
87,1978,0.0001
87,1979,0.0001
87,1980,0.0002
87,1981,0.0002
87,1982,0.0002
87,1983,0.0002
87,1984,0.0002
87,1985,0.0002
87,1986,0.0002
87,1987,0.0002
87,1988,0.0002
87,1989,0.0002
87,1990,0.0002
87,1991,0.0001
87,1992,0.0001
87,1993,0.0001
87,1994,0.0001
87,1995,0.0001
87,1996,0.0001
87,1997,0.0001
87,1998,0.0001
87,1999,0.0001
87,2000,0.0001
87,2001,0.0001
87,2002,0.0001
87,2003,0.0001
87,2004,0.0001
87,2005,0.0001
87,2006,0.0001
87,2007,0.0001
87,2008,0.0001
87,2009,0
87,2010,0
87,2011,0
87,2012,0
87,2013,0
87,2014,0
87,2015,0
87,2016,0
87,2017,0
87,2018,0
87,2030,0.0001
87,2050,0.0001
88,1961,0
88,1962,0
88,1963,0
88,1964,0
88,1965,0
88,1966,0
88,1967,0
88,1968,0
88,1969,0
88,1970,0
88,1971,0
88,1972,0
88,1973,0
88,1974,0
88,1975,0
88,1976,0
88,1977,0
88,1978,0
88,1979,0
88,1980,0
88,1981,0
88,1982,0
88,1983,0
88,1984,0
88,1985,0
88,1986,0
88,1987,0
88,1988,0
88,1989,0
88,1990,0
88,1991,0
88,1992,0
88,1993,0
88,1994,0
88,1995,0
88,1996,0
88,1997,0
88,1998,0
88,1999,0
88,2000,0
88,2001,0
88,2002,0
88,2003,0
88,2004,0
88,2005,0
88,2006,0
88,2007,0
88,2008,0
88,2009,0
88,2010,0
88,2011,0
88,2012,0
88,2013,0
88,2014,0
88,2015,0
88,2016,0
88,2017,0
88,2018,0
88,2030,0
88,2050,0
89,1961,0.0002
89,1962,0.0002
89,1963,0.0002
89,1964,0.0002
89,1965,0.0002
89,1966,0.0002
89,1967,0.0002
89,1968,0.0002
89,1969,0.0002
89,1970,0.0002
89,1971,0.0002
89,1972,0.0002
89,1973,0.0002
89,1974,0.0002
89,1975,0.0002
89,1976,0.0002
89,1977,0.0002
89,1978,0.0002
89,1979,0.0002
89,1980,0.0002
89,1981,0.0002
89,1982,0.0002
89,1983,0.0002
89,1984,0.0002
89,1985,0.0002
89,1986,0.0002
89,1987,0.0002
89,1988,0.0002
89,1989,0.0002
89,1990,0.0002
89,1991,0.0002
89,1992,0.0002
89,1993,0.0002
89,1994,0.0002
89,1995,0.0002
89,1996,0.0003
89,1997,0.0003
89,1998,0.0003
89,1999,0.0003
89,2000,0.0003
89,2001,0.0003
89,2002,0.0003
89,2003,0.0003
89,2004,0.0003
89,2005,0.0003
89,2006,0.0003
89,2007,0.0003
89,2008,0.0003
89,2009,0.0003
89,2010,0.0003
89,2011,0.0003
89,2012,0.0003
89,2013,0.0003
89,2014,0.0003
89,2015,0.0003
89,2016,0.0003
89,2017,0.0003
89,2018,0.0003
89,2030,0.0003
89,2050,0.0004
9,1961,0.0118
9,1962,0.0117
9,1963,0.0117
9,1964,0.0118
9,1965,0.012
9,1966,0.0123
9,1967,0.0124
9,1968,0.0125
9,1969,0.0126
9,1970,0.0127
9,1971,0.0128
9,1972,0.0129
9,1973,0.013
9,1974,0.0108
9,1975,0.0094
9,1976,0.0094
9,1977,0.0083
9,1978,0.0075
9,1979,0.0071
9,1980,0.0071
9,1981,0.0071
9,1982,0.0071
9,1983,0.0068
9,1984,0.0073
9,1985,0.0073
9,1986,0.0073
9,1987,0.0073
9,1988,0.0075
9,1989,0.0075
9,1990,0.0078
9,1991,0.008
9,1992,0.0083
9,1993,0.0087
9,1994,0.0094
9,1995,0.0084
9,1996,0.008
9,1997,0.0081
9,1998,0.008
9,1999,0.008
9,2000,0.0082
9,2001,0.008
9,2002,0.0094
9,2003,0.0099
9,2004,0.0099
9,2005,0.0099
9,2006,0.0099
9,2007,0.01
9,2008,0.01
9,2009,0.01
9,2010,0.0095
9,2011,0.0101
9,2012,0.0103
9,2013,0.0103
9,2014,0.0104
9,2015,0.0111
9,2016,0.0111
9,2017,0.0115
9,2018,0.0108
9,2030,0.0132
9,2050,0.0141
90,1961,0.0015
90,1962,0.0015
90,1963,0.0016
90,1964,0.0016
90,1965,0.0017
90,1966,0.0017
90,1967,0.0017
90,1968,0.0017
90,1969,0.0016
90,1970,0.0016
90,1971,0.0016
90,1972,0.0016
90,1973,0.0017
90,1974,0.0017
90,1975,0.0018
90,1976,0.0018
90,1977,0.0018
90,1978,0.0018
90,1979,0.0019
90,1980,0.0019
90,1981,0.002
90,1982,0.002
90,1983,0.0021
90,1984,0.0021
90,1985,0.0018
90,1986,0.0013
90,1987,0.0018
90,1988,0.0021
90,1989,0.0023
90,1990,0.0025
90,1991,0.0025
90,1992,0.0026
90,1993,0.0027
90,1994,0.0032
90,1995,0.0034
90,1996,0.0037
90,1997,0.0039
90,1998,0.0041
90,1999,0.0044
90,2000,0.0048
90,2001,0.0051
90,2002,0.0054
90,2003,0.0058
90,2004,0.0062
90,2005,0.0066
90,2006,0.007
90,2007,0.0075
90,2008,0.008
90,2009,0.0085
90,2010,0.009
90,2011,0.0096
90,2012,0.0103
90,2013,0.011
90,2014,0.0118
90,2015,0.0126
90,2016,0.0134
90,2017,0.0144
90,2018,0.0153
90,2030,0.011
90,2050,0.015
91,1961,0.0001
91,1962,0.0001
91,1963,0.0001
91,1964,0.0001
91,1965,0.0001
91,1966,0.0001
91,1967,0.0001
91,1968,0.0001
91,1969,0.0001
91,1970,0.0001
91,1971,0.0001
91,1972,0.0001
91,1973,0.0001
91,1974,0.0001
91,1975,0.0001
91,1976,0.0001
91,1977,0.0002
91,1978,0.0002
91,1979,0.0002
91,1980,0.0002
91,1981,0.0002
91,1982,0.0002
91,1983,0.0002
91,1984,0.0002
91,1985,0.0002
91,1986,0.0002
91,1987,0.0002
91,1988,0.0002
91,1989,0.0002
91,1990,0.0002
91,1991,0.0002
91,1992,0.0002
91,1993,0.0002
91,1994,0.0002
91,1995,0.0002
91,1996,0.0002
91,1997,0.0002
91,1998,0.0002
91,1999,0.0002
91,2000,0.0002
91,2001,0.0002
91,2002,0.0002
91,2003,0.0002
91,2004,0.0002
91,2005,0.0002
91,2006,0.0002
91,2007,0.0002
91,2008,0.0002
91,2009,0.0002
91,2010,0.0002
91,2011,0.0002
91,2012,0.0002
91,2013,0.0002
91,2014,0.0002
91,2015,0.0002
91,2016,0.0002
91,2017,0.0002
91,2018,0.0002
91,2030,0.0002
91,2050,0.0001
93,1961,0.0022
93,1962,0.0023
93,1963,0.0023
93,1964,0.0024
93,1965,0.0025
93,1966,0.0025
93,1967,0.0026
93,1968,0.0026
93,1969,0.0026
93,1970,0.0027
93,1971,0.0027
93,1972,0.0027
93,1973,0.0028
93,1974,0.0026
93,1975,0.0026
93,1976,0.0026
93,1977,0.0027
93,1978,0.0022
93,1979,0.0024
93,1980,0.0024
93,1981,0.0025
93,1982,0.0025
93,1983,0.0026
93,1984,0.0026
93,1985,0.0026
93,1986,0.0026
93,1987,0.0026
93,1988,0.0026
93,1989,0.0026
93,1990,0.0026
93,1991,0.0026
93,1992,0.0026
93,1993,0.0026
93,1994,0.0026
93,1995,0.0026
93,1996,0.0029
93,1997,0.0034
93,1998,0.0038
93,1999,0.0038
93,2000,0.0046
93,2001,0.0046
93,2002,0.0046
93,2003,0.0046
93,2004,0.0045
93,2005,0.0045
93,2006,0.0045
93,2007,0.0045
93,2008,0.0045
93,2009,0.0045
93,2010,0.0045
93,2011,0.0045
93,2012,0.0046
93,2013,0.0046
93,2014,0.0047
93,2015,0.0047
93,2016,0.0047
93,2017,0.0047
93,2018,0.0047
93,2030,0.0053
93,2050,0.006
95,1961,0.0001
95,1962,0.0001
95,1963,0.0001
95,1964,0.0001
95,1965,0.0001
95,1966,0
95,1967,0.0001
95,1968,0.0001
95,1969,0.0001
95,1970,0.0001
95,1971,0
95,1972,0.0001
95,1973,0.0001
95,1974,0
95,1975,0.0001
95,1976,0.0001
95,1977,0.0001
95,1978,0.0001
95,1979,0.0001
95,1980,0.0001
95,1981,0.0001
95,1982,0.0001
95,1983,0.0001
95,1984,0.0001
95,1985,0.0001
95,1986,0.0001
95,1987,0.0001
95,1988,0.0001
95,1989,0.0001
95,1990,0.0001
95,1991,0.0001
95,1992,0.0001
95,1993,0.0001
95,1994,0.0001
95,1995,0.0001
95,1996,0.0001
95,1997,0.0001
95,1998,0.0001
95,1999,0.0001
95,2000,0.0001
95,2001,0.0001
95,2002,0.0001
95,2003,0.0001
95,2004,0.0001
95,2005,0.0001
95,2006,0.0001
95,2007,0.0001
95,2008,0.0001
95,2009,0.0001
95,2010,0.0001
95,2011,0.0001
95,2012,0.0001
95,2013,0.0001
95,2014,0.0001
95,2015,0.0001
95,2016,0.0001
95,2017,0.0001
95,2018,0.0001
95,2030,0.0001
95,2050,0.0001
96,1961,0
96,1962,0
96,1963,0
96,1964,0
96,1965,0
96,1966,0
96,1967,0
96,1968,0
96,1969,0
96,1970,0
96,1971,0
96,1972,0
96,1973,0
96,1974,0
96,1975,0
96,1976,0
96,1977,0
96,1978,0
96,1979,0
96,1980,0
96,1981,0
96,1982,0
96,1983,0
96,1984,0
96,1985,0
96,1986,0
96,1987,0
96,1988,0
96,1989,0
96,1990,0
96,1991,0
96,1992,0
96,1993,0
96,1994,0
96,1995,0
96,1996,0
96,1997,0
96,1998,0
96,1999,0
96,2000,0
96,2001,0
96,2002,0
96,2003,0
96,2004,0
96,2005,0
96,2006,0
96,2007,0
96,2008,0
96,2009,0
96,2010,0
96,2011,0
96,2012,0
96,2013,0
96,2014,0
96,2015,0
96,2016,0
96,2017,0
96,2018,0
96,2030,0
96,2050,0
97,1961,0.0015
97,1962,0.0015
97,1963,0.0017
97,1964,0.0019
97,1965,0.0018
97,1966,0.0017
97,1967,0.0018
97,1968,0.0018
97,1969,0.0018
97,1970,0.0018
97,1971,0.0018
97,1972,0.0008
97,1973,0.0008
97,1974,0.0008
97,1975,0.0003
97,1976,0.0003
97,1977,0.0003
97,1978,0.0003
97,1979,0.0003
97,1980,0.0003
97,1981,0.0003
97,1982,0.0003
97,1983,0.0004
97,1984,0.0004
97,1985,0.0004
97,1986,0.0004
97,1987,0.0004
97,1988,0.0004
97,1989,0.0004
97,1990,0.0004
97,1991,0.0005
97,1992,0.0005
97,1993,0.0006
97,1994,0.0008
97,1995,0.0012
97,1996,0.002
97,1997,0.0024
97,1998,0.0029
97,1999,0.0034
97,2000,0.0043
97,2001,0.0023
97,2002,0.002
97,2003,0.002
97,2004,0.0019
97,2005,0.0017
97,2006,0.0018
97,2007,0.0016
97,2008,0.0015
97,2009,0.0015
97,2010,0.0013
97,2011,0.0017
97,2012,0.0018
97,2013,0.002
97,2014,0.0017
97,2015,0.0016
97,2016,0.0016
97,2017,0.0018
97,2018,0.0018
97,2030,0.0016
97,2050,0.0016
98,1992,0.0013
98,1993,0.0012
98,1994,0.0012
98,1995,0.0012
98,1996,0.0012
98,1997,0.0011
98,1998,0.001
98,1999,0.0009
98,2000,0.0009
98,2001,0.0011
98,2002,0.0011
98,2003,0.001
98,2004,0.0014
98,2005,0.0015
98,2006,0.0012
98,2007,0.001
98,2008,0.0009
98,2009,0.0009
98,2010,0.0009
98,2011,0.0008
98,2012,0.0008
98,2013,0.0008
98,2014,0.0007
98,2015,0.0007
98,2016,0.0009
98,2017,0.0009
98,2018,0.0009
98,2030,0.0015
98,2050,0.0015
99,1961,0
99,1962,0
99,1963,0
99,1964,0
99,1965,0
99,1966,0
99,1967,0
99,1968,0
99,1969,0
99,1970,0
99,1971,0
99,1972,0
99,1973,0
99,1974,0
99,1975,0
99,1976,0
99,1977,0
99,1978,0
99,1979,0
99,1980,0
99,1981,0
99,1982,0
99,1983,0
99,1984,0
99,1985,0
99,1986,0
99,1987,0
99,1988,0
99,1989,0
99,1990,0
99,1991,0
99,1992,0
99,1993,0
99,1994,0
99,1995,0
99,1996,0
99,1997,0
99,1998,0
99,1999,0
99,2000,0
99,2001,0
99,2002,0
99,2003,0
99,2004,0
99,2005,0
99,2006,0
99,2007,0
99,2008,0
99,2009,0
99,2010,0
99,2011,0
99,2012,0
99,2013,0
99,2014,0
99,2015,0
99,2016,0
99,2017,0
99,2018,0
99,2030,0
99,2050,0
