geo,year,sugar_nes_export_quantity_tcl
1,2014,0
1,2019,0
10,1961,0
10,1962,12
10,1963,52
10,1964,30
10,1965,19
10,1966,99
10,1967,231
10,1968,3100
10,1969,3000
10,1970,67
10,1971,5500
10,1972,7800
10,1973,1400
10,1974,2632
10,1975,1602
10,1976,130
10,1977,1552
10,1978,850
10,1979,1020
10,1980,14000
10,1981,1553
10,1982,793
10,1983,739
10,1984,533
10,1985,676
10,1986,582
10,1987,1322
10,1988,1946
10,1989,1082
10,1990,899
10,1991,955
10,1992,805
10,1993,590
10,1994,731
10,1995,984
10,1996,4814
10,1997,2013
10,1998,1950
10,1999,1087
10,2000,867
10,2001,1340
10,2002,2108
10,2003,3134
10,2004,8840
10,2005,2258
10,2006,1005
10,2007,1750
10,2008,7338
10,2009,4633
10,2010,9232
10,2011,3621
10,2012,1003
10,2013,8469
10,2014,13749
10,2015,20208
10,2016,22927
10,2017,22295
10,2018,17287
10,2019,17398
100,1961,130
100,1962,170
100,1963,350
100,1964,1300
100,1965,53
100,1966,149
100,1967,117
100,1968,52
100,1969,102
100,1970,212
100,1971,89
100,1972,38
100,1973,30
100,1974,102
100,1975,182
100,1976,63
100,1977,60
100,1978,29
100,1979,57
100,1980,34
100,1981,31
100,1982,87
100,1983,33
100,1984,297
100,1985,10
100,1986,66
100,1987,18
100,1988,32
100,1989,56
100,1990,149
100,1991,301
100,1992,2148
100,1993,2500
100,1994,1521
100,1995,532
100,1996,14133
100,1997,1623
100,1998,530
100,1999,1084
100,2000,2905
100,2001,8618
100,2002,851
100,2003,2285
100,2004,1333
100,2005,591
100,2006,1137
100,2007,1126
100,2008,1594
100,2009,1839
100,2010,2096
100,2011,3341
100,2012,3676
100,2013,4242
100,2014,4311
100,2015,5400
100,2016,5506
100,2017,6460
100,2018,10607
100,2019,12307
101,1961,0
101,1962,0
101,1963,0
101,1964,39
101,1965,127
101,1966,16
101,1967,0
101,1968,2
101,1969,11
101,1970,2
101,1971,15
101,1972,41
101,1973,20
101,1974,24
101,1975,45
101,1976,0
101,1977,10
101,1978,2
101,1979,22
101,1980,0
101,1981,0
101,1982,13
101,1983,15
101,1984,20
101,1985,2
101,1986,20
101,1987,33
101,1988,328
101,1989,317
101,1990,602
101,1991,1187
101,1992,612
101,1993,3395
101,1994,2146
101,1995,263
101,1996,1877
101,1997,644
101,1998,432
101,1999,1347
101,2000,1005
101,2001,3758
101,2002,2154
101,2003,1857
101,2004,5548
101,2005,2318
101,2006,1057
101,2007,1295
101,2008,1735
101,2009,8772
101,2010,8809
101,2011,12045
101,2012,14542
101,2013,17338
101,2014,22017
101,2015,23786
101,2016,22217
101,2017,23345
101,2018,42058
101,2019,38706
102,1961,0
102,1962,0
102,1963,0
102,1964,0
102,1965,0
102,1966,0
102,1967,0
102,1968,0
102,1969,0
102,1970,0
102,1971,0
102,1972,0
102,1973,0
102,1974,11
102,1975,0
102,1976,0
102,1977,0
102,1978,0
102,1979,0
102,1980,0
102,1981,0
102,1982,0
102,1983,0
102,1984,0
102,1985,0
102,1986,0
102,1987,0
102,1988,0
102,1989,0
102,1990,0
102,1991,0
102,1992,0
102,1993,0
102,1994,122
102,1995,0
102,1996,0
102,1997,232
102,1998,130
102,1999,108
102,2000,20
102,2001,184
102,2002,1
102,2003,58
102,2004,0
102,2005,18
102,2006,35
102,2007,8
102,2008,61
102,2009,91
102,2010,0
102,2011,0
102,2012,152
102,2013,148
102,2014,76
102,2015,329
102,2016,0
102,2017,15
102,2018,876
102,2019,1036
103,2017,4
103,2018,5
103,2019,32
104,1961,0
104,1962,0
104,1963,739
104,1964,481
104,1965,427
104,1966,516
104,1967,206
104,1968,412
104,1969,295
104,1970,335
104,1971,385
104,1972,299
104,1973,371
104,1974,5
104,1975,55
104,1976,3
104,1977,25
104,1978,149
104,1979,451
104,1980,947
104,1981,1283
104,1982,1704
104,1983,2192
104,1984,2095
104,1985,34
104,1986,39
104,1987,148
104,1988,2295
104,1989,43
104,1990,94
104,1991,62
104,1992,141
104,1993,50
104,1994,60
104,1995,148
104,1996,2090
104,1997,2338
104,1998,295
104,1999,2925
104,2000,3747
104,2001,5793
104,2002,12079
104,2003,5369
104,2004,16170
104,2005,8478
104,2006,3362
104,2007,4602
104,2008,3533
104,2009,5269
104,2010,3286
104,2011,1510
104,2012,1488
104,2013,862
104,2014,555
104,2015,957
104,2016,1423
104,2017,1525
104,2018,1112
104,2019,3264
105,1961,0
105,1962,0
105,1963,0
105,1964,0
105,1965,0
105,1966,3
105,1967,0
105,1968,6
105,1969,0
105,1970,0
105,1971,0
105,1972,3
105,1973,200
105,1974,20
105,1975,5
105,1976,3
105,1977,20
105,1978,37
105,1979,250
105,1980,324
105,1981,300
105,1982,180
105,1983,40
105,1984,110
105,1985,120
105,1986,0
105,1987,0
105,1988,110
105,1989,50
105,1990,35
105,1991,51
105,1992,7000
105,1993,26000
105,1994,4000
105,1995,11200
105,1996,3600
105,1997,1500
105,1998,1000
105,1999,590
105,2000,613
105,2001,226
105,2002,387
105,2003,260
105,2004,211
105,2005,824
105,2006,241
105,2007,1420
105,2008,1180
105,2009,228
105,2010,176
105,2011,72
105,2012,127
105,2013,137
105,2014,59
105,2015,146
105,2016,489
105,2017,593
105,2018,679
105,2019,930
106,1961,44
106,1962,41
106,1963,26
106,1964,37
106,1965,24
106,1966,55
106,1967,43
106,1968,159
106,1969,53
106,1970,140
106,1971,307
106,1972,380
106,1973,425
106,1974,465
106,1975,255
106,1976,284
106,1977,323
106,1978,974
106,1979,1276
106,1980,1223
106,1981,1657
106,1982,1895
106,1983,1362
106,1984,1014
106,1985,994
106,1986,875
106,1987,1377
106,1988,2092
106,1989,1948
106,1990,2961
106,1991,5734
106,1992,5919
106,1993,5811
106,1994,6888
106,1995,8319
106,1996,11940
106,1997,16963
106,1998,15977
106,1999,11149
106,2000,14266
106,2001,10842
106,2002,13942
106,2003,15343
106,2004,15110
106,2005,17728
106,2006,26072
106,2007,23805
106,2008,17324
106,2009,16792
106,2010,17699
106,2011,11092
106,2012,13359
106,2013,13301
106,2014,13947
106,2015,15144
106,2016,27646
106,2017,32119
106,2018,24841
106,2019,24953
107,1961,0
107,1962,0
107,1963,0
107,1964,0
107,1965,0
107,1966,0
107,1967,0
107,1968,0
107,1969,57
107,1970,0
107,1971,15
107,1972,21
107,1973,22
107,1974,39
107,1975,2
107,1976,32
107,1977,37
107,1978,35
107,1979,23
107,1980,152
107,1981,531
107,1982,264
107,1983,170
107,1984,2
107,1985,98
107,1986,98
107,1987,98
107,1988,98
107,1989,98
107,1990,98
107,1991,98
107,1995,8
107,1996,5
107,1997,1
107,1998,0
107,1999,0
107,2000,0
107,2001,0
107,2002,0
107,2003,17
107,2004,51
107,2005,0
107,2006,18
107,2007,0
107,2008,0
107,2009,567
107,2010,187
107,2011,5
107,2012,1
107,2013,10
107,2014,2
107,2015,0
107,2016,0
107,2017,0
107,2018,40
107,2019,6
108,1995,2
108,2000,0
108,2001,0
108,2002,2
108,2003,0
108,2004,1
108,2005,2
108,2006,0
108,2007,1
108,2008,0
108,2009,27
108,2010,0
108,2011,3
108,2012,1
108,2013,1
108,2014,61
108,2015,10
108,2016,41
108,2017,9
108,2018,7
108,2019,7
109,1961,0
109,1962,76
109,1963,57
109,1964,71
109,1965,27
109,1966,0
109,1967,28
109,1968,11
109,1969,79
109,1970,95
109,1971,51
109,1972,99
109,1973,96
109,1974,58
109,1975,10
109,1976,12
109,1977,11
109,1978,29
109,1979,265
109,1980,15
109,1981,1
109,1982,42
109,1983,45
109,1984,0
109,1985,1
109,1986,0
109,1987,1
109,1988,18
109,1989,0
109,1990,0
109,1991,0
109,1992,0
109,1993,0
109,1994,0
109,1995,0
109,1996,0
109,1997,6
109,1998,0
109,1999,1
109,2000,2
109,2001,0
109,2002,118
109,2003,92
109,2004,2
109,2005,0
109,2006,14
109,2007,15
109,2008,184
109,2009,1029
109,2010,217
109,2011,93
109,2012,384
109,2013,364
109,2014,509
109,2015,332
109,2016,628
109,2017,460
109,2018,483
109,2019,450
11,1961,4
11,1962,0
11,1963,0
11,1964,0
11,1965,0
11,1966,0
11,1967,1
11,1968,3
11,1969,3
11,1970,32
11,1971,8
11,1972,26
11,1973,31
11,1974,0
11,1975,32
11,1976,4
11,1977,3
11,1978,63
11,1979,41
11,1980,31
11,1981,44
11,1982,24
11,1983,38
11,1984,46
11,1985,64
11,1986,91
11,1987,67
11,1988,31
11,1989,34
11,1990,198
11,1991,91
11,1992,170
11,1993,55
11,1994,134
11,1995,3087
11,1996,3348
11,1997,4635
11,1998,2988
11,1999,115
11,2000,105
11,2001,221
11,2002,230
11,2003,429
11,2004,1385
11,2005,1528
11,2006,10403
11,2007,1519
11,2008,1142
11,2009,1069
11,2010,1284
11,2011,8823
11,2012,1471
11,2013,1515
11,2014,1463
11,2015,2528
11,2016,1188
11,2017,1452
11,2018,10890
11,2019,15539
110,1961,29
110,1962,35
110,1963,124
110,1964,80
110,1965,176
110,1966,618
110,1967,1391
110,1968,4813
110,1969,5185
110,1970,7106
110,1971,6642
110,1972,6508
110,1973,8156
110,1974,6161
110,1975,8367
110,1976,6672
110,1977,5775
110,1978,4314
110,1979,2295
110,1980,2618
110,1981,2794
110,1982,2865
110,1983,2804
110,1984,2603
110,1985,2771
110,1986,2520
110,1987,2586
110,1988,637
110,1989,750
110,1990,1206
110,1991,2024
110,1992,1678
110,1993,1525
110,1994,1850
110,1995,1864
110,1996,2431
110,1997,3438
110,1998,2030
110,1999,2618
110,2000,2722
110,2001,2941
110,2002,3355
110,2003,4100
110,2004,2905
110,2005,3943
110,2006,4281
110,2007,4649
110,2008,3279
110,2009,2774
110,2010,3165
110,2011,2845
110,2012,2821
110,2013,3782
110,2014,3106
110,2015,2805
110,2016,2999
110,2017,2883
110,2018,3578
110,2019,3670
112,1961,0
112,1962,0
112,1963,0
112,1964,8
112,1965,63
112,1966,467
112,1967,626
112,1968,346
112,1969,451
112,1970,915
112,1971,652
112,1972,0
112,1973,28
112,1974,0
112,1975,32
112,1976,27
112,1977,8
112,1978,0
112,1979,0
112,1980,23
112,1981,0
112,1982,0
112,1983,0
112,1984,0
112,1985,0
112,1986,0
112,1987,0
112,1988,0
112,1989,0
112,1990,0
112,1991,23
112,1992,0
112,1993,0
112,1994,0
112,1995,7
112,1996,0
112,1997,10
112,1998,10
112,1999,16
112,2000,20
112,2001,15
112,2002,27
112,2003,2
112,2004,1
112,2005,20
112,2006,0
112,2007,20
112,2008,0
112,2009,0
112,2010,5
112,2011,5
112,2012,6
112,2013,18
112,2014,31
112,2016,9
112,2017,2
112,2018,8
112,2019,3
113,2000,34
113,2001,2
113,2002,0
113,2003,1
113,2004,1
113,2005,0
113,2006,1
113,2007,1
113,2008,1
113,2009,1
113,2010,1
113,2011,1
113,2012,1
113,2013,1
113,2015,3
113,2016,0
113,2018,1
113,2019,8
114,1992,590
114,1993,27
114,1994,20
114,1995,16
114,1996,8
114,1997,0
114,1998,1
114,1999,1
114,2000,0
114,2001,7
114,2002,3
114,2003,0
114,2004,1
114,2005,31
114,2006,273
114,2007,477
114,2008,170
114,2009,49
114,2010,58
114,2011,23
114,2012,22
114,2013,5
114,2014,8
114,2015,6
114,2016,1
114,2017,45
114,2018,30
114,2019,96
115,1961,0
115,1962,867
115,1963,8428
115,1964,0
115,1965,0
115,1966,0
115,1967,100
115,1968,1224
115,1969,455
115,1970,3
115,1971,126
115,1972,0
115,1973,0
115,1974,0
115,1975,0
115,1976,0
115,1977,0
115,1978,0
115,1979,0
115,1980,0
115,1981,0
115,1982,0
115,1983,0
115,1984,0
115,1985,0
115,1986,0
115,1987,0
115,1988,0
115,1989,0
115,1990,0
115,1991,0
115,1992,0
115,1993,0
115,1994,0
115,1995,0
115,1996,0
115,1997,3
115,1998,0
115,1999,0
115,2000,0
115,2001,0
115,2002,0
115,2003,4
115,2004,0
115,2005,7
115,2006,5
115,2007,13
115,2008,8
115,2009,17
115,2010,10
115,2011,0
115,2012,3
115,2013,1
115,2014,0
115,2015,31
115,2016,43
115,2017,177
115,2018,110
115,2019,141
116,2015,1
116,2017,0
117,1961,0
117,1962,0
117,1963,0
117,1964,0
117,1965,0
117,1966,0
117,1967,0
117,1988,5882
117,1989,11102
117,1990,9826
117,1991,10593
117,1992,11604
117,1993,11688
117,1994,15912
117,1995,15574
117,1996,15715
117,1997,16863
117,1998,14255
117,1999,14818
117,2000,11836
117,2001,11883
117,2002,25591
117,2003,36457
117,2004,32847
117,2005,32535
117,2006,31695
117,2007,7451
117,2008,7728
117,2009,8599
117,2010,8878
117,2011,9517
117,2012,12296
117,2013,18931
117,2014,30131
117,2015,28373
117,2016,27443
117,2017,25071
117,2018,32178
117,2019,28799
118,1961,0
118,1962,0
118,1963,0
118,1964,0
118,1965,0
118,1966,0
118,1967,0
118,1968,0
118,1969,0
118,1970,0
118,1971,0
118,1972,0
118,1973,28
118,1974,0
118,1975,0
118,1976,3
118,1977,12
118,1978,4
118,1979,5
118,1980,1
118,1981,0
118,1982,2
118,1983,0
118,1984,7
118,1985,5
118,1986,3
118,1987,6
118,1988,106
118,1989,33
118,1990,72
118,1991,0
118,1992,0
118,1993,6
118,1994,2
118,1995,3
118,1996,3
118,1997,1
118,1998,0
118,1999,0
118,2000,0
118,2001,0
118,2002,0
118,2003,0
118,2004,0
118,2005,26
118,2006,1
118,2007,0
118,2008,0
118,2009,2
118,2010,1
118,2011,0
118,2012,0
118,2013,250
118,2014,96
118,2015,5
118,2016,37
118,2017,7
118,2018,29
119,1998,3
119,1999,1
119,2000,0
119,2001,0
119,2002,693
119,2003,3220
119,2004,3515
119,2005,73
119,2006,49
119,2007,138
119,2008,136
119,2009,17
119,2010,228
119,2011,49
119,2012,14
119,2013,12
119,2014,8
119,2015,185
119,2016,800
119,2017,231
119,2018,930
119,2019,1088
12,1961,0
12,1962,0
12,1963,0
12,1964,0
12,1965,0
12,1966,0
12,1967,0
12,1968,0
12,1969,0
12,1970,0
12,1971,0
12,1972,0
12,1973,0
12,1974,0
12,1975,0
12,1976,0
12,1977,0
12,1978,0
12,1979,0
12,1980,0
12,1981,0
12,1982,0
12,1983,0
12,1984,700
12,1985,78
12,1986,0
12,1987,1
12,1988,3
12,1989,0
12,1990,0
12,1991,0
12,1992,0
12,1993,0
12,2000,0
12,2001,0
12,2002,0
12,2003,0
12,2004,0
12,2005,0
12,2006,0
12,2007,0
12,2008,0
12,2009,0
12,2010,0
12,2011,0
12,2012,0
12,2013,0
120,2015,40
120,2019,757
121,1961,0
121,1962,2
121,1963,26
121,1964,12
121,1965,0
121,1966,5
121,1967,2
121,1968,4
121,1969,4
121,1970,5
121,1971,1
121,1972,7
121,1973,1
121,1974,0
121,1975,0
121,1976,0
121,1977,0
121,1978,0
121,1979,0
121,1980,0
121,1981,0
121,1982,0
121,1983,0
121,1984,0
121,1985,0
121,1986,0
121,1987,0
121,1988,0
121,1989,0
121,1990,0
121,1991,0
121,1992,0
121,1993,0
121,1994,0
121,1995,0
121,1996,0
121,1997,2
121,1998,5
121,1999,1
121,2000,0
121,2001,1
121,2002,6
121,2003,6
121,2004,14
121,2005,7
121,2006,11
121,2007,20
121,2008,2
121,2009,6
121,2010,16
121,2011,29
121,2012,11
121,2013,17
121,2014,10
121,2015,26
121,2016,36
121,2017,43
121,2018,42
121,2019,165
122,2014,1
122,2015,0
122,2016,0
122,2018,1
123,1961,0
123,1962,0
123,1963,0
123,1964,0
123,1965,0
123,1966,0
123,1967,0
123,1968,0
123,1969,0
123,1970,0
123,1971,0
123,1972,0
123,1973,0
123,1974,0
123,1975,0
123,1976,0
123,1977,1
123,1978,0
123,1979,0
123,1980,0
123,1981,0
123,1982,0
123,1983,0
123,1984,0
123,1985,0
123,1986,0
123,1987,0
123,1988,0
123,1989,0
123,1990,0
123,1991,0
123,1992,0
123,1993,0
123,1994,0
123,1995,0
123,1996,0
123,1997,0
123,1998,0
123,1999,0
123,2000,0
123,2001,0
123,2002,0
123,2003,0
123,2004,0
123,2005,0
123,2006,0
123,2007,0
123,2008,0
123,2009,0
123,2010,0
123,2011,0
123,2012,0
123,2013,0
124,2016,1
126,1994,110
126,1995,26
126,1996,34
126,1997,1
126,1998,15
126,1999,0
126,2000,1
126,2001,82
126,2002,47
126,2003,3682
126,2004,29672
126,2005,2604
126,2006,3170
126,2007,1261
126,2008,273
126,2009,113
126,2010,144
126,2011,313
126,2012,252
126,2013,231
126,2014,513
126,2015,325
126,2016,672
126,2017,387
126,2018,4552
126,2019,3806
128,1961,4
128,1962,9
128,1963,0
128,1964,0
128,1965,33
128,1966,48
128,1967,57
128,1968,58
128,1969,70
128,1970,82
128,1971,111
128,1972,86
128,1973,90
128,1974,60
128,1975,70
128,1976,130
128,1977,117
128,1978,70
128,1979,0
128,1980,0
128,1981,5
128,1982,30
128,1983,63
128,1984,273
128,1985,353
128,1986,539
128,1987,726
128,1988,922
128,1989,323
128,1990,17
128,1991,3
128,1992,15
128,1993,40
128,1994,28
128,1995,0
128,1996,8
128,1997,16
128,1998,0
128,1999,0
128,2000,0
128,2001,2
128,2002,0
128,2003,0
128,2004,4
128,2005,4
128,2006,0
128,2007,0
128,2008,0
128,2009,2
128,2010,0
128,2011,0
128,2012,0
128,2013,0
128,2015,7
128,2017,0
128,2018,0
129,1961,0
129,1962,0
129,1963,0
129,1964,0
129,1965,0
129,1966,0
129,1967,0
129,1968,0
129,1969,0
129,1970,2
129,1971,0
129,1972,0
129,1973,0
129,1974,0
129,1975,0
129,1976,0
129,1977,0
129,1978,0
129,1979,0
129,1980,0
129,1981,0
129,1982,0
129,1983,7
129,1984,0
129,1985,2
129,1986,1
129,1987,0
129,1988,0
129,1989,2
129,1990,0
129,1991,0
129,1992,0
129,1993,0
129,2000,0
129,2001,0
129,2002,0
129,2003,0
129,2004,0
129,2005,0
129,2006,0
129,2007,0
129,2008,0
129,2009,3
129,2010,0
129,2011,0
129,2012,0
129,2013,0
13,1961,0
13,1962,0
13,1963,0
13,1964,0
13,1965,0
13,1966,0
13,1967,0
13,1968,0
13,1969,0
13,1970,150
13,1971,0
13,1972,4
13,1973,0
13,1974,2
13,1975,2
13,1976,0
13,1977,0
13,1978,0
13,1979,0
13,1980,0
13,1981,4
13,1982,0
13,1983,0
13,1984,0
13,1985,0
13,1986,0
13,1987,3
13,1988,3
13,1989,3
13,1990,3
13,1991,3
13,1992,3
13,1993,3
13,1994,3
13,1995,3
13,1996,3
13,1997,3
13,1998,6
13,1999,8
13,2000,23
13,2001,33
13,2002,31
13,2003,10
13,2004,9
13,2005,15
13,2006,14
13,2007,1
13,2008,3
13,2009,11
13,2010,12
13,2011,6
13,2012,7
13,2013,47
13,2014,6
13,2015,37
13,2016,4
13,2017,4
13,2018,3
13,2019,348
130,1961,0
130,1962,0
130,1963,0
130,1964,0
130,1965,0
130,1966,5
130,1967,0
130,1968,0
130,1969,0
130,1970,0
130,1971,0
130,1972,0
130,1973,0
130,1974,0
130,1975,0
130,1976,0
130,1977,0
130,1978,0
130,1979,0
130,1980,1
130,1981,0
130,1982,0
130,1983,0
130,1984,0
130,1985,2
130,1986,2
130,1987,0
130,1988,0
130,1989,0
130,1990,0
130,1991,0
130,1992,0
130,1993,0
130,1994,0
130,1995,0
130,1996,0
130,1997,0
130,1998,5
130,1999,5
130,2000,0
130,2001,0
130,2002,0
130,2003,0
130,2004,0
130,2005,0
130,2006,0
130,2007,0
130,2008,0
130,2009,0
130,2010,0
130,2011,0
130,2012,0
130,2013,0
130,2017,1
130,2018,1
131,1961,188
131,1962,146
131,1963,32
131,1964,11
131,1965,1
131,1966,1
131,1967,10
131,1968,13
131,1969,1702
131,1970,2083
131,1971,1325
131,1972,970
131,1973,800
131,1974,559
131,1975,944
131,1976,2013
131,1977,2018
131,1978,1441
131,1979,1745
131,1980,1319
131,1981,2311
131,1982,1470
131,1983,515
131,1984,871
131,1985,1423
131,1986,2377
131,1987,2511
131,1988,3127
131,1989,4464
131,1990,3786
131,1991,3347
131,1992,3006
131,1993,2739
131,1994,2459
131,1995,2011
131,1996,2340
131,1997,2400
131,1998,2239
131,1999,3000
131,2000,4957
131,2001,4432
131,2002,13843
131,2003,9988
131,2004,5677
131,2005,21415
131,2006,11587
131,2007,17890
131,2008,17242
131,2009,23086
131,2010,29505
131,2011,22522
131,2012,26124
131,2013,25965
131,2014,28571
131,2015,37065
131,2016,40200
131,2017,69221
131,2018,56584
131,2019,122775
132,2019,0
133,2014,3
133,2018,0
133,2019,0
134,1961,0
134,1962,0
134,1963,0
134,1964,0
134,1965,0
134,1966,6
134,1967,0
134,1968,0
134,1969,0
134,1970,0
134,1971,0
134,1972,0
134,1973,0
134,1974,0
134,1975,0
134,1976,0
134,1977,0
134,1978,0
134,1979,0
134,1980,0
134,1981,0
134,1982,0
134,1983,0
134,1984,0
134,1985,5
134,1986,0
134,1987,0
134,1988,0
134,1989,2
134,1990,1
134,1991,7
134,1992,23
134,1993,0
134,1994,0
134,1995,0
134,1996,0
134,1997,0
134,1998,1
134,1999,15
134,2000,22
134,2001,2
134,2002,12
134,2003,0
134,2004,0
134,2005,0
134,2006,23
134,2007,0
134,2008,0
134,2009,0
134,2010,0
134,2011,0
134,2012,0
134,2013,0
134,2014,0
134,2019,1
136,2015,0
137,1961,0
137,1962,6
137,1963,0
137,1964,0
137,1965,0
137,1966,0
137,1967,0
137,1968,0
137,1969,0
137,1970,0
137,1971,0
137,1972,0
137,1973,0
137,1974,0
137,1975,0
137,1976,0
137,1977,0
137,1978,0
137,1979,0
137,1980,0
137,1981,0
137,1982,0
137,1983,0
137,1984,0
137,1985,1
137,1986,2
137,1987,2
137,1988,2
137,1989,0
137,1990,20
137,1991,0
137,1992,0
137,1993,5
137,1994,1
137,1995,3
137,1996,2
137,1997,1
137,1998,0
137,1999,0
137,2000,1
137,2001,1
137,2002,0
137,2003,14
137,2004,6
137,2005,14
137,2006,41
137,2007,3
137,2008,0
137,2009,3
137,2010,6
137,2011,23
137,2012,42
137,2013,10
137,2014,8
137,2015,9
137,2016,8
137,2017,24
137,2018,10
137,2019,5
138,1961,29
138,1962,18
138,1963,34
138,1964,1319
138,1965,136
138,1966,17
138,1967,7960
138,1968,6656
138,1969,249
138,1970,0
138,1971,10
138,1972,145
138,1973,0
138,1974,152
138,1975,159
138,1976,98
138,1977,21
138,1978,30
138,1979,0
138,1980,91
138,1981,58
138,1982,91
138,1983,710
138,1984,0
138,1985,237
138,1986,0
138,1987,42
138,1988,1065
138,1989,978
138,1990,335
138,1991,562
138,1992,1863
138,1993,2794
138,1994,3827
138,1995,4923
138,1996,7357
138,1997,3639
138,1998,7279
138,1999,3722
138,2000,16220
138,2001,15602
138,2002,3129
138,2003,2892
138,2004,1060
138,2005,4274
138,2006,3168
138,2007,3822
138,2008,4549
138,2009,2207
138,2010,4101
138,2011,4452
138,2012,4713
138,2013,6308
138,2014,7402
138,2015,5432
138,2016,6492
138,2017,4942
138,2018,4116
138,2019,1753
14,1961,1
14,1962,1
14,1963,1
14,1964,2
14,1965,1
14,1966,2
14,1967,2
14,1968,1
14,1969,2
14,1970,5
14,1971,17
14,1972,133
14,1973,73
14,1974,45
14,1975,86
14,1976,39
14,1977,39
14,1978,25
14,1979,38
14,1980,43
14,1981,30
14,1982,5
14,1983,0
14,1984,0
14,1985,0
14,1986,0
14,1987,0
14,1988,1
14,1989,2
14,1990,6
14,1991,1
14,1992,0
14,1993,2
14,1994,1
14,1995,1
14,1996,1
14,1997,0
14,1998,2
14,1999,0
14,2000,0
14,2001,0
14,2002,0
14,2003,2
14,2004,0
14,2005,0
14,2006,0
14,2007,0
14,2008,0
14,2009,0
14,2010,0
14,2011,0
14,2012,0
14,2013,1
14,2014,0
14,2015,3
14,2016,0
14,2017,4
14,2018,2
14,2019,1
141,2014,0
141,2015,4
141,2016,2
141,2017,6
141,2018,5
143,1961,0
143,1962,0
143,1963,0
143,1964,0
143,1965,0
143,1966,0
143,1967,5
143,1968,0
143,1969,4
143,1970,0
143,1971,0
143,1972,0
143,1973,0
143,1974,0
143,1975,0
143,1976,0
143,1977,0
143,1978,13
143,1979,0
143,1980,0
143,1981,0
143,1982,0
143,1983,0
143,1984,0
143,1985,0
143,1986,12
143,1987,35
143,1988,85
143,1989,105
143,1990,176
143,1991,311
143,1992,238
143,1993,0
143,1995,1
143,1996,0
143,1997,1
143,1998,20
143,1999,26
143,2000,12
143,2001,100
143,2002,0
143,2003,0
143,2004,26
143,2005,1
143,2006,0
143,2007,1
143,2008,0
143,2009,4
143,2010,0
143,2011,0
143,2012,8
143,2013,9
143,2014,11
143,2015,6
143,2016,57
143,2017,86
143,2018,167
143,2019,111
144,2017,0
146,1994,830
146,1995,86
146,1996,7
146,1997,0
146,1999,7
146,2000,1956
146,2001,15
146,2002,6734
146,2003,0
146,2004,120
146,2005,0
146,2006,44
146,2007,0
146,2008,0
146,2009,0
146,2010,0
146,2011,0
146,2012,0
146,2013,1
146,2015,0
146,2016,0
146,2017,0
147,1997,29
147,1998,83
147,1999,5
147,2000,272
147,2001,411
147,2002,108
147,2003,0
147,2004,280
147,2005,78
147,2006,219
147,2007,22
147,2008,0
147,2009,71
147,2010,0
147,2011,0
147,2012,6
147,2013,0
147,2014,35
147,2015,0
147,2016,0
147,2017,1
147,2018,1
147,2019,0
149,1961,0
149,1962,0
149,1963,0
149,1964,0
149,1965,0
149,1966,0
149,1967,0
149,1968,0
149,1969,0
149,1970,0
149,1971,0
149,1972,0
149,1973,0
149,1974,0
149,1975,0
149,1976,0
149,1977,0
149,1978,0
149,1979,0
149,1980,0
149,1981,0
149,1982,0
149,1983,0
149,1984,0
149,1985,0
149,1986,25
149,1987,0
149,1988,0
149,1989,11
149,1990,5
149,1991,25
149,1992,0
149,1993,0
149,1994,0
149,1995,0
149,1996,0
149,1997,0
149,1998,0
149,1999,0
149,2000,0
149,2001,0
149,2002,0
149,2003,7
149,2004,7
149,2005,7
149,2006,0
149,2007,11
149,2008,1
149,2009,37
149,2010,0
149,2011,0
149,2012,0
149,2013,1
149,2014,1
149,2015,1
149,2016,2
149,2017,1
149,2018,0
149,2019,1
15,1961,0
15,1962,0
15,1963,0
15,1964,0
15,1965,3807
15,1966,1951
15,1967,1394
15,1968,632
15,1969,793
15,1970,1008
15,1971,1481
15,1972,3237
15,1973,3353
15,1974,4885
15,1975,5891
15,1976,3890
15,1977,27367
15,1978,2261
15,1979,2417
15,1980,2128
15,1981,2729
15,1982,1863
15,1983,2181
15,1984,2117
15,1985,3713
15,1986,5379
15,1987,5720
15,1988,9235
15,1989,3881
15,1990,6271
15,1991,7179
15,1992,5522
15,1993,7285
15,1994,8544
15,1995,48961
15,1996,48516
15,1997,46708
15,1998,24077
15,1999,52801
15,2000,0
15,2001,0
15,2002,0
15,2003,0
15,2004,0
15,2005,0
15,2006,0
15,2007,0
15,2008,0
15,2009,0
15,2010,0
15,2011,0
15,2012,0
15,2013,0
150,1961,14581
150,1962,16452
150,1963,17301
150,1964,19914
150,1965,47628
150,1966,4262
150,1967,4114
150,1968,6625
150,1969,3569
150,1970,3462
150,1971,3192
150,1972,3421
150,1973,3517
150,1974,3086
150,1975,3542
150,1976,4381
150,1977,7585
150,1978,3831
150,1979,3952
150,1980,4234
150,1981,4227
150,1982,3018
150,1983,3507
150,1984,3731
150,1985,5380
150,1986,4069
150,1987,5047
150,1988,6744
150,1989,7042
150,1990,9012
150,1991,9931
150,1992,12432
150,1993,17560
150,1994,13876
150,1995,18928
150,1996,14037
150,1997,12524
150,1998,9488
150,1999,8657
150,2000,19152
150,2001,31862
150,2002,29654
150,2003,35120
150,2004,33153
150,2005,30409
150,2006,34638
150,2007,55178
150,2008,58993
150,2009,49289
150,2010,48083
150,2011,82825
150,2012,79855
150,2013,81727
150,2014,101893
150,2015,102695
150,2016,111708
150,2017,115620
150,2018,121842
150,2019,120520
153,1961,0
153,1962,0
153,1963,0
153,1964,0
153,1965,0
153,1966,0
153,1967,0
153,1968,0
153,1969,0
153,1970,0
153,1971,0
153,1972,0
153,1973,0
153,1974,0
153,1975,1
153,1976,0
153,1977,0
153,1978,1
153,1979,2
153,1980,1
153,1981,1
153,1982,1
153,1983,0
153,1984,0
153,1985,0
153,1986,8
153,1987,0
153,1988,0
153,1989,0
153,1990,0
153,1991,0
153,1992,0
153,1993,0
153,1994,0
153,1995,0
153,1996,0
153,1997,0
153,1998,0
153,1999,0
153,2000,0
153,2001,0
153,2002,0
153,2003,0
153,2004,0
153,2005,0
153,2006,0
153,2007,0
153,2008,0
153,2009,0
153,2010,0
153,2011,0
153,2012,0
153,2013,0
153,2014,0
153,2015,1
154,1961,0
154,1962,0
154,1963,0
154,1964,0
154,1965,0
154,1966,0
154,1967,0
154,1968,0
154,1969,0
154,1970,0
154,1971,0
154,1972,0
154,1973,0
154,1974,0
154,1975,0
154,1976,0
154,1977,0
154,1978,0
154,1979,0
154,1980,0
154,1981,0
154,1982,0
154,1983,0
154,1984,0
154,1985,0
154,1986,0
154,1987,0
154,1988,0
154,1989,0
154,1990,0
154,1991,0
154,1992,4
154,1993,17
154,1994,49
154,1995,0
154,1996,0
154,1997,210
154,1998,0
154,1999,0
154,2000,0
154,2001,0
154,2002,0
154,2003,0
154,2004,5
154,2005,5
154,2006,1
154,2007,10
154,2008,2
154,2009,2
154,2010,5
154,2011,2
154,2012,0
154,2013,0
154,2014,2
154,2015,1
154,2016,3
154,2017,0
154,2018,0
154,2019,2
156,1961,0
156,1962,0
156,1963,1
156,1964,7
156,1965,1
156,1966,3
156,1967,3
156,1968,3
156,1969,5
156,1970,12
156,1971,11
156,1972,16
156,1973,78
156,1974,71
156,1975,48
156,1976,91
156,1977,55
156,1978,168
156,1979,258
156,1980,336
156,1981,450
156,1982,233
156,1983,322
156,1984,300
156,1985,196
156,1986,104
156,1987,301
156,1988,303
156,1989,44
156,1990,113
156,1991,81
156,1992,25
156,1993,47
156,1994,12
156,1995,22
156,1996,5485
156,1997,8594
156,1998,10667
156,1999,1268
156,2000,9302
156,2001,211
156,2002,509
156,2003,214
156,2004,350
156,2005,295
156,2006,866
156,2007,839
156,2008,718
156,2009,1220
156,2010,1121
156,2011,321
156,2012,533
156,2013,349
156,2014,1111
156,2015,471
156,2016,603
156,2017,350
156,2018,439
156,2019,550
157,1961,0
157,1962,0
157,1963,0
157,1964,0
157,1965,80
157,1966,53
157,1967,55
157,1968,0
157,1969,0
157,1970,0
157,1971,0
157,1972,0
157,1973,0
157,1974,0
157,1975,0
157,1976,0
157,1977,0
157,1978,0
157,1979,0
157,1980,0
157,1981,0
157,1982,0
157,1983,0
157,1984,0
157,1985,0
157,1986,0
157,1987,2
157,1988,0
157,1989,0
157,1990,0
157,1991,18
157,1992,19
157,1993,0
157,1994,0
157,1995,0
157,1996,0
157,1997,0
157,1998,0
157,1999,0
157,2000,0
157,2001,0
157,2002,0
157,2003,0
157,2004,0
157,2005,0
157,2006,0
157,2007,3
157,2008,0
157,2009,23
157,2010,50504
157,2011,9700
157,2012,0
157,2013,0
157,2014,40811
157,2015,8031
157,2016,40320
157,2017,31834
157,2018,43533
157,2019,41052
158,1961,0
158,1962,0
158,1963,0
158,1964,0
158,1965,0
158,1966,0
158,1967,0
158,1968,0
158,1969,0
158,1970,0
158,1971,0
158,1972,0
158,1973,0
158,1974,0
158,1975,0
158,1976,0
158,1977,0
158,1978,0
158,1979,0
158,1980,0
158,1981,0
158,1982,0
158,1983,16
158,1984,0
158,1985,0
158,1986,0
158,1987,0
158,1988,0
158,1989,0
158,1990,0
158,1991,0
158,1992,0
158,1993,0
158,1994,0
158,1995,0
158,1996,0
158,1997,0
158,1998,0
158,1999,0
158,2000,0
158,2001,0
158,2002,0
158,2003,0
158,2004,0
158,2005,0
158,2006,0
158,2007,0
158,2008,0
158,2009,0
158,2010,0
158,2011,0
158,2012,0
158,2013,0
158,2019,2
159,1988,0
159,1989,78
159,1990,87
159,1991,1
159,1992,0
159,1993,0
159,1995,4
159,1996,4
159,1997,4
159,1998,4
159,1999,4
159,2000,0
159,2001,50
159,2002,13
159,2003,0
159,2004,0
159,2005,59
159,2006,0
159,2007,0
159,2008,0
159,2009,0
159,2010,0
159,2011,0
159,2012,0
159,2013,3
159,2014,0
159,2015,1
159,2016,1
159,2017,0
159,2018,39
159,2019,0
16,1998,18
16,1999,0
16,2000,15
16,2001,25
16,2002,40
16,2003,0
16,2004,1
16,2005,0
16,2006,0
16,2007,0
16,2008,0
16,2009,0
16,2010,0
16,2011,0
16,2012,0
16,2013,51
16,2014,18
16,2016,74
16,2017,45
16,2018,59
16,2019,63
162,1961,6
162,1962,6
162,1963,6
162,1964,4
162,1965,5
162,1966,3
162,1967,13
162,1968,41
162,1969,74
162,1970,26
162,1971,35
162,1972,27
162,1973,52
162,1974,68
162,1975,58
162,1976,113
162,1977,54
162,1978,55
162,1979,66
162,1980,46
162,1981,39
162,1982,29
162,1983,41
162,1984,32
162,1985,31
162,1986,29
162,1987,30
162,1988,17
162,1989,29
162,1990,35
162,1991,63
162,1992,81
162,1993,46
162,1994,61
162,1995,261
162,1996,284
162,1997,196
162,1998,38
162,1999,49
162,2000,78
162,2001,54
162,2002,85
162,2003,47
162,2004,38
162,2005,34
162,2006,10
162,2007,11
162,2008,34
162,2009,19
162,2010,4
162,2011,3
162,2012,3
162,2013,4
162,2014,2
162,2015,49
162,2016,100
162,2017,141
162,2018,104
162,2019,115
165,1961,0
165,1962,0
165,1963,0
165,1964,12
165,1965,30
165,1966,230
165,1967,162
165,1968,215
165,1969,181
165,1970,84
165,1971,37
165,1972,141
165,1973,168
165,1974,689
165,1975,771
165,1976,800
165,1977,850
165,1978,1014
165,1979,572
165,1980,1277
165,1981,600
165,1982,682
165,1983,438
165,1984,1595
165,1985,859
165,1986,507
165,1987,1093
165,1988,1366
165,1989,1011
165,1990,700
165,1991,992
165,1992,1085
165,1993,829
165,1994,1562
165,1995,1376
165,1996,1191
165,1997,1236
165,1998,1477
165,1999,1455
165,2000,1528
165,2001,1747
165,2002,1872
165,2003,1721
165,2004,1762
165,2005,727
165,2006,507
165,2007,170
165,2008,326
165,2009,202
165,2010,136
165,2011,92
165,2012,99
165,2013,105
165,2014,95
165,2015,102
165,2016,309
165,2017,173
165,2018,184
165,2019,304
166,1961,0
166,1962,0
166,1963,0
166,1964,0
166,1965,0
166,1966,0
166,1967,0
166,1968,0
166,1969,0
166,1970,0
166,1971,0
166,1972,0
166,1973,0
166,1974,0
166,1975,0
166,1976,0
166,1977,0
166,1978,0
166,1979,0
166,1980,0
166,1981,0
166,1982,0
166,1983,0
166,1984,0
166,1985,0
166,1986,0
166,1987,0
166,1988,0
166,1989,0
166,1990,1
166,1991,0
166,1992,0
166,1993,0
166,1994,0
166,1995,120
166,1996,0
166,1997,0
166,1998,0
166,1999,0
166,2000,0
166,2001,0
166,2002,0
166,2003,0
166,2004,0
166,2005,0
166,2006,2
166,2007,0
166,2008,32
166,2009,20
166,2010,40
166,2011,87
166,2012,184
166,2013,75
166,2014,45
166,2015,138
166,2016,105
166,2017,117
166,2018,161
166,2019,56
167,1961,0
167,1962,0
167,1963,0
167,1964,0
167,1965,0
167,1966,0
167,1967,0
167,1968,0
167,1969,0
167,1970,0
167,1971,0
167,1972,0
167,1973,0
167,1974,0
167,1975,0
167,1976,0
167,1977,0
167,1978,0
167,1979,0
167,1980,0
167,1981,0
167,1982,0
167,1983,0
167,1984,0
167,1985,0
167,1986,0
167,1987,0
167,1988,0
167,1989,0
167,1990,0
167,1991,0
167,1992,0
167,1993,167
167,1994,176
167,1995,257
167,1996,627
167,1997,293
167,1998,408
167,1999,12950
167,2000,12618
167,2001,19815
167,2002,32181
167,2003,2455
167,2004,6333
167,2005,9263
167,2006,24437
167,2007,2031
167,2008,1142
167,2009,1732
167,2010,2205
167,2011,3064
167,2012,5635
167,2013,7187
167,2014,5650
167,2015,10095
167,2016,10838
167,2017,10810
167,2018,8182
167,2019,8734
168,1961,0
168,1962,0
168,1963,0
168,1964,0
168,1965,0
168,1966,0
168,1967,0
168,1968,0
168,1969,0
168,1970,6
168,1971,1
168,1972,0
168,1973,3
168,1974,1
168,1975,0
168,1976,0
168,1977,0
168,1978,0
168,1979,0
168,1980,0
168,1981,0
168,1982,0
168,1983,0
168,1984,0
168,1985,0
168,1986,0
168,1987,0
168,1988,0
168,1989,0
168,1990,0
168,1991,0
168,1992,14
168,1993,0
168,1994,0
168,1995,0
168,1996,0
168,1997,0
168,1998,0
168,1999,0
168,2000,0
168,2001,0
168,2002,0
168,2003,0
168,2004,0
168,2005,20
168,2016,0
168,2019,0
169,1999,1
169,2000,0
169,2001,0
169,2002,0
169,2003,2
169,2004,1
169,2005,3
169,2006,1
169,2007,6
169,2008,7
169,2009,4
169,2010,11
169,2011,3
169,2012,2
169,2013,0
169,2014,0
169,2015,0
169,2016,0
169,2017,0
169,2018,6
169,2019,14
170,1961,0
170,1962,0
170,1963,0
170,1964,0
170,1965,0
170,1966,0
170,1967,0
170,1968,0
170,1969,0
170,1970,0
170,1971,0
170,1972,0
170,1973,0
170,1974,0
170,1975,35
170,1976,0
170,1977,98
170,1978,1425
170,1979,3349
170,1980,1685
170,1981,659
170,1982,900
170,1983,21
170,1984,41
170,1985,8
170,1986,0
170,1987,13
170,1988,4
170,1989,2
170,1990,2
170,1991,0
170,1992,1
170,1993,16
170,1994,26
170,1995,12
170,1996,26
170,1997,26
170,1998,30
170,1999,13
170,2000,1
170,2001,1
170,2002,46
170,2003,83
170,2004,159
170,2005,174
170,2006,235
170,2007,300
170,2008,79
170,2009,65
170,2010,253
170,2011,375
170,2012,218
170,2013,191
170,2014,248
170,2015,278
170,2016,744
170,2017,1175
170,2018,3263
170,2019,554
171,1961,0
171,1962,54
171,1963,50
171,1964,3
171,1965,4
171,1966,62
171,1967,58
171,1968,38
171,1969,61
171,1970,29
171,1971,99
171,1972,439
171,1973,667
171,1974,0
171,1975,0
171,1976,0
171,1977,0
171,1978,2
171,1979,12
171,1980,19
171,1981,54
171,1982,50
171,1983,62
171,1984,166
171,1985,189
171,1986,68
171,1987,13
171,1988,4
171,1989,2
171,1990,11
171,1991,7
171,1992,11
171,1993,245
171,1994,368
171,1995,291
171,1996,75
171,1997,245
171,1998,27
171,1999,214
171,2000,43
171,2001,13
171,2002,66
171,2003,72
171,2004,290
171,2005,703
171,2006,513
171,2007,925
171,2008,1055
171,2009,501
171,2010,609
171,2011,1030
171,2012,568
171,2013,862
171,2014,664
171,2015,806
171,2016,983
171,2017,1007
171,2018,1576
171,2019,888
173,1961,0
173,1962,0
173,1963,0
173,1964,0
173,1965,0
173,1966,0
173,1967,0
173,1968,0
173,1969,0
173,1970,0
173,1971,0
173,1972,0
173,1973,0
173,1974,0
173,1975,0
173,1976,0
173,1977,0
173,1978,0
173,1979,0
173,1980,0
173,1981,0
173,1982,0
173,1983,0
173,1984,0
173,1985,0
173,1986,0
173,1987,0
173,1988,0
173,1989,0
173,1990,0
173,1991,0
173,1992,0
173,1993,62025
173,1994,6039
173,1995,55
173,1996,54
173,1997,126
173,1998,225
173,1999,207
173,2000,74
173,2001,0
173,2002,458
173,2003,966
173,2004,1404
173,2005,2220
173,2006,4399
173,2007,2223
173,2008,6852
173,2009,7198
173,2010,8489
173,2011,9849
173,2012,15120
173,2013,17232
173,2014,22370
173,2015,45583
173,2016,18438
173,2017,16517
173,2018,11747
173,2019,9527
174,1961,2
174,1962,4
174,1963,5
174,1964,8
174,1965,4
174,1966,3
174,1967,6
174,1968,1
174,1969,4
174,1970,12
174,1971,36
174,1972,8
174,1973,5
174,1974,20
174,1975,4
174,1976,10
174,1977,7
174,1978,5
174,1979,56
174,1980,5
174,1981,17
174,1982,2
174,1983,6
174,1984,17
174,1985,15
174,1986,31
174,1987,16
174,1988,7
174,1989,4
174,1990,17
174,1991,9
174,1992,10
174,1993,4
174,1994,20
174,1995,14
174,1996,9
174,1997,56
174,1998,19
174,1999,8
174,2000,27
174,2001,9
174,2002,9
174,2003,16
174,2004,67
174,2005,171
174,2006,345
174,2007,149
174,2008,72
174,2009,149
174,2010,110
174,2011,397
174,2012,227
174,2013,216
174,2014,318
174,2015,248
174,2016,251
174,2017,213
174,2018,257
174,2019,505
176,2017,1
179,1961,0
179,1962,0
179,1963,0
179,1964,0
179,1965,0
179,1966,0
179,1967,0
179,1968,0
179,1969,0
179,1970,0
179,1971,0
179,1972,0
179,1973,0
179,1974,0
179,1975,0
179,1976,0
179,1977,0
179,1978,0
179,1979,0
179,1980,0
179,1981,0
179,1982,0
179,1983,0
179,1984,0
179,1985,0
179,1986,0
179,1987,0
179,1988,0
179,1989,0
179,1990,0
179,1991,0
179,1992,13
179,1993,0
179,1994,7
179,1995,7
179,1996,7
179,1997,7
179,1998,7
179,1999,7
179,2000,7
179,2001,0
179,2002,0
179,2003,0
179,2004,0
179,2005,3
179,2006,1
179,2007,5
179,2008,1
179,2009,0
179,2010,0
179,2011,0
179,2012,0
179,2013,0
179,2015,0
18,2019,0
181,1961,0
181,1962,0
181,1963,0
181,1964,0
181,1965,0
181,1966,0
181,1967,0
181,1968,0
181,1969,0
181,1970,0
181,1971,0
181,1972,0
181,1973,0
181,1974,0
181,1975,0
181,1976,0
181,1977,0
181,1978,0
181,1979,0
181,1980,0
181,1981,14
181,1982,25
181,1983,122
181,1984,38
181,1985,57
181,1986,7
181,1987,93
181,1988,57
181,1989,30
181,1990,3
181,1991,2
181,1992,1
181,1993,3
181,1994,3
181,1995,8
181,1996,14
181,1997,7
181,1998,100
181,1999,472
181,2000,736
181,2001,0
181,2002,926
181,2003,398
181,2004,166
181,2005,1409
181,2006,244
181,2007,407
181,2008,193
181,2009,6
181,2010,0
181,2011,0
181,2012,0
181,2013,0
181,2014,1
181,2015,0
181,2016,0
181,2018,0
181,2019,0
183,1961,0
183,1962,0
183,1963,0
183,1964,0
183,1965,0
183,1966,0
183,1967,0
183,1968,0
183,1969,0
183,1970,0
183,1971,0
183,1972,0
183,1973,0
183,1974,0
183,1975,0
183,1976,0
183,1977,0
183,1978,0
183,1979,0
183,1980,0
183,1981,0
183,1982,0
183,1983,0
183,1984,0
183,1985,0
183,1986,0
183,1987,0
183,1988,0
183,1989,0
183,1990,0
183,1991,2
183,1992,26
183,1993,20
183,1994,2
183,1995,12
183,1997,37
183,1999,9
183,2000,3
183,2001,11
183,2002,14
183,2003,48
183,2004,774
183,2005,4024
183,2006,196
183,2007,81
183,2008,60
183,2009,109
183,2010,133
183,2011,230
183,2012,181
183,2013,164
183,2014,380
183,2015,90
183,2016,112
183,2017,88
183,2018,83
183,2019,72
184,2011,1
184,2012,0
184,2013,0
184,2014,113
184,2016,1
184,2017,5
184,2018,2
185,1996,65
185,1997,23
185,1998,4
185,1999,5
185,2000,6
185,2001,11
185,2002,30
185,2003,4335
185,2004,1687
185,2005,1686
185,2006,100
185,2007,223
185,2008,87
185,2009,55
185,2010,68
185,2011,111
185,2012,143
185,2013,137
185,2014,257
185,2015,367
185,2016,384
185,2017,442
185,2018,668
185,2019,1466
186,1996,26
186,1997,3
186,1998,0
186,1999,0
186,2000,16
186,2001,42
186,2002,97
186,2003,3
186,2004,2292
186,2005,14
186,2006,0
186,2007,0
186,2008,0
186,2009,0
186,2010,0
186,2011,0
186,2012,0
186,2013,0
188,2004,0
188,2005,0
188,2006,0
188,2007,0
188,2008,0
188,2009,0
188,2010,0
188,2011,0
188,2012,0
188,2013,0
189,1961,0
189,1962,0
189,1963,0
189,1964,0
189,1965,0
189,1966,0
189,1967,0
189,1968,0
189,1969,0
189,1970,0
189,1971,0
189,1972,0
189,1973,0
189,1974,0
189,1975,0
189,1976,0
189,1977,0
189,1978,0
189,1979,0
189,1980,0
189,1981,0
189,1982,0
189,1983,4
189,1984,0
189,1985,0
189,1986,0
189,1987,0
189,1988,0
189,1989,0
189,1990,0
189,1991,0
189,1992,0
189,1993,0
189,1994,1
189,1995,8
189,1996,12
189,1997,0
189,1998,0
189,1999,0
189,2000,0
189,2001,0
189,2002,0
189,2003,0
189,2004,0
189,2005,0
189,2006,0
189,2007,0
189,2008,0
189,2009,0
189,2010,0
189,2011,0
189,2012,0
189,2013,0
189,2016,0
189,2017,0
189,2018,0
189,2019,0
19,1961,0
19,1962,0
19,1963,0
19,1964,0
19,1965,0
19,1966,0
19,1967,0
19,1968,0
19,1969,0
19,1970,0
19,1971,0
19,1972,0
19,1973,0
19,1974,0
19,1975,0
19,1976,0
19,1977,0
19,1978,0
19,1979,0
19,1980,0
19,1981,0
19,1982,11
19,1983,0
19,1984,0
19,1985,0
19,1986,0
19,1987,0
19,1988,0
19,1989,0
19,1990,0
19,1991,0
19,1992,0
19,1993,0
19,1994,17
19,1995,6
19,1996,1
19,1997,0
19,1998,0
19,1999,1
19,2000,0
19,2001,0
19,2002,0
19,2003,342
19,2004,1074
19,2005,7507
19,2006,0
19,2007,0
19,2008,0
19,2009,0
19,2010,24
19,2011,5
19,2012,0
19,2013,15
19,2014,32
19,2018,1
19,2019,26
191,2014,0
191,2015,0
194,1961,0
194,1962,0
194,1963,0
194,1964,0
194,1965,0
194,1966,0
194,1967,0
194,1968,0
194,1969,0
194,1970,2
194,1971,0
194,1972,0
194,1973,5
194,1974,130
194,1975,10
194,1976,15
194,1977,0
194,1978,30
194,1979,85
194,1980,297
194,1981,69
194,1982,147
194,1983,215
194,1984,108
194,1985,298
194,1986,365
194,1987,241
194,1988,610
194,1989,453
194,1990,249
194,1991,392
194,1992,281
194,1993,158
194,1994,55
194,1995,67
194,1996,30
194,1997,198
194,1998,201
194,1999,5
194,2000,35
194,2001,192
194,2002,233
194,2003,2767
194,2004,639
194,2005,3204
194,2006,1427
194,2007,1190
194,2008,336
194,2009,838
194,2010,1527
194,2011,2781
194,2012,525
194,2013,404
194,2014,299
194,2015,644
194,2016,268
194,2017,4826
194,2018,15769
194,2019,3331
195,1961,0
195,1962,0
195,1963,0
195,1964,0
195,1965,0
195,1966,0
195,1967,0
195,1968,0
195,1969,0
195,1970,0
195,1971,0
195,1972,0
195,1973,0
195,1974,0
195,1975,0
195,1976,0
195,1977,0
195,1978,0
195,1979,0
195,1980,0
195,1981,0
195,1982,2
195,1983,0
195,1984,0
195,1985,0
195,1986,0
195,1987,0
195,1988,2
195,1989,56
195,1990,26
195,1991,14
195,1992,28
195,1993,8
195,1994,3
195,1995,5
195,1996,4
195,1997,102
195,1998,96
195,1999,48
195,2000,26
195,2001,54
195,2002,59
195,2003,28
195,2004,1
195,2005,0
195,2006,0
195,2007,0
195,2008,0
195,2009,0
195,2010,1
195,2011,2
195,2012,3
195,2013,11
195,2014,7
195,2015,7
195,2016,54
195,2017,85
195,2018,102
195,2019,110
197,1961,0
197,1962,0
197,1963,0
197,1964,0
197,1965,0
197,1966,0
197,1967,0
197,1968,0
197,1969,0
197,1970,0
197,1971,0
197,1972,0
197,1973,0
197,1974,127
197,1975,0
197,1976,0
197,1977,0
197,1978,0
197,1979,0
197,1980,0
197,1981,0
197,1982,0
197,1983,0
197,1984,0
197,1985,0
197,1986,0
197,1987,0
197,1988,0
197,1989,0
197,1990,0
197,1991,0
197,1992,0
197,1993,0
197,1994,0
197,1995,0
197,1996,0
197,1997,0
197,1998,0
197,1999,0
197,2000,0
197,2001,0
197,2002,0
197,2003,0
197,2004,0
197,2005,0
197,2006,0
197,2007,0
197,2008,0
197,2009,0
197,2010,0
197,2011,0
197,2012,0
197,2013,0
198,1961,0
198,1962,0
198,1963,0
198,1964,0
198,1965,0
198,1966,0
198,1967,0
198,1968,0
198,1969,0
198,1970,0
198,1971,0
198,1972,0
198,1973,0
198,1974,0
198,1975,0
198,1976,0
198,1977,0
198,1978,0
198,1979,0
198,1980,0
198,1981,0
198,1982,0
198,1983,0
198,1984,0
198,1985,0
198,1986,0
198,1987,0
198,1988,0
198,1989,0
198,1990,0
198,1991,0
198,1992,50
198,1993,141
198,1994,238
198,1995,4562
198,1996,2596
198,1997,1162
198,1998,128
198,1999,44
198,2000,9206
198,2001,7036
198,2002,3898
198,2003,1617
198,2004,435
198,2005,36
198,2006,26
198,2007,1
198,2008,119
198,2009,58
198,2010,143
198,2011,122
198,2012,169
198,2013,203
198,2014,186
198,2015,238
198,2016,341
198,2017,322
198,2018,507
198,2019,767
199,1994,81
199,1995,15
199,1996,7
199,1997,26
199,1998,1
199,1999,363
199,2000,9206
199,2001,349
199,2002,56
199,2003,1516
199,2004,15628
199,2005,15598
199,2006,18979
199,2007,17245
199,2008,16244
199,2009,19830
199,2010,21796
199,2011,20508
199,2012,22755
199,2013,27327
199,2014,23113
199,2015,27620
199,2016,29021
199,2017,27604
199,2018,27021
199,2019,29785
20,1961,0
20,1962,0
20,1963,0
20,1964,0
20,1965,0
20,1966,0
20,1967,0
20,1968,0
20,1969,0
20,1970,0
20,1971,0
20,1972,0
20,1973,0
20,1974,0
20,1975,0
20,1976,0
20,1977,0
20,1978,15
20,1979,0
20,1980,0
20,1981,0
20,1982,3
20,1983,1
20,1984,2
20,1985,19
20,1986,0
20,1987,15
20,1988,0
20,1989,38
20,1990,5
20,1991,5
20,1992,6
20,1993,0
20,1994,0
20,1995,0
20,1996,16
20,1997,7
20,1998,2
20,1999,2
20,2000,0
20,2001,0
20,2002,0
20,2003,0
20,2004,0
20,2005,0
20,2006,6
20,2007,7
20,2008,0
20,2009,17
20,2010,0
20,2011,0
20,2012,1
20,2013,0
20,2014,0
20,2015,0
20,2016,0
20,2017,0
20,2018,2
20,2019,0
200,1961,4000
200,1962,4361
200,1963,607
200,1964,504
200,1965,403
200,1966,995
200,1967,1144
200,1968,729
200,1969,706
200,1970,686
200,1971,371
200,1972,99
200,1973,169
200,1974,229
200,1975,78
200,1976,132
200,1977,196
200,1978,342
200,1979,525
200,1980,587
200,1981,547
200,1982,816
200,1983,800
200,1984,565
200,1985,501
200,1986,572
200,1987,755
200,1988,990
200,1989,424
200,1990,429
200,1991,401
200,1992,847
200,1993,498
200,1994,686
200,1995,1504
200,1996,3644
200,1997,2039
200,1998,1447
200,1999,1598
200,2000,1761
200,2001,1418
200,2002,935
200,2003,1418
200,2004,652
200,2005,996
200,2006,1871
200,2007,1854
200,2008,4139
200,2009,2377
200,2010,2706
200,2011,3394
200,2012,2752
200,2013,1436
200,2014,1346
200,2015,1549
200,2016,927
200,2017,1449
200,2018,4660
200,2019,1885
201,1961,0
201,1962,0
201,1963,0
201,1964,0
201,1965,0
201,1966,0
201,1967,0
201,1968,0
201,1969,0
201,1970,0
201,1971,0
201,1972,0
201,1973,0
201,1974,1
201,1975,0
201,1976,0
201,1977,0
201,1978,0
201,1979,0
201,1980,0
201,1981,0
201,1982,0
201,1983,0
201,1984,0
201,1985,0
201,1986,0
201,1987,0
201,1988,0
201,1989,0
201,1990,0
201,1991,0
201,1992,0
201,1993,0
201,1994,0
201,1995,0
201,1996,0
201,1997,0
201,1998,0
201,1999,0
201,2000,0
201,2001,0
201,2002,0
201,2003,14
201,2004,14
201,2005,14
201,2006,0
201,2007,0
201,2008,0
201,2009,0
201,2010,0
201,2011,0
201,2012,0
201,2013,0
202,1961,2773
202,1962,3358
202,1963,4675
202,1964,4923
202,1965,2603
202,1966,2765
202,1967,3942
202,1968,4255
202,1969,3494
202,1970,2814
202,1971,3864
202,1972,3793
202,1973,4989
202,1974,5200
202,1975,4800
202,1976,2500
202,1977,2700
202,1978,3000
202,1979,3800
202,1980,4500
202,1981,3400
202,1982,1500
202,1983,1400
202,1984,1100
202,1985,25228
202,1986,1720
202,1987,800
202,1988,450
202,1989,600
202,1990,800
202,1991,1500
202,1992,3800
202,1993,2600
202,1994,1545
202,1995,1701
202,1996,4136
202,1997,3629
202,1998,4444
202,1999,3629
202,2000,4941
202,2001,4532
202,2002,5790
202,2003,5831
202,2004,5251
202,2005,5884
202,2006,7987
202,2007,1410
202,2008,1915
202,2009,1683
202,2010,1527
202,2011,1240
202,2012,1118
202,2013,8098
202,2014,3693
202,2015,1842
202,2016,2836
202,2017,3344
202,2018,2686
202,2019,2946
203,1961,0
203,1962,0
203,1963,0
203,1964,0
203,1965,0
203,1966,0
203,1967,0
203,1968,0
203,1969,0
203,1970,5
203,1971,1
203,1972,2
203,1973,509
203,1974,5
203,1975,128
203,1976,71
203,1977,344
203,1978,43
203,1979,357
203,1980,275
203,1981,596
203,1982,93
203,1983,113
203,1984,124
203,1985,83
203,1986,108
203,1987,351
203,1988,1790
203,1989,3135
203,1990,3011
203,1991,4587
203,1992,4724
203,1993,5357
203,1994,4079
203,1995,3844
203,1996,5047
203,1997,7103
203,1998,11455
203,1999,11374
203,2000,17347
203,2001,5754
203,2002,5937
203,2003,6304
203,2004,8089
203,2005,6686
203,2006,5308
203,2007,8765
203,2008,9539
203,2009,7940
203,2010,7845
203,2011,4473
203,2012,8476
203,2013,8924
203,2014,15273
203,2015,21117
203,2016,21866
203,2017,10120
203,2018,11126
203,2019,12657
206,1961,0
206,1962,0
206,1963,0
206,1964,0
206,1965,0
206,1966,0
206,1967,0
206,1968,0
206,1969,0
206,1970,0
206,1971,0
206,1972,3
206,1973,0
206,1974,174
206,1975,0
206,1976,0
206,1977,0
206,1978,0
206,1979,0
206,1980,0
206,1981,0
206,1982,0
206,1983,0
206,1984,0
206,1985,0
206,1986,0
206,1987,0
206,1988,0
206,1989,0
206,1990,0
206,1991,0
206,1992,0
206,1993,0
206,1994,0
206,1995,0
206,1996,0
206,1997,0
206,1998,0
206,1999,0
206,2000,30
206,2001,0
206,2002,1
206,2003,1
206,2004,1
206,2005,0
206,2006,0
206,2007,0
206,2008,0
206,2009,0
206,2010,0
206,2011,0
206,2012,0
206,2013,0
207,2010,21
207,2011,0
207,2012,0
207,2013,1
207,2015,16
207,2016,6
207,2017,14
207,2019,26
208,2019,0
209,1997,3952
209,1998,3958
209,1999,1062
209,2000,4139
209,2001,2917
209,2002,8092
209,2003,10095
209,2004,20679
209,2005,16105
209,2006,7157
209,2007,5571
209,2008,5500
209,2009,5700
209,2010,5600
209,2011,5500
209,2012,5500
209,2013,4487
209,2014,5065
209,2015,7844
209,2016,7720
209,2017,9572
209,2018,8567
209,2019,14725
21,1961,0
21,1962,0
21,1963,0
21,1964,0
21,1965,0
21,1966,0
21,1967,0
21,1968,0
21,1969,0
21,1970,0
21,1971,0
21,1972,0
21,1973,0
21,1974,0
21,1975,329
21,1976,553
21,1977,0
21,1978,553
21,1979,0
21,1980,7132
21,1981,802
21,1982,572
21,1983,5530
21,1984,64172
21,1985,259030
21,1986,339863
21,1987,120983
21,1988,193004
21,1989,219523
21,1990,61275
21,1991,22808
21,1992,3168
21,1993,4865
21,1994,4687
21,1995,5371
21,1996,7684
21,1997,8426
21,1998,13116
21,1999,15524
21,2000,3996
21,2001,7247
21,2002,2556
21,2003,8330
21,2004,25866
21,2005,21913
21,2006,35840
21,2007,19327
21,2008,48678
21,2009,16827
21,2010,8042
21,2011,23064
21,2012,19517
21,2013,2822
21,2014,10433
21,2015,13573
21,2016,14866
21,2017,17416
21,2018,16809
21,2019,12756
210,1961,31
210,1962,1
210,1963,1
210,1964,2
210,1965,366
210,1966,514
210,1967,1813
210,1968,1529
210,1969,1701
210,1970,1280
210,1971,27
210,1972,1
210,1973,1
210,1974,9
210,1975,4
210,1976,14
210,1977,29
210,1978,32
210,1979,52
210,1980,77
210,1981,57
210,1982,70
210,1983,31
210,1984,55
210,1985,59
210,1986,120
210,1987,189
210,1988,110
210,1989,75
210,1990,61
210,1991,76
210,1992,231
210,1993,1196
210,1994,1545
210,1995,1794
210,1996,1675
210,1997,1385
210,1998,1302
210,1999,2166
210,2000,2033
210,2001,2647
210,2002,10879
210,2003,9285
210,2004,11627
210,2005,8646
210,2006,9438
210,2007,25150
210,2008,34436
210,2009,32886
210,2010,17719
210,2011,25460
210,2012,23868
210,2013,22237
210,2014,12283
210,2015,10889
210,2016,12865
210,2017,10951
210,2018,8572
210,2019,14660
211,1961,21
211,1962,21
211,1963,42
211,1964,48
211,1965,96
211,1966,77
211,1967,53
211,1968,46
211,1969,44
211,1970,78
211,1971,61
211,1972,82
211,1973,63
211,1974,95
211,1975,81
211,1976,77
211,1977,146
211,1978,210
211,1979,91
211,1980,93
211,1981,67
211,1982,49
211,1983,68
211,1984,79
211,1985,185
211,1986,169
211,1987,203
211,1988,48
211,1989,46
211,1990,49
211,1991,71
211,1992,77
211,1993,133
211,1994,110
211,1995,117
211,1996,123
211,1997,222
211,1998,191
211,1999,201
211,2000,197
211,2001,363
211,2002,476
211,2003,217
211,2004,240
211,2005,239
211,2006,634
211,2007,265
211,2008,314
211,2009,383
211,2010,457
211,2011,510
211,2012,563
211,2013,446
211,2014,282
211,2015,692
211,2016,553
211,2017,742
211,2018,986
211,2019,854
212,2009,526
212,2010,702
212,2011,84
212,2012,84
212,2013,42
212,2014,1
212,2015,1
212,2016,0
212,2017,0
212,2018,3
212,2019,0
214,1961,3
214,1962,0
214,1963,1
214,1964,1
214,1965,16
214,1966,1
214,1967,22
214,1968,61
214,1969,241
214,1970,11
214,1971,12
214,1972,2694
214,1973,29
214,1974,73
214,1975,318
214,1976,390
214,1977,300
214,1978,13
214,1979,314
214,1980,249
214,1981,50
214,1982,219
214,1983,192
214,1984,292
214,1985,725
214,1986,405
214,1987,493
214,1988,998
214,1989,925
214,1990,1084
214,1991,1078
214,1992,1062
214,1993,1119
214,1994,1915
214,1995,2610
214,1996,2220
214,1997,1131
214,1998,857
214,1999,832
214,2000,127
214,2001,1031
214,2002,619
214,2003,398
214,2004,378
214,2005,383
214,2006,559
214,2007,582
214,2008,1135
214,2009,1954
214,2010,2308
214,2011,2387
214,2012,2835
214,2013,2393
214,2014,2519
214,2015,2790
214,2016,3211
214,2017,3383
214,2018,3533
214,2019,6171
215,1961,0
215,1962,0
215,1963,0
215,1964,0
215,1965,1
215,1966,1
215,1967,8
215,1968,13
215,1969,2
215,1970,1
215,1971,0
215,1972,0
215,1973,0
215,1974,0
215,1975,0
215,1976,0
215,1977,0
215,1978,8
215,1979,0
215,1980,114
215,1981,0
215,1982,0
215,1983,0
215,1984,0
215,1985,0
215,1986,0
215,1987,0
215,1988,0
215,1989,0
215,1990,0
215,1991,0
215,1992,0
215,1993,0
215,1994,0
215,1995,0
215,1996,0
215,1997,0
215,1998,0
215,1999,0
215,2000,0
215,2001,0
215,2002,0
215,2003,0
215,2004,0
215,2005,0
215,2006,0
215,2007,0
215,2008,0
215,2009,0
215,2010,0
215,2011,0
215,2012,0
215,2013,0
215,2019,1
216,1961,0
216,1962,8
216,1963,6
216,1964,10
216,1965,87
216,1966,2214
216,1967,3
216,1968,0
216,1969,0
216,1970,309
216,1971,410
216,1972,436
216,1973,1009
216,1974,8015
216,1975,1764
216,1976,650
216,1977,902
216,1978,1247
216,1979,920
216,1980,825
216,1981,565
216,1982,601
216,1983,651
216,1984,695
216,1985,1816
216,1986,539
216,1987,632
216,1988,831
216,1989,445
216,1990,886
216,1991,1466
216,1992,9726
216,1993,3468
216,1994,5671
216,1995,5157
216,1996,6800
216,1997,6739
216,1998,10299
216,1999,10928
216,2000,11380
216,2001,12502
216,2002,13898
216,2003,16404
216,2004,19751
216,2005,15372
216,2006,13998
216,2007,17407
216,2008,19467
216,2009,16785
216,2010,17598
216,2011,14714
216,2012,19636
216,2013,16955
216,2014,15983
216,2015,31817
216,2016,50307
216,2017,40943
216,2018,38255
216,2019,142106
217,1961,0
217,1962,0
217,1963,0
217,1964,0
217,1965,0
217,1966,0
217,1967,0
217,1968,0
217,1969,0
217,1970,0
217,1971,0
217,1972,0
217,1973,0
217,1974,0
217,1975,0
217,1976,0
217,1977,0
217,1978,0
217,1979,0
217,1980,0
217,1981,0
217,1982,0
217,1983,0
217,1984,0
217,1985,0
217,1986,0
217,1987,0
217,1988,0
217,1989,0
217,1990,17
217,1991,0
217,1992,0
217,1993,0
217,1994,20
217,1995,17
217,1996,3
217,1997,0
217,1998,0
217,1999,0
217,2000,0
217,2001,0
217,2002,0
217,2003,0
217,2004,11
217,2005,46
217,2006,0
217,2007,0
217,2008,0
217,2009,0
217,2010,0
217,2011,0
217,2012,0
217,2013,4
217,2016,3
217,2018,3
220,1961,5
220,1962,3
220,1963,3
220,1964,0
220,1965,3
220,1966,2
220,1967,1
220,1968,0
220,1969,1
220,1970,1
220,1971,0
220,1972,0
220,1973,0
220,1974,10
220,1975,19
220,1976,32
220,1977,54
220,1978,76
220,1979,59
220,1980,11
220,1981,8
220,1982,2
220,1983,0
220,1984,7
220,1985,0
220,1986,0
220,1987,0
220,1988,6
220,1989,9
220,1990,10
220,1991,2
220,1992,0
220,1993,0
220,1994,0
220,1995,1
220,1996,0
220,1997,0
220,1998,1
220,1999,30
220,2000,7
220,2001,5
220,2002,2
220,2003,2
220,2004,1
220,2005,7
220,2006,0
220,2007,4
220,2008,11
220,2009,4
220,2010,2
220,2011,0
220,2012,33
220,2013,4
220,2014,12
220,2015,4
220,2016,30
220,2017,7
220,2018,1
220,2019,1
221,1961,0
221,1962,0
221,1963,0
221,1964,0
221,1965,0
221,1966,0
221,1967,0
221,1968,0
221,1969,0
221,1970,0
221,1971,0
221,1972,0
221,1973,0
221,1974,0
221,1975,0
221,1976,0
221,1977,0
221,1978,0
221,1979,0
221,1980,0
221,1981,0
221,1982,28
221,1983,35
221,1984,2
221,1985,1
221,1986,2
221,1987,0
221,1988,2
221,1989,30
221,1990,5
221,1991,5
221,1992,7
221,1993,19
221,1994,20
221,1995,0
221,1996,2
221,1997,0
221,1998,0
221,1999,0
221,2000,2
221,2001,1
221,2002,0
221,2003,3
221,2004,4
221,2005,0
221,2006,0
221,2007,0
221,2008,0
221,2009,0
221,2010,1
221,2011,0
221,2012,21
221,2013,33
221,2015,53
221,2016,11
221,2017,102
221,2018,62
221,2019,2
222,1961,0
222,1962,0
222,1963,0
222,1964,0
222,1965,0
222,1966,0
222,1967,0
222,1968,0
222,1969,0
222,1970,0
222,1971,0
222,1972,0
222,1973,0
222,1974,0
222,1975,0
222,1976,0
222,1977,0
222,1978,0
222,1979,0
222,1980,0
222,1981,0
222,1982,0
222,1983,0
222,1984,0
222,1985,0
222,1986,0
222,1987,73
222,1988,226
222,1989,156
222,1990,185
222,1991,304
222,1992,125
222,1993,142
222,1994,152
222,1995,109
222,1996,194
222,1997,169
222,1998,169
222,1999,237
222,2000,316
222,2001,242
222,2002,260
222,2003,209
222,2004,419
222,2005,516
222,2006,9
222,2007,574
222,2008,515
222,2009,590
222,2010,468
222,2011,464
222,2012,484
222,2013,627
222,2014,560
222,2015,755
222,2016,805
222,2017,1576
222,2018,1176
222,2019,1340
223,1961,0
223,1962,0
223,1963,0
223,1964,0
223,1965,0
223,1966,0
223,1967,0
223,1968,0
223,1969,0
223,1970,0
223,1971,0
223,1972,0
223,1973,0
223,1974,0
223,1975,0
223,1976,0
223,1977,0
223,1978,0
223,1979,0
223,1980,0
223,1981,0
223,1982,0
223,1983,0
223,1984,0
223,1985,0
223,1986,16
223,1987,4
223,1988,5
223,1989,14
223,1990,24
223,1991,6
223,1992,18
223,1993,55
223,1994,68
223,1995,24
223,1996,121
223,1997,96
223,1998,52
223,1999,31
223,2000,33
223,2001,23
223,2002,20
223,2003,350
223,2004,667
223,2005,1109
223,2006,668
223,2007,896
223,2008,882
223,2009,1016
223,2010,984
223,2011,1726
223,2012,2165
223,2013,1713
223,2014,1947
223,2015,1377
223,2016,2160
223,2017,5604
223,2018,10272
223,2019,12338
225,1961,0
225,1962,0
225,1963,0
225,1964,0
225,1965,0
225,1966,0
225,1967,0
225,1968,0
225,1969,0
225,1970,0
225,1971,0
225,1972,0
225,1973,0
225,1974,0
225,1975,0
225,1976,0
225,1977,0
225,1978,0
225,1979,0
225,1980,7
225,1981,0
225,1982,18
225,1983,0
225,1984,0
225,1985,0
225,1986,82
225,1987,59
225,1988,527
225,1989,973
225,1990,1600
225,1991,2037
225,1992,1426
225,1993,5
225,1994,1109
225,1995,352
225,1996,2901
225,1997,50
225,1998,100
225,1999,70
225,2000,115
225,2001,260
225,2002,71
225,2003,70
225,2004,137
225,2005,4275
225,2006,377
225,2007,198
225,2008,37
225,2009,715
225,2010,845
225,2011,476
225,2012,695
225,2013,705
225,2014,908
225,2015,1102
225,2016,1148
225,2017,1741
225,2018,3947
225,2019,3717
226,1961,4
226,1962,4
226,1963,4
226,1964,4
226,1965,7
226,1966,3
226,1967,8
226,1968,5
226,1969,2
226,1970,2
226,1971,2
226,1972,4
226,1973,0
226,1974,0
226,1975,0
226,1976,0
226,1977,0
226,1978,0
226,1979,0
226,1980,0
226,1981,0
226,1982,0
226,1983,0
226,1984,0
226,1985,0
226,1986,0
226,1987,0
226,1988,0
226,1989,0
226,1990,0
226,1991,0
226,1992,0
226,1993,0
226,1994,0
226,1995,0
226,1996,0
226,1997,0
226,1998,0
226,1999,0
226,2000,0
226,2001,0
226,2002,0
226,2003,0
226,2004,0
226,2005,0
226,2006,1
226,2007,7
226,2008,1
226,2009,0
226,2010,1
226,2011,1
226,2012,0
226,2013,29
226,2014,1
226,2015,13
226,2016,0
226,2017,3
226,2018,1
226,2019,0
227,2019,0
228,1992,0
228,1993,0
228,1994,0
228,1995,0
228,1996,0
228,1997,0
228,1998,0
228,1999,0
228,2000,0
228,2001,0
228,2002,0
228,2003,0
228,2004,0
228,2005,0
228,2006,0
228,2007,0
228,2008,0
228,2009,0
228,2010,0
228,2011,0
228,2012,0
229,1961,977
229,1962,1264
229,1963,2703
229,1964,2689
229,1965,2600
229,1966,2828
229,1967,7203
229,1968,8816
229,1969,9485
229,1970,17927
229,1971,19356
229,1972,18825
229,1973,28677
229,1974,18184
229,1975,12173
229,1976,5035
229,1977,20317
229,1978,21164
229,1979,16420
229,1980,19592
229,1981,17239
229,1982,15501
229,1983,7306
229,1984,6633
229,1985,13481
229,1986,13156
229,1987,15782
229,1988,15578
229,1989,16330
229,1990,15233
229,1991,13220
229,1992,14088
229,1993,17509
229,1994,17320
229,1995,9570
229,1996,7338
229,1997,7250
229,1998,20174
229,1999,19402
229,2000,21414
229,2001,24603
229,2002,28484
229,2003,28269
229,2004,43318
229,2005,30924
229,2006,26089
229,2007,22099
229,2008,23128
229,2009,23696
229,2010,28774
229,2011,21780
229,2012,13898
229,2013,11073
229,2014,16088
229,2015,14394
229,2016,14073
229,2017,17501
229,2018,16638
229,2019,24514
23,1961,0
23,1962,0
23,1963,0
23,1964,0
23,1965,0
23,1966,0
23,1967,0
23,1968,0
23,1969,0
23,1970,0
23,1971,0
23,1972,0
23,1973,0
23,1974,0
23,1975,0
23,1976,0
23,1977,2
23,1978,0
23,1979,0
23,1980,0
23,1981,0
23,1982,0
23,1983,0
23,1984,0
23,1985,0
23,1986,0
23,1987,0
23,1988,0
23,1989,0
23,1990,0
23,1991,0
23,1992,1
23,1993,0
23,1994,0
23,1995,0
23,1996,0
23,1997,0
23,1998,0
23,1999,0
23,2000,0
23,2001,0
23,2002,23
23,2005,0
23,2006,0
23,2007,0
23,2008,0
23,2009,0
23,2010,0
23,2011,0
23,2012,0
23,2013,0
230,1993,500
230,1994,5693
230,1995,34914
230,1996,36358
230,1997,4938
230,1998,17393
230,1999,19461
230,2000,19581
230,2001,31842
230,2002,20463
230,2003,27306
230,2004,1203
230,2005,30
230,2006,9005
230,2007,42268
230,2008,11663
230,2009,234
230,2010,7
230,2011,7
230,2012,6
230,2013,57
230,2014,37
230,2015,25
230,2016,47
230,2017,16
230,2018,11
230,2019,216
231,1961,896
231,1962,724
231,1963,998
231,1964,1067
231,1965,23470
231,1966,40270
231,1967,19786
231,1968,33235
231,1969,12376
231,1970,12956
231,1971,14601
231,1972,7285
231,1973,7383
231,1974,24201
231,1975,22076
231,1976,16063
231,1977,9570
231,1978,22454
231,1979,37327
231,1980,28548
231,1981,43632
231,1982,21824
231,1983,28463
231,1984,26078
231,1985,42269
231,1986,15021
231,1987,14821
231,1988,19671
231,1989,15647
231,1990,12069
231,1991,11348
231,1992,12494
231,1993,14269
231,1994,18158
231,1995,72019
231,1996,86378
231,1997,34292
231,1998,71650
231,1999,80197
231,2000,61815
231,2001,92646
231,2002,72258
231,2003,79372
231,2004,70740
231,2005,58086
231,2006,40440
231,2007,45543
231,2008,47752
231,2009,48325
231,2010,65300
231,2011,88427
231,2012,87292
231,2013,79352
231,2014,80469
231,2015,108524
231,2016,107996
231,2017,117213
231,2018,92801
231,2019,89610
234,1961,0
234,1962,0
234,1963,0
234,1964,0
234,1965,0
234,1966,0
234,1967,0
234,1968,0
234,1969,0
234,1970,0
234,1971,0
234,1972,0
234,1973,0
234,1974,0
234,1975,3
234,1976,5
234,1977,2
234,1978,13
234,1979,0
234,1980,3
234,1981,0
234,1982,6
234,1983,0
234,1984,0
234,1985,23
234,1986,632
234,1987,368
234,1988,262
234,1989,52
234,1990,0
234,1991,190
234,1992,50
234,1993,2
234,1994,2
234,1995,332
234,1996,26
234,1997,9
234,1998,0
234,1999,0
234,2000,0
234,2001,0
234,2002,0
234,2003,8
234,2004,0
234,2005,0
234,2006,0
234,2007,0
234,2008,0
234,2009,2
234,2010,101
234,2011,90
234,2012,0
234,2013,0
234,2015,1
234,2016,5
234,2017,1
234,2018,21
234,2019,50
235,2018,0
235,2019,0
236,1961,0
236,1962,0
236,1963,0
236,1964,0
236,1965,0
236,1966,0
236,1967,0
236,1968,0
236,1969,0
236,1970,0
236,1971,0
236,1972,10
236,1973,0
236,1974,0
236,1975,0
236,1976,0
236,1977,0
236,1978,0
236,1979,0
236,1980,0
236,1981,0
236,1982,0
236,1983,0
236,1984,0
236,1985,0
236,1986,0
236,1987,0
236,1988,0
236,1989,0
236,1990,0
236,1991,0
236,1992,36
236,1993,1
236,1994,45
236,1995,0
236,1996,0
236,1997,0
236,1998,11440
236,1999,577
236,2000,228
236,2001,162
236,2002,72
236,2003,40
236,2004,16
236,2005,34
236,2006,0
236,2007,0
236,2008,0
236,2009,0
236,2010,0
236,2011,0
236,2012,0
236,2013,1
237,2014,491
237,2015,232
237,2016,892
237,2017,534
237,2018,1299
237,2019,1583
238,2007,0
238,2008,0
238,2009,0
238,2010,2
238,2011,2
238,2012,0
238,2013,0
238,2014,0
238,2015,3
238,2016,0
238,2017,0
238,2018,1
238,2019,1
244,1961,0
244,1962,0
244,1963,0
244,1964,0
244,1965,0
244,1966,0
244,1967,0
244,1968,0
244,1969,0
244,1970,0
244,1971,0
244,1972,0
244,1973,0
244,1974,0
244,1975,0
244,1976,0
244,1977,0
244,1978,0
244,1979,0
244,1980,0
244,1981,0
244,1982,0
244,1983,0
244,1984,0
244,1985,0
244,1986,0
244,1987,0
244,1988,0
244,1989,0
244,1990,9
244,1991,0
244,1992,0
244,1993,0
244,1994,0
244,1995,0
244,1996,0
244,1997,0
244,1998,0
244,1999,0
244,2000,0
244,2001,0
244,2002,0
244,2003,0
244,2004,0
244,2005,0
244,2006,0
244,2007,0
244,2008,0
244,2009,0
244,2010,0
244,2011,0
244,2012,0
244,2013,0
244,2017,0
244,2018,1
248,1961,0
248,1962,0
248,1963,0
248,1964,0
248,1965,0
248,1966,0
248,1967,0
248,1968,0
248,1969,0
248,1970,1
248,1971,0
248,1972,0
248,1973,155
248,1974,548
248,1975,0
248,1976,1
248,1977,6
248,1978,8
248,1979,2
248,1980,2
248,1981,3
248,1982,4
248,1983,885
248,1984,967
248,1985,1034
248,1986,1053
248,1987,1004
248,1988,49
248,1989,22
248,1990,21
248,1991,0
248,1992,0
248,1993,0
248,1994,0
248,1995,0
248,1996,0
248,1997,0
248,1998,0
248,1999,0
248,2000,0
248,2001,0
248,2002,0
248,2003,0
248,2004,0
248,2005,0
248,2006,0
248,2007,0
248,2008,0
248,2009,0
248,2010,0
248,2011,0
248,2012,0
249,1961,0
249,1962,1
249,1963,1
249,1964,0
249,1965,9
249,1966,0
249,1967,4
249,1968,4
249,1969,4
249,1970,0
249,1971,0
249,1972,0
249,1973,0
249,1974,0
249,1975,0
249,1976,0
249,1977,0
249,1978,0
249,1979,0
249,1980,4
249,1981,0
249,1982,0
249,1983,0
249,1984,0
249,1985,0
249,1986,0
249,1987,0
249,1988,0
249,1989,0
249,1990,0
249,1991,0
249,1992,0
249,1993,0
249,1994,0
249,1995,0
249,1996,0
249,1997,0
249,1998,26
249,1999,0
249,2000,0
249,2001,0
249,2002,0
249,2003,15
249,2004,0
249,2005,14
249,2006,0
249,2007,0
249,2008,0
249,2009,3
249,2010,0
249,2011,23
249,2012,35
249,2013,26
249,2014,10
249,2015,26
249,2016,1
249,2017,0
250,2015,2
250,2016,2
250,2017,4
251,1995,0
251,2000,18
251,2001,222
251,2002,28
251,2003,28
251,2004,2
251,2005,23
251,2006,54
251,2007,0
251,2008,0
251,2009,0
251,2010,12
251,2011,12
251,2012,456
251,2013,429
251,2014,34
251,2015,3209
251,2016,0
251,2017,1052
251,2018,286
251,2019,275
255,2000,63621
255,2001,47280
255,2002,32096
255,2003,44114
255,2004,51730
255,2005,58138
255,2006,115785
255,2007,115961
255,2008,108384
255,2009,101873
255,2010,105360
255,2011,109748
255,2012,96871
255,2013,67069
255,2014,72283
255,2015,73821
255,2016,89109
255,2017,92585
255,2018,89929
255,2019,86819
256,2000,0
256,2001,0
256,2002,1
256,2003,1
256,2004,4
256,2005,10
256,2006,16
256,2007,6
256,2008,27
256,2009,11
256,2010,11
256,2011,34
256,2012,39
256,2013,51
256,2014,3
256,2015,14
256,2016,25
256,2017,27
256,2018,5
256,2019,5
26,1961,0
26,1962,0
26,1963,0
26,1964,0
26,1965,0
26,1966,0
26,1967,0
26,1968,1
26,1969,0
26,1970,0
26,1971,0
26,1972,0
26,1973,0
26,1974,0
26,1975,0
26,1976,0
26,1977,1
26,1978,1
26,1979,1
26,1980,0
26,1981,1
26,1982,0
26,1983,0
26,1984,0
26,1985,0
26,1986,1
26,1987,1
26,1988,1
26,1989,1
26,1990,1
26,1991,1
26,1992,1
26,1993,1
26,1994,1
26,1995,1
26,1996,1
26,1997,0
26,1998,0
26,1999,1
26,2000,1
26,2001,0
26,2002,0
26,2003,0
26,2004,0
26,2005,0
26,2006,0
26,2007,0
26,2008,0
26,2009,0
26,2010,0
26,2011,0
26,2012,0
26,2013,6
26,2014,3
26,2015,4
26,2016,3
26,2017,13
26,2018,18
26,2019,27
27,1994,23
27,1995,11
27,1996,245
27,1997,10
27,1998,4623
27,1999,200
27,2000,600
27,2001,2392
27,2002,2457
27,2003,2250
27,2004,2787
27,2005,2769
27,2006,2006
27,2007,267
27,2008,253
27,2009,23
27,2010,303
27,2011,306
27,2012,50
27,2013,43
27,2014,82
27,2015,82
27,2016,91
27,2017,135
27,2018,188
27,2019,228
272,2006,144
272,2007,52
272,2008,106
272,2009,114
272,2010,62
272,2011,17
272,2012,32
272,2013,5
272,2014,36
272,2015,66
272,2016,138
272,2017,32
272,2018,350
272,2019,767
273,2006,239
273,2011,0
273,2012,0
273,2013,0
273,2014,0
273,2015,0
273,2016,0
273,2017,0
273,2018,0
273,2019,0
276,2017,0
276,2018,0
277,2019,0
28,1961,0
28,1962,0
28,1963,0
28,1964,0
28,1965,0
28,1966,0
28,1967,0
28,1968,0
28,1969,0
28,1970,0
28,1971,0
28,1972,0
28,1973,0
28,1974,0
28,1975,0
28,1976,0
28,1977,0
28,1978,0
28,1979,0
28,1980,0
28,1981,0
28,1982,0
28,1983,0
28,1984,0
28,1985,0
28,1986,0
28,1987,0
28,1988,0
28,1989,0
28,1990,0
28,1991,590
28,1992,0
28,1993,0
28,1994,0
28,1995,0
28,1996,0
28,1997,0
28,1998,2700
28,1999,0
28,2000,8
28,2001,100
28,2002,86
28,2003,0
28,2004,392
28,2005,1026
28,2006,16
28,2007,51
28,2008,135
28,2009,2398
28,2010,277
28,2011,5
28,2012,367
28,2013,806
29,2013,1
29,2014,1
29,2017,2
29,2018,0
29,2019,4
299,1998,9
299,1999,0
299,2000,0
299,2014,16
299,2015,16
299,2016,17
299,2017,14
299,2018,14
299,2019,0
3,1999,0
3,2000,35
3,2001,5
3,2002,0
3,2003,0
3,2004,0
3,2005,0
3,2006,0
3,2007,3
3,2008,0
3,2009,0
3,2010,4
3,2011,32
3,2012,86
3,2013,78
32,1961,0
32,1962,0
32,1963,0
32,1964,0
32,1965,0
32,1966,0
32,1967,0
32,1968,0
32,1969,0
32,1970,0
32,1971,26
32,1972,44
32,1973,27
32,1974,9
32,1975,1
32,1976,1
32,1977,0
32,1978,2
32,1979,0
32,1980,0
32,1981,0
32,1982,0
32,1983,0
32,1984,8
32,1985,57
32,1986,4
32,1987,1
32,1988,42
32,1989,21
32,1990,0
32,1991,0
32,1992,0
32,1993,0
32,1995,2
32,1996,0
32,1997,0
32,1998,0
32,1999,0
32,2000,0
32,2001,0
32,2002,0
32,2003,0
32,2004,2
32,2005,0
32,2006,0
32,2007,0
32,2008,12
32,2009,0
32,2010,0
32,2011,0
32,2012,15
32,2013,15
32,2016,0
32,2018,5
32,2019,0
33,1961,0
33,1962,0
33,1963,0
33,1964,0
33,1965,0
33,1966,0
33,1967,0
33,1968,0
33,1969,0
33,1970,0
33,1971,0
33,1972,0
33,1973,0
33,1974,0
33,1975,0
33,1976,0
33,1977,0
33,1978,0
33,1979,0
33,1980,0
33,1981,0
33,1982,0
33,1983,0
33,1984,0
33,1985,0
33,1986,0
33,1987,0
33,1988,21963
33,1989,248
33,1990,13
33,1991,137
33,1992,1238
33,1993,5258
33,1994,6572
33,1995,4801
33,1996,4077
33,1997,4282
33,1998,7433
33,1999,10385
33,2000,11435
33,2001,11152
33,2002,11519
33,2003,16655
33,2004,39339
33,2005,45369
33,2006,23183
33,2007,8584
33,2008,7925
33,2009,6867
33,2010,11553
33,2011,9311
33,2012,11295
33,2013,8363
33,2014,8553
33,2015,7494
33,2016,8237
33,2017,8783
33,2018,10195
33,2019,7514
35,2006,0
35,2007,0
35,2008,0
35,2009,0
35,2010,0
35,2011,0
35,2012,0
35,2013,0
35,2014,0
35,2015,0
35,2016,1
351,1961,984
351,1962,1539
351,1963,1643
351,1964,825
351,1965,189
351,1966,108
351,1967,216
351,1968,270
351,1969,663
351,1970,391
351,1971,415
351,1972,3007
351,1973,550
351,1974,721
351,1975,1186
351,1976,2492
351,1977,1884
351,1978,1336
351,1979,2847
351,1980,791
351,1981,1585
351,1982,382
351,1983,533
351,1984,910
351,1985,1379
351,1986,14909
351,1987,19694
351,1988,12914
351,1989,21615
351,1990,10680
351,1991,10086
351,1992,13427
351,1993,12728
351,1994,10967
351,1995,12472
351,1996,15895
351,1997,11141
351,1998,9595
351,1999,11663
351,2000,14073
351,2001,17675
351,2002,21319
351,2003,26121
351,2004,41007
351,2005,45889
351,2006,69750
351,2007,98968
351,2008,134564
351,2009,144922
351,2010,215433
351,2011,299853
351,2012,306272
351,2013,336817
351,2014,382827
351,2015,334722
351,2016,413393
351,2017,450965
351,2018,471690
351,2019,499959
38,1961,0
38,1962,0
38,1963,0
38,1964,0
38,1965,0
38,1966,0
38,1967,0
38,1968,0
38,1969,0
38,1970,0
38,1971,0
38,1972,0
38,1973,0
38,1974,30
38,1975,13
38,1976,6
38,1977,7
38,1978,42
38,1979,41
38,1980,1
38,1981,18
38,1982,16
38,1983,22
38,1984,24
38,1985,28
38,1986,29
38,1987,13
38,1988,853
38,1989,36
38,1990,0
38,1991,10
38,1992,6
38,1993,1
38,1994,3
38,1995,23
38,1996,60
38,1997,37
38,1998,91
38,1999,86
38,2000,200
38,2001,188
38,2002,254
38,2003,231
38,2004,259
38,2005,218
38,2006,71
38,2007,115
38,2008,286
38,2009,361
38,2010,263
38,2011,295
38,2012,431
38,2013,391
38,2014,329
38,2015,333
38,2016,301
38,2017,336
38,2018,505
38,2019,302
4,2007,2
4,2009,5
4,2010,1
4,2011,2
4,2012,24
4,2013,13
4,2014,26
4,2015,33
4,2016,23
4,2017,41
4,2018,1
4,2019,1
40,1961,0
40,1962,0
40,1963,0
40,1964,0
40,1965,0
40,1966,0
40,1967,0
40,1968,0
40,1969,0
40,1970,0
40,1971,0
40,1972,0
40,1973,0
40,1974,0
40,1975,0
40,1976,0
40,1977,0
40,1978,0
40,1979,0
40,1980,181
40,1981,162
40,1982,1
40,1983,0
40,1984,0
40,1985,2
40,1986,0
40,1987,10
40,1988,56
40,1989,2
40,1990,3
40,1991,5
40,1992,30
40,1993,54
40,1994,20
40,1995,5
40,1996,10
40,1997,5
40,1998,1548
40,1999,2061
40,2000,106
40,2001,209
40,2002,73
40,2003,26
40,2004,86
40,2005,32
40,2006,129
40,2007,3050
40,2008,2422
40,2009,4848
40,2010,6562
40,2011,7156
40,2012,9352
40,2013,9980
40,2014,6267
40,2015,7102
40,2016,9067
40,2017,9831
40,2018,8546
40,2019,7777
41,1961,0
41,1962,0
41,1963,0
41,1964,0
41,1965,0
41,1966,0
41,1967,0
41,1968,0
41,1969,0
41,1970,0
41,1971,0
41,1972,0
41,1973,0
41,1974,0
41,1975,0
41,1976,0
41,1977,0
41,1978,0
41,1979,0
41,1980,0
41,1981,0
41,1982,0
41,1983,0
41,1984,0
41,1985,0
41,1986,13483
41,1987,17946
41,1988,10366
41,1989,19697
41,1990,8876
41,1991,8193
41,1992,11421
41,1993,10764
41,1994,7889
41,1995,7981
41,1996,11823
41,1997,8480
41,1998,7524
41,1999,9310
41,2000,12178
41,2001,15837
41,2002,19213
41,2003,22551
41,2004,38353
41,2005,44779
41,2006,68239
41,2007,97300
41,2008,131697
41,2009,141889
41,2010,210563
41,2011,293332
41,2012,300936
41,2013,332438
41,2014,378271
41,2015,329936
41,2016,408440
41,2017,446060
41,2018,466286
41,2019,492569
44,1961,0
44,1962,0
44,1963,0
44,1964,0
44,1965,0
44,1966,0
44,1967,0
44,1968,0
44,1969,0
44,1970,2
44,1971,0
44,1972,0
44,1973,0
44,1974,0
44,1975,86
44,1976,0
44,1977,0
44,1978,0
44,1979,0
44,1980,0
44,1981,0
44,1982,0
44,1983,0
44,1984,0
44,1985,0
44,1986,2
44,1987,18
44,1988,0
44,1989,0
44,1990,16
44,1991,8
44,1992,275
44,1993,578
44,1994,137
44,1995,18
44,1996,91
44,1997,7
44,1998,59
44,1999,214
44,2000,269
44,2001,347
44,2002,1087
44,2003,3149
44,2004,6875
44,2005,32222
44,2006,1865
44,2007,625
44,2008,492
44,2009,405
44,2010,398
44,2011,413
44,2012,568
44,2013,546
44,2014,502
44,2015,546
44,2016,530
44,2017,754
44,2018,788
44,2019,409
45,2019,2
46,2007,1
46,2009,0
46,2010,0
46,2011,0
46,2012,0
46,2013,0
46,2014,0
46,2015,0
46,2016,0
46,2017,1
48,1961,0
48,1962,0
48,1963,0
48,1964,0
48,1965,0
48,1966,0
48,1967,0
48,1968,0
48,1969,0
48,1970,0
48,1971,0
48,1972,0
48,1973,0
48,1974,0
48,1975,0
48,1976,0
48,1977,0
48,1978,0
48,1979,0
48,1980,0
48,1981,0
48,1982,0
48,1983,0
48,1984,0
48,1985,0
48,1986,75
48,1987,3
48,1988,1
48,1989,3
48,1990,0
48,1991,4
48,1992,18
48,1993,8
48,1994,2
48,1995,3
48,1996,3
48,1997,3
48,1998,79
48,1999,522
48,2000,1503
48,2001,897
48,2002,782
48,2003,591
48,2004,984
48,2005,1104
48,2006,1517
48,2007,1429
48,2008,1023
48,2009,1171
48,2010,1198
48,2011,1127
48,2012,30
48,2013,43
48,2014,827
48,2015,1856
48,2016,780
48,2017,141
48,2018,1625
48,2019,2140
49,1961,45
49,1962,154
49,1963,633
49,1964,1133
49,1965,1071
49,1966,533
49,1967,1066
49,1968,142
49,1969,400
49,1970,832
49,1971,773
49,1972,974
49,1973,968
49,1974,1203
49,1975,645
49,1976,691
49,1977,737
49,1978,1393
49,1979,2488
49,1980,2758
49,1981,3522
49,1982,4175
49,1983,4461
49,1984,8972
49,1985,7559
49,1986,7897
49,1987,6626
49,1988,6717
49,1989,7792
49,1999,0
49,2001,0
49,2002,0
49,2003,0
49,2004,0
49,2005,0
49,2006,0
49,2007,0
49,2008,0
49,2009,0
49,2010,0
49,2011,0
49,2012,0
49,2013,0
50,1961,0
50,1962,0
50,1963,0
50,1964,0
50,1965,0
50,1966,0
50,1967,0
50,1968,0
50,1969,0
50,1970,0
50,1971,0
50,1972,0
50,1973,0
50,1974,0
50,1975,0
50,1976,0
50,1977,0
50,1978,0
50,1979,0
50,1980,0
50,1981,0
50,1982,0
50,1983,3
50,1984,13
50,1985,6
50,1986,1
50,1987,14
50,1988,31
50,1989,190
50,1990,188
50,1991,277
50,1992,245
50,1993,272
50,1994,76
50,1995,99
50,1996,66
50,1997,14
50,1998,18
50,1999,18
50,2000,3
50,2001,24
50,2002,28
50,2003,38
50,2004,26
50,2005,4
50,2006,5
50,2007,1
50,2008,0
50,2009,6
50,2010,1
50,2011,2
50,2012,10
50,2013,14
50,2014,1
50,2015,1
50,2016,7
50,2017,2
50,2018,0
50,2019,1
5000,1961,27659
5000,1962,32421
5000,1963,40996
5000,1964,36095
5000,1965,85113
5000,1966,61208
5000,1967,53902
5000,1968,74985
5000,1969,46912
5000,1970,55396
5000,1971,63023
5000,1972,63087
5000,1973,69034
5000,1974,84147
5000,1975,73714
5000,1976,61899
5000,1977,102133
5000,1978,86648
5000,1979,98688
5000,1980,109251
5000,1981,104133
5000,1982,77871
5000,1983,81975
5000,1984,155289
5000,1985,401112
5000,1986,463699
5000,1987,254207
5000,1988,345673
5000,1989,359643
5000,1990,191878
5000,1991,151658
5000,1992,167438
5000,1993,335508
5000,1994,212855
5000,1995,322752
5000,1996,358168
5000,1997,253522
5000,1998,315492
5000,1999,358965
5000,2000,418005
5000,2001,440903
5000,2002,457708
5000,2003,495204
5000,2004,610358
5000,2005,647175
5000,2006,735231
5000,2007,726192
5000,2008,755856
5000,2009,744009
5000,2010,865105
5000,2011,994852
5000,2012,984387
5000,2013,984643
5000,2014,1133261
5000,2015,1189189
5000,2016,1359801
5000,2017,1403422
5000,2018,1471190
5000,2019,1661668
51,1961,0
51,1962,0
51,1963,0
51,1964,0
51,1965,0
51,1966,0
51,1967,271
51,1968,150
51,1969,0
51,1970,2
51,1971,111
51,1972,252
51,1973,237
51,1974,96
51,1975,117
51,1976,150
51,1977,3
51,1978,0
51,1979,0
51,1980,0
51,1981,400
51,1982,0
51,1983,0
51,1984,0
51,1985,0
51,1986,0
51,1987,0
51,1988,0
51,1989,0
51,1990,0
51,1991,0
51,1992,0
51,1993,0
51,1994,0
51,1995,0
51,1996,0
51,1997,0
51,1998,0
51,1999,0
51,2000,0
51,2001,0
51,2002,0
51,2003,0
51,2004,0
51,2005,0
51,2006,0
51,2007,0
51,2008,0
51,2009,0
51,2010,0
51,2011,0
51,2012,0
5100,1961,2853
5100,1962,3415
5100,1963,4788
5100,1964,4948
5100,1965,2635
5100,1966,2817
5100,1967,3964
5100,1968,4273
5100,1969,3559
5100,1970,2819
5100,1971,3907
5100,1972,3868
5100,1973,5109
5100,1974,5563
5100,1975,4803
5100,1976,2533
5100,1977,2738
5100,1978,3073
5100,1979,3823
5100,1980,4767
5100,1981,3945
5100,1982,1794
5100,1983,1716
5100,1984,1150
5100,1985,25464
5100,1986,1846
5100,1987,1117
5100,1988,964
5100,1989,1704
5100,1990,1468
5100,1991,2249
5100,1992,4892
5100,1993,2966
5100,1994,1744
5100,1995,1874
5100,1996,4386
5100,1997,7902
5100,1998,8882
5100,1999,5515
5100,2000,10493
5100,2001,8536
5100,2002,15280
5100,2003,16673
5100,2004,28106
5100,2005,24185
5100,2006,16009
5100,2007,8547
5100,2008,8400
5100,2009,8900
5100,2010,7912
5100,2011,9007
5100,2012,7820
5100,2013,13984
5100,2014,10174
5100,2015,14505
5100,2016,12279
5100,2017,15891
5100,2018,13161
5100,2019,20117
5101,1961,4
5101,1962,10
5101,1963,4
5101,1964,4
5101,1965,8
5101,1966,9
5101,1967,16
5101,1968,18
5101,1969,4
5101,1970,5
5101,1971,2
5101,1972,7
5101,1973,21
5101,1974,1
5101,1975,0
5101,1976,0
5101,1977,0
5101,1978,8
5101,1979,0
5101,1980,115
5101,1981,14
5101,1982,25
5101,1983,129
5101,1984,38
5101,1985,62
5101,1986,12
5101,1987,95
5101,1988,59
5101,1989,32
5101,1990,23
5101,1991,2
5101,1992,591
5101,1993,35
5101,1994,24
5101,1995,27
5101,1996,24
5101,1997,8
5101,1998,106
5101,1999,478
5101,2000,755
5101,2001,230
5101,2002,957
5101,2003,454
5101,2004,189
5101,2005,1491
5101,2006,613
5101,2007,894
5101,2008,364
5101,2009,61
5101,2010,79
5101,2011,62
5101,2012,520
5101,2013,474
5101,2014,166
5101,2015,3240
5101,2016,10
5101,2017,1132
5101,2018,331
5101,2019,384
5102,1961,0
5102,1962,0
5102,1963,102
5102,1964,0
5102,1965,1
5102,1966,1
5102,1967,1
5102,1968,0
5102,1969,0
5102,1970,0
5102,1971,26
5102,1972,44
5102,1973,27
5102,1974,9
5102,1975,1
5102,1976,1
5102,1977,0
5102,1978,2
5102,1979,0
5102,1980,0
5102,1981,0
5102,1982,0
5102,1983,0
5102,1984,8
5102,1985,57
5102,1986,4
5102,1987,1
5102,1988,42
5102,1989,21
5102,1990,0
5102,1991,0
5102,1992,0
5102,1993,0
5102,1994,0
5102,1995,2
5102,1996,0
5102,1997,0
5102,1998,0
5102,1999,0
5102,2000,0
5102,2001,0
5102,2002,0
5102,2003,0
5102,2004,2
5102,2005,0
5102,2006,0
5102,2007,1
5102,2008,12
5102,2009,0
5102,2010,0
5102,2011,0
5102,2012,15
5102,2013,15
5102,2014,0
5102,2015,2
5102,2016,2
5102,2017,5
5102,2018,9
5102,2019,0
5103,1961,76
5103,1962,47
5103,1963,7
5103,1964,21
5103,1965,23
5103,1966,42
5103,1967,5
5103,1968,0
5103,1969,4
5103,1970,0
5103,1971,0
5103,1972,3
5103,1973,50
5103,1974,187
5103,1975,0
5103,1976,0
5103,1977,0
5103,1978,13
5103,1979,0
5103,1980,0
5103,1981,0
5103,1982,0
5103,1983,0
5103,1984,0
5103,1985,0
5103,1986,12
5103,1987,108
5103,1988,313
5103,1989,781
5103,1990,412
5103,1991,629
5103,1992,467
5103,1993,323
5103,1994,152
5103,1995,110
5103,1996,194
5103,1997,170
5103,1998,189
5103,1999,287
5103,2000,361
5103,2001,342
5103,2002,261
5103,2003,248
5103,2004,1642
5103,2005,522
5103,2006,9
5103,2007,642
5103,2008,609
5103,2009,801
5103,2010,518
5103,2011,2198
5103,2012,656
5103,2013,882
5103,2014,1202
5103,2015,1004
5103,2016,1616
5103,2017,1747
5103,2018,1376
5103,2019,1944
5104,1961,2773
5104,1962,3358
5104,1963,4675
5104,1964,4923
5104,1965,2603
5104,1966,2765
5104,1967,3942
5104,1968,4255
5104,1969,3494
5104,1970,2814
5104,1971,3864
5104,1972,3793
5104,1973,4989
5104,1974,5200
5104,1975,4800
5104,1976,2500
5104,1977,2700
5104,1978,3015
5104,1979,3800
5104,1980,4500
5104,1981,3400
5104,1982,1503
5104,1983,1401
5104,1984,1102
5104,1985,25247
5104,1986,1720
5104,1987,815
5104,1988,450
5104,1989,638
5104,1990,805
5104,1991,1505
5104,1992,3806
5104,1993,2600
5104,1994,1545
5104,1995,1701
5104,1996,4152
5104,1997,7617
5104,1998,8487
5104,1999,4698
5104,2000,9352
5104,2001,7860
5104,2002,13990
5104,2003,15926
5104,2004,26210
5104,2005,22067
5104,2006,15369
5104,2007,7010
5104,2008,7415
5104,2009,7471
5104,2010,7127
5104,2011,6740
5104,2012,6625
5104,2013,12585
5104,2014,8794
5104,2015,9686
5104,2016,10556
5104,2017,12917
5104,2018,11257
5104,2019,17671
5105,1961,0
5105,1962,0
5105,1963,0
5105,1964,0
5105,1965,0
5105,1966,0
5105,1967,0
5105,1968,0
5105,1969,57
5105,1970,0
5105,1971,15
5105,1972,21
5105,1973,22
5105,1974,166
5105,1975,2
5105,1976,32
5105,1977,38
5105,1978,35
5105,1979,23
5105,1980,152
5105,1981,531
5105,1982,266
5105,1983,186
5105,1984,2
5105,1985,98
5105,1986,98
5105,1987,98
5105,1988,100
5105,1989,232
5105,1990,228
5105,1991,113
5105,1992,28
5105,1993,8
5105,1994,23
5105,1995,34
5105,1996,16
5105,1997,107
5105,1998,100
5105,1999,52
5105,2000,26
5105,2001,104
5105,2002,72
5105,2003,45
5105,2004,63
5105,2005,105
5105,2006,18
5105,2007,0
5105,2008,0
5105,2009,567
5105,2010,188
5105,2011,7
5105,2012,4
5105,2013,28
5105,2014,12
5105,2015,573
5105,2016,95
5105,2017,90
5105,2018,188
5105,2019,118
52,2015,19
52,2018,0
52,2019,0
5200,1961,976
5200,1962,976
5200,1963,1727
5200,1964,3917
5200,1965,24788
5200,1966,40936
5200,1967,28968
5200,1968,40084
5200,1969,13136
5200,1970,13939
5200,1971,15495
5200,1972,8897
5200,1973,8611
5200,1974,25734
5200,1975,23969
5200,1976,24330
5200,1977,19348
5200,1978,30050
5200,1979,49376
5200,1980,42935
5200,1981,49746
5200,1982,31306
5200,1983,41624
5200,1984,113309
5200,1985,320460
5200,1986,382742
5200,1987,157150
5200,1988,261616
5200,1989,268617
5200,1990,105772
5200,1991,52659
5200,1992,41146
5200,1993,43273
5200,1994,57707
5200,1995,94767
5200,1996,110133
5200,1997,52420
5200,1998,114280
5200,1999,120259
5200,2000,101131
5200,2001,129467
5200,2002,94506
5200,2003,116657
5200,2004,151267
5200,2005,177385
5200,2006,114762
5200,2007,111900
5200,2008,129258
5200,2009,104798
5200,2010,178519
5200,2011,183199
5200,2012,169209
5200,2013,144724
5200,2014,167889
5200,2015,162384
5200,2016,198758
5200,2017,200183
5200,2018,194136
5200,2019,177591
5203,1961,896
5203,1962,724
5203,1963,998
5203,1964,1067
5203,1965,23470
5203,1966,40270
5203,1967,19786
5203,1968,33235
5203,1969,12376
5203,1970,12956
5203,1971,14601
5203,1972,7285
5203,1973,7383
5203,1974,24201
5203,1975,22076
5203,1976,16063
5203,1977,9570
5203,1978,22454
5203,1979,37327
5203,1980,28548
5203,1981,43632
5203,1982,21824
5203,1983,28463
5203,1984,26078
5203,1985,42269
5203,1986,15021
5203,1987,14821
5203,1988,41634
5203,1989,15895
5203,1990,12082
5203,1991,11485
5203,1992,13732
5203,1993,19527
5203,1994,24730
5203,1995,76820
5203,1996,90455
5203,1997,38574
5203,1998,79083
5203,1999,90582
5203,2000,73250
5203,2001,103798
5203,2002,83777
5203,2003,96027
5203,2004,110079
5203,2005,103455
5203,2006,63623
5203,2007,54127
5203,2008,55677
5203,2009,55192
5203,2010,76853
5203,2011,97738
5203,2012,98587
5203,2013,87715
5203,2014,89022
5203,2015,116018
5203,2016,116233
5203,2017,125996
5203,2018,102996
5203,2019,97124
5204,1961,29
5204,1962,18
5204,1963,35
5204,1964,1644
5204,1965,216
5204,1966,129
5204,1967,8085
5204,1968,6695
5204,1969,278
5204,1970,48
5204,1971,53
5204,1972,396
5204,1973,91
5204,1974,217
5204,1975,245
5204,1976,193
5204,1977,83
5204,1978,91
5204,1979,68
5204,1980,144
5204,1981,101
5204,1982,197
5204,1983,740
5204,1984,50
5204,1985,276
5204,1986,141
5204,1987,84
5204,1988,1114
5204,1989,1223
5204,1990,401
5204,1991,1375
5204,1992,1983
5204,1993,2922
5204,1994,3857
5204,1995,5053
5204,1996,7374
5204,1997,3661
5204,1998,7414
5204,1999,4272
5204,2000,17775
5204,2001,16578
5204,2002,3975
5204,2003,3776
5204,2004,2844
5204,2005,5720
5204,2006,6886
5204,2007,28869
5204,2008,16739
5204,2009,17070
5204,2010,67474
5204,2011,38196
5204,2012,25272
5204,2013,26784
5204,2014,49173
5204,2015,15601
5204,2016,47914
5204,2017,37361
5204,2018,49951
5204,2019,45456
5206,1961,51
5206,1962,234
5206,1963,694
5206,1964,1206
5206,1965,1102
5206,1966,537
5206,1967,1097
5206,1968,154
5206,1969,482
5206,1970,933
5206,1971,841
5206,1972,1206
5206,1973,1137
5206,1974,1316
5206,1975,760
5206,1976,774
5206,1977,841
5206,1978,1523
5206,1979,2850
5206,1980,2827
5206,1981,3561
5206,1982,4224
5206,1983,4518
5206,1984,22918
5206,1985,18715
5206,1986,27054
5206,1987,20852
5206,1988,25541
5206,1989,31908
5206,1990,31988
5206,1991,16756
5206,1992,21807
5206,1993,14889
5206,1994,23496
5206,1995,6096
5206,1996,3037
5206,1997,15
5206,1998,26
5206,1999,32
5206,2000,18
5206,2001,5
5206,2002,208
5206,2003,149
5206,2004,9
5206,2005,26
5206,2006,14
5206,2007,19
5206,2008,199
5206,2009,1036
5206,2010,227
5206,2011,102
5206,2012,605
5206,2013,954
5206,2014,621
5206,2015,465
5206,2016,1131
5206,2017,552
5206,2018,966
5206,2019,607
5207,1961,0
5207,1962,0
5207,1963,0
5207,1964,0
5207,1965,0
5207,1966,0
5207,1967,0
5207,1968,0
5207,1969,0
5207,1970,2
5207,1971,0
5207,1972,10
5207,1973,0
5207,1974,0
5207,1975,888
5207,1976,7300
5207,1977,8854
5207,1978,5982
5207,1979,9131
5207,1980,11416
5207,1981,2452
5207,1982,5061
5207,1983,7903
5207,1984,64263
5207,1985,259200
5207,1986,340526
5207,1987,121393
5207,1988,193327
5207,1989,219591
5207,1990,61301
5207,1991,23043
5207,1992,3624
5207,1993,5935
5207,1994,5624
5207,1995,6798
5207,1996,9267
5207,1997,10170
5207,1998,27757
5207,1999,25373
5207,2000,10087
5207,2001,9086
5207,2002,6546
5207,2003,16705
5207,2004,38335
5207,2005,68184
5207,2006,44239
5207,2007,28885
5207,2008,56643
5207,2009,31500
5207,2010,33965
5207,2011,47163
5207,2012,44745
5207,2013,29271
5207,2014,29073
5207,2015,30300
5207,2016,33480
5207,2017,36274
5207,2018,40223
5207,2019,34404
53,2016,0
53,2017,1
53,2018,1
5300,1961,5331
5300,1962,7183
5300,1963,11267
5300,1964,2804
5300,1965,1142
5300,1966,4868
5300,1967,3833
5300,1968,7717
5300,1969,9525
5300,1970,11977
5300,1971,10182
5300,1972,11693
5300,1973,11831
5300,1974,16693
5300,1975,13399
5300,1976,12876
5300,1977,11743
5300,1978,9841
5300,1979,9377
5300,1980,8127
5300,1981,8879
5300,1982,7357
5300,1983,6166
5300,1984,7986
5300,1985,9408
5300,1986,22102
5300,1987,27676
5300,1988,28359
5300,1989,41980
5300,1990,30457
5300,1991,33824
5300,1992,53144
5300,1993,66135
5300,1994,48608
5300,1995,52832
5300,1996,70895
5300,1997,48521
5300,1998,46704
5300,1999,49666
5300,2000,53343
5300,2001,66261
5300,2002,85070
5300,2003,104245
5300,2004,114141
5300,2005,135268
5300,2006,139269
5300,2007,155713
5300,2008,194062
5300,2009,216140
5300,2010,293756
5300,2011,374865
5300,2012,393427
5300,2013,431247
5300,2014,493414
5300,2015,470868
5300,2016,569835
5300,2017,635608
5300,2018,695091
5300,2019,876232
5301,1995,2
5301,2000,34
5301,2001,2
5301,2002,2
5301,2003,1
5301,2004,2
5301,2005,2
5301,2006,1
5301,2007,2
5301,2008,1
5301,2009,28
5301,2010,1
5301,2011,4
5301,2012,2
5301,2013,2
5301,2014,61
5301,2015,13
5301,2016,41
5301,2017,9
5301,2018,8
5301,2019,15
5302,1961,1013
5302,1962,1574
5302,1963,1767
5302,1964,905
5302,1965,365
5302,1966,726
5302,1967,1607
5302,1968,5083
5302,1969,5848
5302,1970,7497
5302,1971,7057
5302,1972,9515
5302,1973,8706
5302,1974,6882
5302,1975,9553
5302,1976,9164
5302,1977,7659
5302,1978,5650
5302,1979,5142
5302,1980,3409
5302,1981,4379
5302,1982,3247
5302,1983,3337
5302,1984,3513
5302,1985,4150
5302,1986,17429
5302,1987,22280
5302,1988,19433
5302,1989,33467
5302,1990,21712
5302,1991,22703
5302,1992,26709
5302,1993,25941
5302,1994,28729
5302,1995,29910
5302,1996,34041
5302,1997,31442
5302,1998,25880
5302,1999,29099
5302,2000,28631
5302,2001,32499
5302,2002,50265
5302,2003,66678
5302,2004,76759
5302,2005,82367
5302,2006,105726
5302,2007,111068
5302,2008,145571
5302,2009,156295
5302,2010,227476
5302,2011,312215
5302,2012,321389
5302,2013,359530
5302,2014,416064
5302,2015,365905
5302,2016,443837
5302,2017,478925
5302,2018,507451
5302,2019,532428
5303,1961,130
5303,1962,170
5303,1963,350
5303,1964,1312
5303,1965,83
5303,1966,379
5303,1967,279
5303,1968,267
5303,1969,283
5303,1970,296
5303,1971,126
5303,1972,179
5303,1973,198
5303,1974,832
5303,1975,966
5303,1976,869
5303,1977,917
5303,1978,1085
5303,1979,670
5303,1980,1312
5303,1981,649
5303,1982,785
5303,1983,493
5303,1984,1916
5303,1985,897
5303,1986,627
5303,1987,1124
5303,1988,2251
5303,1989,1114
5303,1990,854
5303,1991,1328
5303,1992,3239
5303,1993,3330
5303,1994,3208
5303,1995,1931
5303,1996,15384
5303,1997,3128
5303,1998,2246
5303,1999,2733
5303,2000,4669
5303,2001,10762
5303,2002,3018
5303,2003,4302
5303,2004,3362
5303,2005,1561
5303,2006,1750
5303,2007,1430
5303,2008,2268
5303,2009,2530
5303,2010,2495
5303,2011,3728
5303,2012,4358
5303,2013,4938
5303,2014,4830
5303,2015,6165
5303,2016,6192
5303,2017,7030
5303,2018,12231
5303,2019,14013
5304,1961,4188
5304,1962,5436
5304,1963,9123
5304,1964,567
5304,1965,622
5304,1966,3288
5304,1967,1315
5304,1968,2007
5304,1969,2935
5304,1970,3112
5304,1971,2346
5304,1972,1985
5304,1973,2665
5304,1974,8827
5304,1975,2831
5304,1976,2795
5304,1977,3127
5304,1978,3035
5304,1979,3225
5304,1980,2750
5304,1981,3478
5304,1982,2950
5304,1983,2043
5304,1984,2317
5304,1985,3931
5304,1986,3577
5304,1987,3945
5304,1988,5281
5304,1989,5653
5304,1990,5715
5304,1991,6999
5304,1992,14203
5304,1993,10346
5304,1994,11331
5304,1995,9227
5304,1996,14737
5304,1997,12070
5304,1998,17144
5304,1999,17088
5304,2000,19156
5304,2001,22223
5304,2002,30982
5304,2003,29743
5304,2004,32310
5304,2005,41837
5304,2006,29047
5304,2007,39435
5304,2008,43781
5304,2009,53936
5304,2010,59514
5304,2011,53710
5304,2012,63992
5304,2013,63369
5304,2014,69075
5304,2015,95330
5304,2016,115572
5304,2017,136690
5304,2018,144560
5304,2019,308868
5305,1961,0
5305,1962,3
5305,1963,27
5305,1964,20
5305,1965,72
5305,1966,475
5305,1967,632
5305,1968,360
5305,1969,459
5305,1970,1072
5305,1971,653
5305,1972,14
5305,1973,262
5305,1974,152
5305,1975,49
5305,1976,48
5305,1977,40
5305,1978,71
5305,1979,340
5305,1980,656
5305,1981,373
5305,1982,375
5305,1983,293
5305,1984,240
5305,1985,430
5305,1986,469
5305,1987,327
5305,1988,1394
5305,1989,1746
5305,1990,2176
5305,1991,2794
5305,1992,8993
5305,1993,26518
5305,1994,5340
5305,1995,11762
5305,1996,6733
5305,1997,1881
5305,1998,1434
5305,1999,746
5305,2000,854
5305,2001,775
5305,2002,803
5305,2003,3521
5305,2004,1708
5305,2005,9501
5305,2006,2745
5305,2007,3778
5305,2008,2441
5305,2009,3351
5305,2010,4270
5305,2011,5208
5305,2012,3686
5305,2013,3408
5305,2014,3384
5305,2015,3455
5305,2016,4193
5305,2017,12954
5305,2018,30841
5305,2019,20908
54,1961,261
54,1962,234
54,1963,303
54,1964,736
54,1965,302
54,1966,316
54,1967,266
54,1968,272
54,1969,372
54,1970,529
54,1971,524
54,1972,685
54,1973,680
54,1974,1085
54,1975,634
54,1976,697
54,1977,683
54,1978,481
54,1979,564
54,1980,670
54,1981,700
54,1982,929
54,1983,831
54,1984,969
54,1985,1056
54,1986,4953
54,1987,7088
54,1988,5167
54,1989,1803
54,1990,2062
54,1991,2265
54,1992,2178
54,1993,2118
54,1994,1544
54,1995,1648
54,1996,1869
54,1997,2156
54,1998,613
54,1999,1132
54,2000,1580
54,2001,2074
54,2002,1794
54,2003,2881
54,2004,2830
54,2005,2587
54,2006,1917
54,2007,1520
54,2008,2195
54,2009,1412
54,2010,1596
54,2011,1458
54,2012,1887
54,2013,2675
54,2014,3201
54,2015,3273
54,2016,2369
54,2017,2027
54,2018,3510
54,2019,2991
5400,1961,18496
5400,1962,20833
5400,1963,23161
5400,1964,24381
5400,1965,56528
5400,1966,12485
5400,1967,16903
5400,1968,19808
5400,1969,17687
5400,1970,26576
5400,1971,27927
5400,1972,30813
5400,1973,42002
5400,1974,33453
5400,1975,29892
5400,1976,21939
5400,1977,66697
5400,1978,42665
5400,1979,34832
5400,1980,39078
5400,1981,39559
5400,1982,36387
5400,1983,31408
5400,1984,32011
5400,1985,44905
5400,1986,56315
5400,1987,66640
5400,1988,52484
5400,1989,46207
5400,1990,53155
5400,1991,61889
5400,1992,67410
5400,1993,222497
5400,1994,104041
5400,1995,172273
5400,1996,162443
5400,1997,134072
5400,1998,133009
5400,1999,181170
5400,2000,242865
5400,2001,235087
5400,2002,260235
5400,2003,254271
5400,2004,307654
5400,2005,307754
5400,2006,463320
5400,2007,447443
5400,2008,416080
5400,2009,408317
5400,2010,374565
5400,2011,423839
5400,2012,412395
5400,2013,385870
5400,2014,446924
5400,2015,520751
5400,2016,555399
5400,2017,529094
5400,2018,551075
5400,2019,569778
5401,1961,0
5401,1962,0
5401,1963,0
5401,1964,0
5401,1965,0
5401,1966,0
5401,1967,271
5401,1968,150
5401,1969,0
5401,1970,2
5401,1971,111
5401,1972,252
5401,1973,237
5401,1974,96
5401,1975,117
5401,1976,150
5401,1977,3
5401,1978,0
5401,1979,0
5401,1980,0
5401,1981,400
5401,1982,0
5401,1983,0
5401,1984,0
5401,1985,0
5401,1986,0
5401,1987,0
5401,1988,0
5401,1989,0
5401,1990,0
5401,1991,327
5401,1992,101
5401,1993,62760
5401,1994,16272
5401,1995,50247
5401,1996,46904
5401,1997,8164
5401,1998,22707
5401,1999,33235
5401,2000,45205
5401,2001,54545
5401,2002,63899
5401,2003,39640
5401,2004,30009
5401,2005,39358
5401,2006,72060
5401,2007,64713
5401,2008,36320
5401,2009,29229
5401,2010,33060
5401,2011,34219
5401,2012,44042
5401,2013,52337
5401,2014,51955
5401,2015,83980
5401,2016,59102
5401,2017,55741
5401,2018,48141
5401,2019,50684
5402,1961,1275
5402,1962,1515
5402,1963,3752
5402,1964,3912
5402,1965,3700
5402,1966,4177
5402,1967,9501
5402,1968,11070
5402,1969,11928
5402,1970,20176
5402,1971,20359
5402,1972,19868
5402,1973,29806
5402,1974,19579
5402,1975,13193
5402,1976,6162
5402,1977,21382
5402,1978,22184
5402,1979,18191
5402,1980,22422
5402,1981,19929
5402,1982,19146
5402,1983,13953
5402,1984,13002
5402,1985,18509
5402,1986,27082
5402,1987,38389
5402,1988,23292
5402,1989,18344
5402,1990,17553
5402,1991,15766
5402,1992,16781
5402,1993,20985
5402,1994,20762
5402,1995,13565
5402,1996,13864
5402,1997,13973
5402,1998,23544
5402,1999,27016
5402,2000,30651
5402,2001,38468
5402,2002,57894
5402,2003,57003
5402,2004,109499
5402,2005,54503
5402,2006,44070
5402,2007,54843
5402,2008,63832
5402,2009,63450
5402,2010,51929
5402,2011,52477
5402,2012,42054
5402,2013,37142
5402,2014,32657
5402,2015,30076
5402,2016,32306
5402,2017,32766
5402,2018,35427
5402,2019,50455
5403,1961,46
5403,1962,373
5403,1963,31
5403,1964,45
5403,1965,744
5403,1966,968
5403,1967,49
5403,1968,160
5403,1969,57
5403,1970,160
5403,1971,352
5403,1972,397
5403,1973,1118
5403,1974,1152
5403,1975,616
5403,1976,490
5403,1977,832
5403,1978,1030
5403,1979,2541
5403,1980,1537
5403,1981,2296
5403,1982,2032
5403,1983,2371
5403,1984,2127
5403,1985,2134
5403,1986,2077
5403,1987,2752
5403,1988,3939
5403,1989,5115
5403,1990,6016
5403,1991,10338
5403,1992,11882
5403,1993,11761
5403,1994,11301
5403,1995,16785
5403,1996,19654
5403,1997,25544
5403,1998,27628
5403,1999,23787
5403,2000,41975
5403,2001,23706
5403,2002,23926
5403,2003,23379
5403,2004,27327
5403,2005,52557
5403,2006,72730
5403,2007,57533
5403,2008,52227
5403,2009,37594
5403,2010,25996
5403,2011,16256
5403,2012,22388
5403,2013,22882
5403,2014,30111
5403,2015,37525
5403,2016,52216
5403,2017,44251
5403,2018,38794
5403,2019,40439
5404,1961,17175
5404,1962,18945
5404,1963,19378
5404,1964,20424
5404,1965,52084
5404,1966,7340
5404,1967,7082
5404,1968,8428
5404,1969,5702
5404,1970,6238
5404,1971,7105
5404,1972,10296
5404,1973,10841
5404,1974,12626
5404,1975,15966
5404,1976,15137
5404,1977,44480
5404,1978,19451
5404,1979,14100
5404,1980,15119
5404,1981,16934
5404,1982,15209
5404,1983,15084
5404,1984,16882
5404,1985,24262
5404,1986,27156
5404,1987,25499
5404,1988,25253
5404,1989,22748
5404,1990,29586
5404,1991,35458
5404,1992,38646
5404,1993,126991
5404,1994,55706
5404,1995,91676
5404,1996,82021
5404,1997,86391
5404,1998,59130
5404,1999,97132
5404,2000,125034
5404,2001,118368
5404,2002,114516
5404,2003,134249
5404,2004,140819
5404,2005,161336
5404,2006,274460
5404,2007,270354
5404,2008,263701
5404,2009,278044
5404,2010,263580
5404,2011,320887
5404,2012,303911
5404,2013,273509
5404,2014,332201
5404,2015,369170
5404,2016,411775
5404,2017,396336
5404,2018,428713
5404,2019,428200
55,1961,0
55,1962,0
55,1963,0
55,1964,0
55,1965,0
55,1966,0
55,1967,0
55,1968,0
55,1969,0
55,1970,0
55,1971,0
55,1972,0
55,1973,0
55,1974,0
55,1975,0
55,1976,0
55,1977,0
55,1978,0
55,1979,0
55,1980,0
55,1981,0
55,1982,0
55,1983,8
55,1984,20
55,1985,11
55,1986,7
55,1987,4
55,1988,23
55,1989,19
55,1990,35
55,1991,60
55,1992,2
55,1993,7
55,1994,9
55,1995,0
55,1996,1
55,1997,0
55,1998,0
55,1999,0
55,2000,0
55,2001,0
55,2002,0
55,2003,0
55,2004,0
55,2005,0
55,2006,0
55,2007,0
55,2008,0
55,2009,0
55,2010,0
55,2011,0
55,2012,0
55,2013,0
55,2014,0
55,2016,0
5500,1961,3
5500,1962,14
5500,1963,53
5500,1964,45
5500,1965,20
5500,1966,102
5500,1967,234
5500,1968,3103
5500,1969,3005
5500,1970,85
5500,1971,5512
5500,1972,7816
5500,1973,1481
5500,1974,2704
5500,1975,1651
5500,1976,221
5500,1977,1607
5500,1978,1019
5500,1979,1280
5500,1980,14344
5500,1981,2004
5500,1982,1027
5500,1983,1061
5500,1984,833
5500,1985,875
5500,1986,694
5500,1987,1624
5500,1988,2250
5500,1989,1135
5500,1990,1026
5500,1991,1037
5500,1992,846
5500,1993,637
5500,1994,755
5500,1995,1006
5500,1996,10311
5500,1997,10607
5500,1998,12617
5500,1999,2355
5500,2000,10173
5500,2001,1552
5500,2002,2617
5500,2003,3358
5500,2004,9190
5500,2005,2583
5500,2006,1871
5500,2007,2589
5500,2008,8056
5500,2009,5854
5500,2010,10353
5500,2011,3942
5500,2012,1536
5500,2013,8818
5500,2014,14860
5500,2015,20681
5500,2016,23530
5500,2017,22646
5500,2018,17727
5500,2019,17950
5501,1961,0
5501,1962,12
5501,1963,53
5501,1964,37
5501,1965,20
5501,1966,102
5501,1967,234
5501,1968,3103
5501,1969,3005
5501,1970,79
5501,1971,5511
5501,1972,7816
5501,1973,1478
5501,1974,2703
5501,1975,1650
5501,1976,221
5501,1977,1607
5501,1978,1018
5501,1979,1278
5501,1980,14336
5501,1981,2003
5501,1982,1026
5501,1983,1061
5501,1984,833
5501,1985,872
5501,1986,686
5501,1987,1623
5501,1988,2249
5501,1989,1126
5501,1990,1012
5501,1991,1036
5501,1992,830
5501,1993,637
5501,1994,743
5501,1995,1006
5501,1996,10299
5501,1997,10607
5501,1998,12617
5501,1999,2355
5501,2000,10169
5501,2001,1551
5501,2002,2617
5501,2003,3348
5501,2004,9190
5501,2005,2553
5501,2006,1871
5501,2007,2589
5501,2008,8056
5501,2009,5853
5501,2010,10353
5501,2011,3942
5501,2012,1536
5501,2013,8818
5501,2014,14860
5501,2015,20679
5501,2016,23530
5501,2017,22645
5501,2018,17726
5501,2019,17948
5502,1961,3
5502,1962,2
5502,1963,0
5502,1964,8
5502,1965,0
5502,1966,0
5502,1967,0
5502,1968,0
5502,1969,0
5502,1970,6
5502,1971,1
5502,1972,0
5502,1973,3
5502,1974,1
5502,1975,1
5502,1976,0
5502,1977,0
5502,1978,1
5502,1979,2
5502,1980,8
5502,1981,1
5502,1982,1
5502,1983,0
5502,1984,0
5502,1985,3
5502,1986,8
5502,1987,1
5502,1988,1
5502,1989,9
5502,1990,3
5502,1991,1
5502,1992,16
5502,1993,0
5502,1994,12
5502,1995,0
5502,1996,12
5502,1997,0
5502,1998,0
5502,1999,0
5502,2000,4
5502,2001,1
5502,2002,0
5502,2003,10
5502,2004,0
5502,2005,30
5502,2006,0
5502,2007,0
5502,2008,0
5502,2009,1
5502,2010,0
5502,2011,0
5502,2012,0
5502,2013,0
5502,2014,0
5502,2015,2
5502,2016,0
5502,2017,1
5502,2018,0
5502,2019,2
5504,1961,0
5504,1962,0
5504,1963,0
5504,1964,0
5504,1965,0
5504,1966,0
5504,1967,0
5504,1968,0
5504,1969,0
5504,1970,0
5504,1971,0
5504,1972,0
5504,1973,0
5504,1974,0
5504,1975,0
5504,1976,0
5504,1977,0
5504,1978,0
5504,1979,0
5504,1980,0
5504,1981,0
5504,1982,0
5504,1983,0
5504,1984,0
5504,1985,0
5504,1986,0
5504,1987,0
5504,1988,0
5504,1989,0
5504,1990,11
5504,1991,0
5504,1992,0
5504,1993,0
5504,1994,0
5504,1995,0
5504,1996,0
5504,1997,0
5504,1998,0
5504,1999,0
5504,2000,0
5504,2001,0
5504,2002,0
5504,2003,0
5504,2004,0
5504,2005,0
5504,2006,0
5504,2007,0
5504,2008,0
5504,2009,0
5504,2010,0
5504,2011,0
5504,2012,0
5504,2013,0
5504,2014,0
5504,2015,0
5504,2016,0
5504,2017,0
5504,2018,1
5504,2019,0
56,1961,0
56,1962,0
56,1963,0
56,1964,0
56,1965,0
56,1966,0
56,1967,0
56,1968,0
56,1969,0
56,1970,0
56,1971,0
56,1972,0
56,1973,0
56,1974,0
56,1975,0
56,1976,0
56,1977,0
56,1978,0
56,1979,0
56,1980,0
56,1981,0
56,1982,0
56,1983,0
56,1984,13219
56,1985,11066
56,1986,19146
56,1987,14219
56,1988,18773
56,1989,24086
56,1990,31937
56,1991,16692
56,1992,21804
56,1993,14879
56,1994,23484
56,1995,6085
56,1996,3022
56,1997,9
56,1998,0
56,1999,1
56,2000,9
56,2001,0
56,2002,88
56,2003,53
56,2004,6
56,2005,0
56,2006,0
56,2007,0
56,2008,4
56,2009,1
56,2010,8
56,2011,8
56,2012,187
56,2013,584
56,2014,100
56,2015,125
56,2016,471
56,2017,80
56,2018,475
56,2019,155
57,1998,26
57,1999,13
57,2000,1100
57,2001,3
57,2002,1415
57,2003,11
57,2004,0
57,2005,1
57,2006,0
57,2007,1
57,2008,0
57,2009,22
57,2010,28
57,2011,77
57,2012,57
57,2013,103
57,2014,7
57,2015,60
57,2016,13
57,2017,10
57,2018,10
57,2019,33
5706,1961,18469
5706,1962,20806
5706,1963,23113
5706,1964,24329
5706,1965,56427
5706,1966,12405
5706,1967,16566
5706,1968,19571
5706,1969,17569
5706,1970,26469
5706,1971,27720
5706,1972,30452
5706,1973,41495
5706,1974,32646
5706,1975,29636
5706,1976,21598
5706,1977,66488
5706,1978,42392
5706,1979,34673
5706,1980,38937
5706,1981,39050
5706,1982,36305
5706,1983,30417
5706,1984,30946
5706,1985,43661
5706,1986,55065
5706,1987,65417
5706,1988,52401
5706,1989,46300
5706,1990,53238
5706,1991,62032
5706,1992,66343
5706,1993,221653
5706,1994,97354
5706,1995,136994
5706,1996,125646
5706,1997,128494
5706,1998,115375
5706,1999,161452
5706,2000,219878
5706,2001,202776
5706,2002,230954
5706,2003,222360
5706,2004,302074
5706,2005,292543
5706,2006,437951
5706,2007,379970
5706,2008,378908
5706,2009,395092
5706,2010,373930
5706,2011,423082
5706,2012,411515
5706,2013,385000
5706,2014,446130
5706,2015,519022
5706,2016,552615
5706,2017,526564
5706,2018,547777
5706,2019,566083
5707,1961,17492
5707,1962,19542
5707,1963,20410
5707,1964,21640
5707,1965,53827
5707,1966,9577
5707,1967,9363
5707,1968,10755
5707,1969,8084
5707,1970,8542
5707,1971,8364
5707,1972,11627
5707,1973,12818
5707,1974,14462
5707,1975,17463
5707,1976,16563
5707,1977,46171
5707,1978,21228
5707,1979,18253
5707,1980,19345
5707,1981,21811
5707,1982,20804
5707,1983,23111
5707,1984,24313
5707,1985,30180
5707,1986,41909
5707,1987,49635
5707,1988,36823
5707,1989,29970
5707,1990,38005
5707,1991,48812
5707,1992,52255
5707,1993,204144
5707,1994,80034
5707,1995,127424
5707,1996,118308
5707,1997,121244
5707,1998,95201
5707,1999,142050
5707,2000,198464
5707,2001,178173
5707,2002,202470
5707,2003,194091
5707,2004,258756
5707,2005,261619
5707,2006,411862
5707,2007,357871
5707,2008,355780
5707,2009,371396
5707,2010,345156
5707,2011,401302
5707,2012,397617
5707,2013,373927
5707,2014,430042
5707,2015,504628
5707,2016,538542
5707,2017,509063
5707,2018,531139
5707,2019,541569
58,1996,153
58,1997,0
58,1998,0
58,1999,0
58,2000,0
58,2001,0
58,2002,0
58,2003,1
58,2004,0
58,2005,45
58,2006,5
58,2007,0
58,2008,1
58,2009,1
58,2010,3
58,2011,15
58,2012,17
58,2013,25
58,2014,9
58,2015,26
58,2016,21
58,2017,34
58,2018,14
58,2019,15
5801,1961,4
5801,1962,872
5801,1963,8535
5801,1964,4
5801,1965,18
5801,1966,10
5801,1967,121
5801,1968,1246
5801,1969,463
5801,1970,8
5801,1971,128
5801,1972,10
5801,1973,21
5801,1974,302
5801,1975,0
5801,1976,0
5801,1977,1
5801,1978,8
5801,1979,0
5801,1980,119
5801,1981,0
5801,1982,2
5801,1983,23
5801,1984,0
5801,1985,4
5801,1986,28
5801,1987,0
5801,1988,2
5801,1989,69
5801,1990,48
5801,1991,629
5801,1992,28
5801,1993,8
5801,1994,23
5801,1995,22
5801,1996,7
5801,1997,105
5801,1998,2845
5801,1999,53
5801,2000,97
5801,2001,401
5801,2002,214
5801,2003,97
5801,2004,429
5801,2005,1137
5801,2006,76
5801,2007,82
5801,2008,145
5801,2009,2458
5801,2010,303
5801,2011,46
5801,2012,864
5801,2013,1359
5801,2014,189
5801,2015,3332
5801,2016,216
5801,2017,1381
5801,2018,572
5801,2019,1357
5802,1961,4
5802,1962,4
5802,1963,4
5802,1964,4
5802,1965,7
5802,1966,8
5802,1967,8
5802,1968,5
5802,1969,2
5802,1970,2
5802,1971,2
5802,1972,4
5802,1973,0
5802,1974,0
5802,1975,0
5802,1976,0
5802,1977,0
5802,1978,15
5802,1979,0
5802,1980,1
5802,1981,14
5802,1982,39
5802,1983,139
5802,1984,40
5802,1985,78
5802,1986,34
5802,1987,108
5802,1988,57
5802,1989,79
5802,1990,13
5802,1991,32
5802,1992,11
5802,1993,20
5802,1994,899
5802,1995,102
5802,1996,38
5802,1997,4176
5802,1998,4065
5802,1999,1550
5802,2000,6883
5802,2001,3156
5802,2002,15782
5802,2003,10873
5802,2004,22056
5802,2005,25061
5802,2006,7509
5802,2007,6021
5802,2008,5705
5802,2009,5794
5802,2010,5656
5802,2011,5530
5802,2012,5961
5802,2013,4965
5802,2014,5315
5802,2015,11147
5802,2016,7769
5802,2017,10651
5802,2018,8881
5802,2019,15822
5803,1961,4054
5803,1962,4603
5803,1963,1301
5803,1964,1718
5803,1965,1505
5803,1966,1532
5803,1967,2241
5803,1968,883
5803,1969,1188
5803,1970,1775
5803,1971,1213
5803,1972,1309
5803,1973,1309
5803,1974,1548
5803,1975,841
5803,1976,909
5803,1977,1041
5803,1978,1870
5803,1979,3377
5803,1980,3429
5803,1981,4113
5803,1982,5046
5803,1983,5318
5803,1984,23483
5803,1985,19220
5803,1986,27636
5803,1987,21613
5803,1988,26537
5803,1989,32344
5803,1990,32454
5803,1991,17161
5803,1992,22674
5803,1993,15395
5803,1994,24198
5803,1995,7606
5803,1996,6698
5803,1997,2058
5803,1998,1479
5803,1999,1639
5803,2000,1809
5803,2001,1459
5803,2002,1197
5803,2003,1601
5803,2004,676
5803,2005,1081
5803,2006,1945
5803,2007,1877
5803,2008,4341
5803,2009,3428
5803,2010,2982
5803,2011,3532
5803,2012,3407
5803,2013,2455
5803,2014,1981
5803,2015,2078
5803,2016,2077
5803,2017,2046
5803,2018,5641
5803,2019,2875
5815,1961,134
5815,1962,175
5815,1963,355
5815,1964,1304
5815,1965,150
5815,1966,211
5815,1967,192
5815,1968,74
5815,1969,167
5815,1970,217
5815,1971,132
5815,1972,113
5815,1973,100
5815,1974,452
5815,1975,185
5815,1976,96
5815,1977,98
5815,1978,74
5815,1979,80
5815,1980,305
5815,1981,576
5815,1982,378
5815,1983,348
5815,1984,345
5815,1985,226
5815,1986,203
5815,1987,212
5815,1988,231
5815,1989,274
5815,1990,298
5815,1991,458
5815,1992,2786
5815,1993,2538
5815,1994,1567
5815,1995,588
5815,1996,14167
5815,1997,1733
5815,1998,776
5815,1999,1610
5815,2000,3746
5815,2001,8706
5815,2002,1880
5815,2003,2766
5815,2004,1589
5815,2005,2112
5815,2006,1674
5815,2007,2033
5815,2008,1972
5815,2009,3054
5815,2010,53552
5815,2011,13183
5815,2012,3837
5815,2013,4438
5815,2014,45780
5815,2015,14291
5815,2016,46892
5815,2017,39026
5815,2018,55694
5815,2019,55236
5817,1961,131
5817,1962,1159
5817,1963,9236
5817,1964,1251
5817,1965,1236
5817,1966,1309
5817,1967,2011
5817,1968,1961
5817,1969,1638
5817,1970,1940
5817,1971,1673
5817,1972,1388
5817,1973,1426
5817,1974,2389
5817,1975,1613
5817,1976,1639
5817,1977,1842
5817,1978,4075
5817,1979,6835
5817,1980,6084
5817,1981,5369
5817,1982,6091
5817,1983,5193
5817,1984,23882
5817,1985,19654
5817,1986,27726
5817,1987,22192
5817,1988,28176
5817,1989,33943
5817,1990,33273
5817,1991,19884
5817,1992,24025
5817,1993,16122
5817,1994,25333
5817,1995,7679
5817,1996,4550
5817,1997,5590
5817,1998,20169
5817,1999,3590
5817,2000,6846
5817,2001,6228
5817,2002,11156
5817,2003,12697
5817,2004,25293
5817,2005,19130
5817,2006,8765
5817,2007,9448
5817,2008,14832
5817,2009,14715
5817,2010,16375
5817,2011,30090
5817,2012,28711
5817,2013,28682
5817,2014,7811
5817,2015,13343
5817,2016,12032
5817,2017,14973
5817,2018,15532
5817,2019,19908
59,1961,76
59,1962,47
59,1963,7
59,1964,21
59,1965,23
59,1966,42
59,1967,0
59,1968,0
59,1969,0
59,1970,0
59,1971,0
59,1972,0
59,1973,50
59,1974,13
59,1975,0
59,1976,0
59,1977,0
59,1978,0
59,1979,0
59,1980,0
59,1981,0
59,1982,0
59,1983,0
59,1984,0
59,1985,0
59,1986,0
59,1987,0
59,1988,2
59,1989,520
59,1990,51
59,1991,14
59,1992,104
59,1993,181
59,1994,0
59,1995,0
59,1996,0
59,1997,0
59,1998,0
59,1999,24
59,2000,3
59,2001,0
59,2002,0
59,2003,38
59,2004,1196
59,2005,5
59,2006,0
59,2007,65
59,2008,94
59,2009,202
59,2010,49
59,2011,1732
59,2012,140
59,2013,233
59,2014,605
59,2015,210
59,2016,730
59,2017,44
59,2018,32
59,2019,492
60,1961,0
60,1962,0
60,1963,0
60,1964,0
60,1965,0
60,1966,23
60,1967,0
60,1968,0
60,1969,0
60,1970,0
60,1971,0
60,1972,0
60,1973,0
60,1974,0
60,1975,0
60,1976,0
60,1977,0
60,1978,0
60,1979,0
60,1980,0
60,1981,0
60,1982,0
60,1983,0
60,1984,0
60,1985,0
60,1986,0
60,1987,0
60,1988,0
60,1989,0
60,1990,0
60,1991,743
60,1992,0
60,1993,24
60,1994,6
60,1995,7
60,1996,5
60,1997,1
60,1998,40
60,1999,1
60,2000,2
60,2001,22
60,2002,0
60,2003,1
60,2004,0
60,2005,0
60,2006,0
60,2007,3
60,2008,0
60,2009,0
60,2010,3
60,2011,0
60,2012,2
60,2013,0
60,2014,3
60,2015,0
60,2016,0
60,2017,0
60,2018,0
60,2019,0
62,1961,0
62,1962,0
62,1963,0
62,1964,0
62,1965,0
62,1966,0
62,1967,0
62,1968,0
62,1969,0
62,1970,0
62,1971,0
62,1972,3
62,1973,21
62,1974,0
62,1975,0
62,1976,0
62,1977,0
62,1978,0
62,1979,0
62,1980,0
62,1981,0
62,1982,0
62,1983,0
62,1984,0
62,1985,0
62,1986,0
62,1987,0
62,1988,0
62,1989,0
62,1990,0
62,1991,0
62,1992,0
62,1993,0
62,1994,0
62,1995,0
62,1996,0
62,1997,0
62,1998,0
62,1999,0
62,2000,0
62,2001,0
62,2002,0
62,2003,0
62,2004,0
62,2005,0
62,2006,0
62,2007,0
62,2008,0
62,2009,0
62,2010,0
62,2011,0
62,2012,0
63,1961,0
63,1962,0
63,1963,0
63,1964,0
63,1965,0
63,1966,0
63,1967,0
63,1968,0
63,1969,0
63,1970,0
63,1971,0
63,1972,0
63,1973,0
63,1974,0
63,1975,0
63,1976,0
63,1977,0
63,1978,0
63,1979,0
63,1980,0
63,1981,0
63,1982,0
63,1983,0
63,1984,0
63,1985,0
63,1986,0
63,1987,0
63,1988,0
63,1989,0
63,1990,0
63,1991,0
63,1993,30
63,1994,52
63,1995,20
63,1996,3
63,1997,57
63,1998,56
63,1999,11
63,2000,5
63,2001,22
63,2002,103
63,2003,518
63,2004,118
63,2005,147
63,2006,30
63,2007,31
63,2008,87
63,2009,34
63,2010,148
63,2011,1904
63,2012,644
63,2013,26
63,2014,5
63,2015,3
63,2016,4
63,2017,2
63,2018,8
63,2019,13
66,1961,3
66,1962,2
66,1963,0
66,1964,8
66,1965,0
66,1966,0
66,1967,0
66,1968,0
66,1969,0
66,1970,0
66,1971,0
66,1972,0
66,1973,0
66,1974,0
66,1975,0
66,1976,0
66,1977,0
66,1978,0
66,1979,0
66,1980,7
66,1981,0
66,1982,0
66,1983,0
66,1984,0
66,1985,3
66,1986,0
66,1987,1
66,1988,1
66,1989,9
66,1990,3
66,1991,1
66,1992,2
66,1993,0
66,1994,12
66,1995,0
66,1996,12
66,1997,0
66,1998,0
66,1999,0
66,2000,4
66,2001,1
66,2002,0
66,2003,10
66,2004,0
66,2005,10
66,2006,0
66,2007,0
66,2008,0
66,2009,1
66,2010,0
66,2011,0
66,2012,0
66,2013,0
66,2014,0
66,2015,1
66,2017,1
66,2018,0
66,2019,2
67,1961,0
67,1962,10
67,1963,0
67,1964,0
67,1965,0
67,1966,0
67,1967,0
67,1968,0
67,1969,1
67,1970,79
67,1971,32
67,1972,31
67,1973,25
67,1974,228
67,1975,269
67,1976,300
67,1977,274
67,1978,303
67,1979,638
67,1980,1090
67,1981,611
67,1982,913
67,1983,3552
67,1984,3218
67,1985,3848
67,1986,8785
67,1987,15152
67,1988,125
67,1989,64
67,1990,68
67,1991,80
67,1992,62
67,1993,36
67,1994,70
67,1995,98
67,1996,571
67,1997,590
67,1998,1048
67,1999,1330
67,2000,1771
67,2001,3193
67,2002,3730
67,2003,3732
67,2004,2211
67,2005,1010
67,2006,5
67,2007,31
67,2008,10
67,2009,4
67,2010,30
67,2011,0
67,2012,0
67,2013,22
67,2014,2
67,2015,1
67,2016,0
67,2017,1
67,2018,1
67,2019,4
68,1961,2569
68,1962,2472
68,1963,2035
68,1964,462
68,1965,553
68,1966,537
68,1967,443
68,1968,577
68,1969,518
68,1970,1027
68,1971,1694
68,1972,2481
68,1973,2875
68,1974,3015
68,1975,4693
68,1976,4083
68,1977,5354
68,1978,6337
68,1979,5240
68,1980,6535
68,1981,5483
68,1982,5372
68,1983,4621
68,1984,5540
68,1985,3799
68,1986,5765
68,1987,5587
68,1988,2172
68,1989,2130
68,1990,4242
68,1991,8737
68,1992,8207
68,1993,34342
68,1994,3896
68,1995,5608
68,1996,5634
68,1997,6997
68,1998,7213
68,1999,12921
68,2000,14207
68,2001,15582
68,2002,21020
68,2003,22404
68,2004,25984
68,2005,43660
68,2006,51285
68,2007,70924
68,2008,64692
68,2009,94047
68,2010,76584
68,2011,80098
68,2012,90824
68,2013,87346
68,2014,112007
68,2015,133873
68,2016,133919
68,2017,131519
68,2018,141242
68,2019,137147
7,1961,0
7,1962,0
7,1963,102
7,1964,0
7,1965,1
7,1966,1
7,1967,1
7,1968,0
7,1969,0
7,1970,0
7,1971,0
7,1972,0
7,1973,0
7,1974,0
7,1975,0
7,1976,0
7,1977,0
7,1978,0
7,1979,0
7,1980,0
7,1981,0
7,1982,0
7,1983,0
7,1984,0
7,1985,0
7,1986,0
7,1987,0
7,1988,0
7,1989,0
7,1990,0
7,1991,0
7,1992,0
7,1993,0
7,1994,0
7,1995,0
7,1996,0
7,1997,0
7,1998,0
7,1999,0
7,2000,0
7,2001,0
7,2002,0
7,2003,0
7,2004,0
7,2005,0
7,2006,0
7,2007,0
7,2008,0
7,2009,0
7,2010,0
7,2011,0
7,2012,0
7,2013,0
7,2017,0
7,2018,0
7,2019,0
70,1961,0
70,1962,0
70,1963,0
70,1964,0
70,1965,0
70,1966,0
70,1967,0
70,1968,0
70,1969,0
70,1970,0
70,1971,0
70,1972,0
70,1973,0
70,1974,0
70,1975,0
70,1976,0
70,1977,0
70,1978,0
70,1979,0
70,1980,0
70,1981,0
70,1982,0
70,1983,0
70,1984,0
70,1985,0
70,1986,0
70,1987,0
70,1988,0
70,1989,0
70,1990,2
70,1991,0
70,1992,0
70,1993,0
70,1994,0
70,1995,0
70,1996,0
70,1997,0
70,1998,0
70,1999,0
70,2000,0
70,2001,0
70,2002,0
70,2003,0
70,2004,0
70,2005,0
70,2006,0
70,2007,0
70,2008,0
70,2009,0
70,2010,0
70,2011,0
70,2012,0
70,2013,0
70,2014,0
70,2015,0
70,2016,0
70,2018,0
73,2000,3
73,2007,27
73,2008,0
73,2009,0
73,2010,0
73,2011,4
73,2012,0
73,2013,2
73,2014,0
73,2015,2
73,2016,6
73,2017,12
73,2018,8
73,2019,41
74,1998,0
74,2018,4
75,2017,3
79,1961,0
79,1962,0
79,1963,0
79,1964,0
79,1965,0
79,1966,513
79,1967,1077
79,1968,545
79,1969,775
79,1970,631
79,1971,669
79,1972,1049
79,1973,1002
79,1974,1545
79,1975,1727
79,1976,2702
79,1977,4025
79,1978,6749
79,1979,2359
79,1980,2098
79,1981,4384
79,1982,4883
79,1983,4669
79,1984,5369
79,1985,11121
79,1986,11683
79,1987,8875
79,1988,7023
79,1989,9615
79,1990,9814
79,1991,9449
79,1992,12238
79,1993,67616
79,1994,29146
79,1995,14975
79,1996,10363
79,1997,15305
79,1998,15173
79,1999,22437
79,2000,27752
79,2001,23060
79,2002,31039
79,2003,31964
79,2004,28323
79,2005,27352
79,2006,61699
79,2007,26501
79,2008,30149
79,2009,31372
79,2010,31801
79,2011,38849
79,2012,34288
79,2013,35355
79,2014,44270
79,2015,55547
79,2016,75273
79,2017,54391
79,2018,63819
79,2019,67316
8,2005,19
8,2006,0
8,2007,0
8,2008,0
8,2009,0
8,2010,0
8,2011,0
8,2012,0
8,2013,0
80,1992,1150
80,1993,420
80,1994,20
80,1995,0
80,1996,0
80,1997,0
80,1998,0
80,1999,0
80,2000,0
80,2001,0
80,2002,9
80,2003,30
80,2004,21
80,2005,13206
80,2006,15197
80,2007,24641
80,2008,24966
80,2009,12402
80,2010,1
80,2011,0
80,2012,0
80,2013,53
80,2014,172
80,2015,470
80,2016,1553
80,2017,1149
80,2018,1169
80,2019,243
81,2014,0
81,2015,565
81,2017,1
84,1961,0
84,1962,328
84,1963,0
84,1964,0
84,1965,716
84,1966,904
84,1967,0
84,1968,0
84,1969,0
84,1970,2
84,1971,8
84,1972,7
84,1973,24
84,1974,114
84,1975,229
84,1976,124
84,1977,152
84,1978,0
84,1979,850
84,1980,32
84,1981,23
84,1982,38
84,1983,5
84,1984,5
84,1985,3
84,1986,10
84,1987,4
84,1988,1
84,1989,4
84,1990,5
84,1991,1
84,1992,0
84,1993,10
84,1994,5
84,1995,44
84,1996,27
84,1997,35
84,1998,48
84,1999,1181
84,2000,1056
84,2001,16
84,2002,21
84,2003,45
84,2004,78
84,2005,65
84,2006,72
84,2007,84
84,2008,75
84,2009,136
84,2010,125
84,2011,121
84,2012,35
84,2013,78
84,2014,82
84,2015,45
84,2016,102
84,2017,58
84,2018,128
84,2019,79
86,2006,0
86,2007,0
86,2008,0
86,2009,0
86,2010,0
86,2011,0
86,2012,0
86,2013,0
89,1961,0
89,1962,0
89,1963,1
89,1964,325
89,1965,0
89,1966,36
89,1967,70
89,1968,39
89,1969,29
89,1970,48
89,1971,43
89,1972,251
89,1973,91
89,1974,65
89,1975,86
89,1976,95
89,1977,60
89,1978,61
89,1979,68
89,1980,53
89,1981,43
89,1982,106
89,1983,30
89,1984,50
89,1985,39
89,1986,66
89,1987,37
89,1988,48
89,1989,242
89,1990,65
89,1991,48
89,1992,82
89,1993,96
89,1994,22
89,1995,0
89,1996,9
89,1997,18
89,1998,16
89,1999,27
89,2000,42
89,2001,48
89,2002,41
89,2003,292
89,2004,800
89,2005,298
89,2006,2060
89,2007,21593
89,2008,3617
89,2009,10257
89,2010,2811
89,2011,1401
89,2012,60
89,2013,75
89,2014,84
89,2015,144
89,2016,216
89,2017,326
89,2018,511
89,2019,449
9,1961,0
9,1962,0
9,1963,0
9,1964,0
9,1965,0
9,1966,0
9,1967,0
9,1968,0
9,1969,0
9,1970,0
9,1971,0
9,1972,0
9,1973,0
9,1974,0
9,1975,435
9,1976,6739
9,1977,8752
9,1978,3987
9,1979,5782
9,1980,2408
9,1981,829
9,1982,3566
9,1983,2352
9,1984,50
9,1985,137
9,1986,29
9,1987,1
9,1988,1
9,1989,12
9,1990,5
9,1991,32
9,1992,64
9,1993,419
9,1994,690
9,1995,1054
9,1996,1276
9,1997,1697
9,1998,1564
9,1999,6981
9,2000,5484
9,2001,1119
9,2002,2712
9,2003,4724
9,2004,4258
9,2005,6254
9,2006,6159
9,2007,5577
9,2008,4964
9,2009,9348
9,2010,18540
9,2011,16035
9,2012,15070
9,2013,15683
9,2014,11582
9,2015,8758
9,2016,8241
9,2017,7048
9,2018,10774
9,2019,12777
90,2016,36
90,2018,3
91,1961,0
91,1962,0
91,1963,0
91,1964,0
91,1965,0
91,1966,0
91,1967,0
91,1968,0
91,1969,0
91,1970,0
91,1971,0
91,1972,0
91,1973,0
91,1974,0
91,1975,0
91,1976,3
91,1977,2
91,1978,4
91,1979,0
91,1980,7
91,1981,0
91,1982,5
91,1983,0
91,1984,0
91,1985,0
91,1986,0
91,1987,0
91,1988,0
91,1989,0
91,1990,0
91,1991,0
91,1992,0
91,1993,0
91,1994,0
91,1995,0
91,1996,0
91,1997,0
91,1998,0
91,1999,1
91,2000,2
91,2001,1
91,2002,0
91,2003,0
91,2004,0
91,2005,0
91,2006,5
91,2007,0
91,2008,0
91,2009,0
91,2010,10
91,2011,7
91,2012,1
91,2013,7
91,2014,0
91,2015,0
91,2017,1
91,2018,1
91,2019,0
93,2015,0
93,2017,1
93,2018,2
95,1995,0
95,1996,0
95,1997,0
95,1998,0
95,1999,0
95,2000,9
95,2001,9
95,2002,0
95,2003,0
95,2004,0
95,2005,44
95,2006,139
95,2007,2019
95,2008,7518
95,2009,3392
95,2010,8817
95,2011,21429
95,2012,20283
95,2013,20283
95,2014,1
95,2016,1
95,2017,1
95,2018,5
95,2019,6
96,1961,977
96,1962,1530
96,1963,1642
96,1964,824
96,1965,140
96,1966,59
96,1967,137
96,1968,151
96,1969,352
96,1970,298
96,1971,292
96,1972,227
96,1973,431
96,1974,588
96,1975,798
96,1976,1972
96,1977,1467
96,1978,1253
96,1979,2533
96,1980,542
96,1981,1530
96,1982,133
96,1983,278
96,1984,345
96,1985,301
96,1986,482
96,1987,529
96,1988,628
96,1989,670
96,1990,703
96,1991,812
96,1992,929
96,1993,805
96,1994,1135
96,1995,1881
96,1996,1844
96,1997,1514
96,1998,1214
96,1999,1521
96,2000,1769
96,2001,805
96,2002,1487
96,2003,3172
96,2004,2272
96,2005,723
96,2006,952
96,2007,1086
96,2008,1732
96,2009,1077
96,2010,2562
96,2011,4134
96,2012,2501
96,2013,1986
96,2014,2037
96,2015,1989
96,2016,1742
96,2017,1522
96,2018,1871
96,2019,1219
97,1961,0
97,1962,0
97,1963,0
97,1964,0
97,1965,0
97,1966,0
97,1967,0
97,1968,0
97,1969,0
97,1970,0
97,1971,0
97,1972,0
97,1973,0
97,1974,0
97,1975,0
97,1976,0
97,1977,0
97,1978,0
97,1979,0
97,1980,0
97,1981,0
97,1982,0
97,1983,0
97,1984,0
97,1985,0
97,1986,0
97,1987,0
97,1988,0
97,1989,0
97,1990,0
97,1991,325
97,1992,75
97,1993,48
97,1994,3428
97,1995,14897
97,1996,9541
97,1997,2711
97,1998,27
97,1999,20
97,2000,61
97,2001,107
97,2002,91
97,2003,753
97,2004,73
97,2005,3767
97,2006,12894
97,2007,374
97,2008,19
97,2009,26
97,2010,31
97,2011,67
97,2012,95
97,2013,86
97,2014,59
97,2015,58
97,2016,158
97,2017,119
97,2018,231
97,2019,623
98,1961,0
98,1962,0
98,1963,0
98,1964,0
98,1965,0
98,1966,0
98,1967,0
98,1968,0
98,1969,0
98,1970,0
98,1971,0
98,1972,0
98,1973,0
98,1974,0
98,1975,0
98,1976,0
98,1977,0
98,1978,0
98,1979,0
98,1980,0
98,1981,0
98,1982,0
98,1983,0
98,1984,0
98,1985,0
98,1986,0
98,1987,0
98,1988,0
98,1989,0
98,1990,0
98,1991,0
98,1992,2
98,1993,1
98,1994,2
98,1995,2
98,1996,9
98,1997,12
98,1998,0
98,1999,16
98,2000,0
98,2001,0
98,2002,1
98,2003,21
98,2004,1230
98,2005,14646
98,2006,25303
98,2007,23
98,2008,24
98,2009,1
98,2010,2
98,2011,0
98,2012,4
98,2013,24
98,2014,95
98,2015,196
98,2016,316
98,2017,238
98,2018,416
98,2019,465
99,2000,22
99,2001,0
99,2002,0
99,2003,0
99,2004,0
99,2005,0
99,2006,0
99,2007,0
99,2008,0
99,2009,0
99,2010,0
99,2011,0
99,2012,0
99,2013,0
99,2015,0
99,2016,0
99,2017,0
