geo,year,gross_fixed_capital_formation_agriculture_forestry_and_fishing_value_us_2015_prices_ice
1,2000,110.7184
1,2001,72.70041
1,2002,74.79765
1,2003,65.61314
1,2004,83.98073
1,2005,108.81763
1,2006,153.18256
1,2007,149.20338
1,2008,111.17767
1,2009,109.60518
1,2010,114.68734
1,2011,123.30882
1,2012,131.67281
1,2013,111.05663
1,2014,102.59775
1,2015,107.76488
1,2016,106.6016
1,2017,110.03272
1,2018,144.85088
1,2019,124.00823
1,2020,133.81154
10,1995,6586.3786
10,1996,6916.78533
10,1997,7800.48914
10,1998,8410.65024
10,1999,8878.34399
10,2000,8777.55026
10,2001,9176.19051
10,2002,9126.92698
10,2003,10562.80271
10,2004,11264.51655
10,2005,11014.05633
10,2006,11775.32623
10,2007,11942.86389
10,2008,11869.56305
10,2009,9642.77258
10,2010,9860.14315
10,2011,9858.43917
10,2012,9776.04662
10,2013,9275.07498
10,2014,8848.79459
10,2015,8692.12279
10,2016,10377.31843
10,2017,9681.22834
10,2018,8093.01728
10,2019,7813.60895
10,2020,8043.49658
100,1995,14370.03877
100,1996,14837.64991
100,1997,15057.16862
100,1998,15163.98421
100,1999,16789.04367
100,2000,15652.95856
100,2001,20395.387
100,2002,19760.34673
100,2003,18436.84178
100,2004,21226.86765
100,2005,23645.64513
100,2006,25274.10886
100,2007,28910.17127
100,2008,35618.95465
100,2009,39116.88715
100,2010,39329.45905
100,2011,47194.18279
100,2012,44277.07713
100,2013,51431.88304
100,2014,49561.75602
100,2015,44805.19408
100,2016,51838.18256
100,2017,52842.67754
100,2018,55611.5889
100,2019,60054.24831
100,2020,63441.36328
101,1995,9481.81253
101,1996,10304.23629
101,1997,11225.48451
101,1998,9134.89896
101,1999,9872.98193
101,2000,9495.50218
101,2001,9981.03281
101,2002,10753.44831
101,2003,10534.4594
101,2004,10411.42938
101,2005,10290.95788
101,2006,10342.32743
101,2007,11488.32041
101,2008,12787.32035
101,2009,12867.62271
101,2010,13593.17962
101,2011,14246.75344
101,2012,15028.51975
101,2013,16060.41532
101,2014,16614.27996
101,2015,17717.29741
101,2016,18226.78867
101,2017,19280.98182
101,2018,19986.72588
101,2019,20392.93216
101,2020,21260.46289
102,1995,1804.48035
102,1996,1636.93804
102,1997,1625.63595
102,1998,1911.97611
102,1999,1774.33641
102,2000,1786.65629
102,2001,1940.41353
102,2002,1957.0461
102,2003,2008.93806
102,2004,2161.245
102,2005,2164.50363
102,2006,2359.23043
102,2007,2701.41235
102,2008,2595.48223
102,2009,2976.28768
102,2010,3049.66977
102,2011,2694.77385
102,2012,2902.16825
102,2013,3576.92819
102,2014,3798.39565
102,2015,3799.66841
102,2016,3624.49814
102,2017,3677.01182
102,2018,3745.63441
102,2019,3566.27322
102,2020,3741.56543
103,1995,256.67384
103,1996,282.49113
103,1997,227.43406
103,1998,224.04771
103,1999,160.98825
103,2000,161.89262
103,2001,375.89576
103,2002,363.53825
103,2003,155.69932
103,2004,31.74378
103,2005,274.03438
103,2006,693.05657
103,2007,16.02107
103,2008,37.88683
103,2009,11.30093
103,2010,289.34412
103,2011,355.73774
103,2012,824.61287
103,2013,461.13476
103,2014,323.38066
103,2015,182.84854
103,2016,316.56994
103,2017,592.85259
103,2018,463.43159
103,2019,481.19419
103,2020,487.09143
104,1995,1550.76851
104,1996,1635.62268
104,1997,1389.01808
104,1998,1144.8796
104,1999,936.61953
104,2000,1100.69372
104,2001,840.44722
104,2002,829.27271
104,2003,774.61829
104,2004,747.28483
104,2005,744.47033
104,2006,866.51958
104,2007,1334.27462
104,2008,2176.66604
104,2009,748.13398
104,2010,611.17493
104,2011,818.38459
104,2012,966.03464
104,2013,937.374
104,2014,1008.39365
104,2015,1146.03308
104,2016,1048.0919
104,2017,1072.51462
104,2018,1203.4949
104,2019,1367.21473
104,2020,1353.5918
105,1995,651.19026
105,1996,637.16887
105,1997,611.62557
105,1998,611.22494
105,1999,580.98622
105,2000,671.24255
105,2001,599.15732
105,2002,646.31167
105,2003,637.91131
105,2004,701.81095
105,2005,739.24468
105,2006,895.13449
105,2007,1002.48051
105,2008,725.91372
105,2009,703.86497
105,2010,805.95037
105,2011,849.18426
105,2012,763.89198
105,2013,690.0903
105,2014,716.64024
105,2015,720.95451
105,2016,644.86364
105,2017,703.53751
105,2018,601.49075
105,2019,681.49805
105,2020,690.01984
106,1995,9209.66099
106,1996,9030.29688
106,1997,9542.14674
106,1998,9960.61159
106,1999,10671.35641
106,2000,11878.32
106,2001,11075.57447
106,2002,11398.50093
106,2003,11287.9239
106,2004,11805.5191
106,2005,12135.09245
106,2006,12813.76404
106,2007,11906.32096
106,2008,10882.28053
106,2009,9255.00809
106,2010,9764.6871
106,2011,10693.88439
106,2012,9841.68372
106,2013,8126.18777
106,2014,8004.34726
106,2015,7993.15518
106,2016,8597.4192
106,2017,9868.68072
106,2018,11004.39591
106,2019,10960.33481
106,2020,11207.47461
107,1995,315.46357
107,1996,363.06742
107,1997,345.05443
107,1998,372.74886
107,1999,374.05008
107,2000,315.21551
107,2001,421.1276
107,2002,461.10648
107,2003,481.0489
107,2004,388.44333
107,2005,357.84094
107,2006,373.86703
107,2007,371.02221
107,2008,434.60603
107,2009,429.65519
107,2010,570.78659
107,2011,528.34013
107,2012,517.30364
107,2013,602.42289
107,2014,692.38327
107,2015,902.73564
107,2016,1142.96277
107,2017,1261.59789
107,2018,1599.24584
107,2019,1715.26182
107,2020,1823.56934
108,2000,295.12149
108,2001,328.22238
108,2002,332.42597
108,2003,365.0752
108,2004,399.16106
108,2005,434.30275
108,2006,471.78958
108,2007,565.55995
108,2008,582.74973
108,2009,631.49106
108,2010,547.96754
108,2011,616.8292
108,2012,624.43419
108,2013,689.05276
108,2014,704.20475
108,2015,768.66543
108,2016,757.12505
108,2017,803.9604
108,2018,833.67409
108,2019,922.0381
108,2020,959.24847
109,1995,44.7337
109,1996,41.66859
109,1997,42.07443
109,1998,36.89606
109,1999,33.4673
109,2000,34.99094
109,2001,35.8792
109,2002,34.70478
109,2003,32.62239
109,2004,33.59423
109,2005,36.77514
109,2006,36.29507
109,2007,33.08368
109,2008,34.70758
109,2009,32.15336
109,2010,30.86063
109,2011,33.53475
109,2012,33.39032
109,2013,35.40634
109,2014,35.76582
109,2015,36.85245
109,2016,36.80244
109,2017,38.60182
109,2018,39.12138
109,2019,41.79528
109,2020,41.23832
11,1995,2374.53025
11,1996,2577.16428
11,1997,2934.29415
11,1998,2673.2127
11,1999,2657.27221
11,2000,2539.8764
11,2001,2465.57907
11,2002,2481.9945
11,2003,2374.31672
11,2004,2399.36475
11,2005,2496.75099
11,2006,2331.57546
11,2007,2602.91305
11,2008,2845.03217
11,2009,2786.72641
11,2010,2694.98083
11,2011,2776.44987
11,2012,2848.52154
11,2013,2708.91653
11,2014,2308.7753
11,2015,2270.85859
11,2016,2086.3303
11,2017,2361.28444
11,2018,2464.93625
11,2019,2517.40104
11,2020,2525.32666
110,1995,27627.49537
110,1996,24904.91022
110,1997,24880.71844
110,1998,25420.11572
110,1999,23297.07686
110,2000,19748.59872
110,2001,18722.31514
110,2002,16711.99673
110,2003,16577.72182
110,2004,16582.05088
110,2005,16175.02453
110,2006,12950.33232
110,2007,12301.46185
110,2008,12098.79843
110,2009,11226.69809
110,2010,11354.65251
110,2011,10449.91532
110,2012,12093.3021
110,2013,13647.92877
110,2014,12392.82341
110,2015,13610.75023
110,2016,11869.7883
110,2017,16634.35337
110,2018,13086.73283
110,2019,13806.97584
110,2020,12443.53027
112,1995,97.84868
112,1996,110.24519
112,1997,100.77785
112,1998,116.62784
112,1999,77.71041
112,2000,107.7013
112,2001,76.41168
112,2002,59.61672
112,2003,48.13035
112,2004,40.42635
112,2005,44.5361
112,2006,92.04381
112,2007,56.81561
112,2008,77.97588
112,2009,70.37732
112,2010,47.90983
112,2011,45.53234
112,2012,57.53199
112,2013,71.01009
112,2014,84.85152
112,2015,85.68797
112,2016,152.22277
112,2017,243.339
112,2018,216.06172
112,2019,284.37831
112,2020,294.39023
113,2000,31.33062
113,2001,108.80025
113,2002,102.4711
113,2003,19.15019
113,2004,19.72795
113,2005,63.05437
113,2006,54.56527
113,2007,51.38542
113,2008,42.22111
113,2009,41.13267
113,2010,38.31747
113,2011,67.20994
113,2012,57.89555
113,2013,45.27005
113,2014,38.45814
113,2015,50.57234
113,2016,36.01786
113,2017,38.62336
113,2018,66.59557
113,2019,69.80639
113,2020,72.99093
114,1995,285.17155
114,1996,291.76112
114,1997,317.69456
114,1998,333.07154
114,1999,337.59753
114,2000,348.83865
114,2001,356.99345
114,2002,313.6291
114,2003,304.06761
114,2004,314.54373
114,2005,365.33246
114,2006,429.99518
114,2007,443.43731
114,2008,551.69806
114,2009,675.21655
114,2010,768.88464
114,2011,880.07435
114,2012,964.82659
114,2013,1023.34001
114,2014,1165.36483
114,2015,1440.15079
114,2016,1575.51743
114,2017,1958.88673
114,2018,2016.22712
114,2019,2147.84444
114,2020,2291.82837
115,1995,73.79287
115,1996,64.7676
115,1997,72.50947
115,1998,75.25829
115,1999,77.51857
115,2000,76.51934
115,2001,84.44432
115,2002,83.99419
115,2003,97.87197
115,2004,108.06042
115,2005,139.17842
115,2006,164.10228
115,2007,184.16632
115,2008,278.26898
115,2009,250.0658
115,2010,291.89266
115,2011,346.10617
115,2012,374.68685
115,2013,386.96935
115,2014,359.85266
115,2015,373.07958
115,2016,391.22721
115,2017,401.72122
115,2018,405.46742
115,2019,408.4422
115,2020,435.40668
117,1995,7571.2636
117,1996,9280.67943
117,1997,6194.18249
117,1998,4482.36824
117,1999,5516.48111
117,2000,6689.4042
117,2001,6471.98672
117,2002,6014.62752
117,2003,5484.72026
117,2004,4623.47326
117,2005,4821.86709
117,2006,5119.92357
117,2007,4888.32934
117,2008,4187.42654
117,2009,4507.77763
117,2010,4426.51419
117,2011,4601.10999
117,2012,4400.9156
117,2013,4288.05812
117,2014,4260.31422
117,2015,4488.2344
117,2016,4413.95181
117,2017,4795.53516
117,2018,4114.03648
117,2019,3544.79947
117,2020,3250.04712
118,1995,36.30067
118,1996,31.42285
118,1997,32.98483
118,1998,51.18781
118,1999,24.08263
118,2000,39.96255
118,2001,38.2405
118,2002,34.00591
118,2003,44.40742
118,2004,42.39718
118,2005,40.75485
118,2006,40.3425
118,2007,41.93322
118,2008,62.46994
118,2009,38.75359
118,2010,44.33877
118,2011,69.62803
118,2012,42.56041
118,2013,68.13611
118,2014,26.7708
118,2015,27.84293
118,2016,155.69611
118,2017,135.69921
118,2018,123.13557
118,2019,112.0011
118,2020,119.91897
119,1995,28.1527
119,1996,35.4601
119,1997,39.63843
119,1998,60.75745
119,1999,64.34519
119,2000,78.80429
119,2001,69.82287
119,2002,125.77118
119,2003,229.98014
119,2004,311.3309
119,2005,574.46888
119,2006,450.06772
119,2007,481.02176
119,2008,488.48233
119,2009,265.27095
119,2010,316.20235
119,2011,471.44528
119,2012,666.06349
119,2013,451.11373
119,2014,335.09616
119,2015,372.27934
119,2016,498.99313
119,2017,529.73449
119,2018,656.06623
119,2019,670.86157
119,2020,733.3067
12,1995,13.0294
12,1996,11.76088
12,1997,14.16164
12,1998,15.79385
12,1999,14.1721
12,2000,17.02126
12,2001,14.30211
12,2002,19.31588
12,2003,17.68567
12,2004,14.91421
12,2005,16.07004
12,2006,19.95462
12,2007,19.55439
12,2008,17.43905
12,2009,13.39199
12,2010,14.99105
12,2011,16.96552
12,2012,20.1357
12,2013,17.27091
12,2014,17.50794
12,2015,16.09884
12,2016,17.14023
12,2017,16.51804
12,2018,14.00565
12,2019,13.00538
12,2020,13.22902
120,1995,110.63742
120,1996,116.65536
120,1997,158.06768
120,1998,105.73735
120,1999,120.95708
120,2000,117.76577
120,2001,122.2856
120,2002,92.9609
120,2003,93.55621
120,2004,101.5815
120,2005,101.56998
120,2006,144.00333
120,2007,174.49362
120,2008,174.09062
120,2009,172.54439
120,2010,162.77879
120,2011,174.35974
120,2012,181.93085
120,2013,184.20335
120,2014,212.1999
120,2015,230.44001
120,2016,271.18629
120,2017,270.64925
120,2018,266.51883
120,2019,293.85624
120,2020,308.4472
121,1995,97.86448
121,1996,100.28451
121,1997,85.48733
121,1998,80.40561
121,1999,75.94789
121,2000,76.81685
121,2001,76.95664
121,2002,80.88543
121,2003,80.48737
121,2004,83.87766
121,2005,82.38143
121,2006,104.01555
121,2007,132.35712
121,2008,148.5126
121,2009,164.67417
121,2010,174.37348
121,2011,162.72475
121,2012,174.73311
121,2013,199.04621
121,2014,192.49338
121,2015,183.21154
121,2016,165.5685
121,2017,160.82628
121,2018,181.06251
121,2019,245.26701
121,2020,251.76312
122,1995,2.96937
122,1996,3.11807
122,1997,3.22423
122,1998,3.57559
122,1999,3.95292
122,2000,3.99747
122,2001,4.72296
122,2002,4.25535
122,2003,4.22435
122,2004,4.36439
122,2005,4.40612
122,2006,4.39529
122,2007,4.81087
122,2008,5.69167
122,2009,6.26239
122,2010,6.48076
122,2011,7.04438
122,2012,7.80505
122,2013,8.86528
122,2014,7.86093
122,2015,8.34727
122,2016,11.89304
122,2017,11.72888
122,2018,10.472
122,2019,10.45757
122,2020,11.07193
123,1995,2.48127
123,1996,2.50892
123,1997,7.2977
123,1998,11.68291
123,1999,15.95924
123,2000,25.78059
123,2001,29.44958
123,2002,31.48096
123,2003,16.85925
123,2004,16.23455
123,2005,13.66456
123,2006,15.91425
123,2007,27.07243
123,2008,30.00356
123,2009,36.02983
123,2010,34.29038
123,2011,36.93278
123,2012,49.96802
123,2013,60.84813
123,2014,83.18095
123,2015,69.78865
123,2016,74.28041
123,2017,76.66168
123,2018,74.48703
123,2019,57.65821
123,2020,63.7262
124,1995,758.24887
124,1996,890.18986
124,1997,963.65901
124,1998,932.79977
124,1999,965.52797
124,2000,939.73481
124,2001,349.60246
124,2002,281.25982
124,2003,247.46844
124,2004,258.19798
124,2005,252.35958
124,2006,276.68178
124,2007,260.59204
124,2008,196.94562
124,2009,279.30754
124,2010,253.10443
124,2011,126.4808
124,2012,196.36125
124,2013,98.96671
124,2014,71.72723
124,2015,26.94151
124,2016,27.68113
124,2017,35.43599
124,2018,39.11331
124,2019,43.25602
124,2020,41.18466
126,1995,132.4148
126,1996,169.32735
126,1997,215.89186
126,1998,207.82859
126,1999,238.37156
126,2000,249.24334
126,2001,291.65451
126,2002,290.84835
126,2003,370.87972
126,2004,429.63008
126,2005,426.87088
126,2006,378.34931
126,2007,378.71419
126,2008,301.16135
126,2009,218.43979
126,2010,488.57117
126,2011,647.76145
126,2012,517.3556
126,2013,774.63697
126,2014,697.37812
126,2015,708.89552
126,2016,765.73889
126,2017,750.1341
126,2018,777.3485
126,2019,677.52317
126,2020,731.698
127,1995,1.13994
127,1996,0.92058
127,1997,0.91102
127,1998,0.42016
127,1999,0.74641
127,2000,1.02035
127,2001,1.05785
127,2002,1.02746
127,2003,1.16546
127,2004,1.04551
127,2005,1.07297
127,2006,1.31286
127,2007,1.40278
127,2008,1.28556
127,2009,2.12183
127,2010,3.00037
127,2011,1.87806
127,2012,2.5541
127,2013,2.97794
127,2014,2.02535
127,2015,1.88767
127,2016,2.40438
127,2017,2.81792
127,2018,2.49851
127,2019,2.52926
127,2020,2.63832
129,1995,94.91523
129,1996,97.16756
129,1997,94.17343
129,1998,94.53406
129,1999,94.64321
129,2000,94.70081
129,2001,104.1625
129,2002,91.30464
129,2003,105.44832
129,2004,92.39736
129,2005,95.62673
129,2006,99.44242
129,2007,100.67265
129,2008,111.81855
129,2009,105.88965
129,2010,120.37015
129,2011,126.48876
129,2012,133.54809
129,2013,139.92215
129,2014,147.26634
129,2015,144.65312
129,2016,159.34865
129,2017,162.11379
129,2018,152.21043
129,2019,163.7822
129,2020,168.08833
13,1995,3.71231
13,1996,4.00694
13,1997,4.14813
13,1998,4.48889
13,1999,4.28313
13,2000,4.9862
13,2001,4.37612
13,2002,4.41934
13,2003,4.73191
13,2004,3.54331
13,2005,3.61743
13,2006,3.49075
13,2007,4.99888
13,2008,5.43563
13,2009,6.05994
13,2010,6.29669
13,2011,6.41723
13,2012,5.55185
13,2013,6.95875
13,2014,7.66325
13,2015,7.94252
13,2016,8.72855
13,2017,8.03044
13,2018,8.50261
13,2019,9.00916
13,2020,9.4009
130,1995,23.39066
130,1996,29.10334
130,1997,37.08643
130,1998,31.16991
130,1999,33.43843
130,2000,35.06273
130,2001,33.11105
130,2002,36.52703
130,2003,39.07424
130,2004,42.29991
130,2005,46.22098
130,2006,56.8805
130,2007,65.49768
130,2008,65.06399
130,2009,60.41734
130,2010,59.95274
130,2011,65.97323
130,2012,64.06015
130,2013,64.37511
130,2014,73.61191
130,2015,79.15876
130,2016,75.66748
130,2017,83.56013
130,2018,85.32626
130,2019,91.24453
130,2020,97.1786
131,1995,3609.76581
131,1996,3663.24266
131,1997,3763.1591
131,1998,3453.77295
131,1999,3226.8012
131,2000,2864.04671
131,2001,2665.32023
131,2002,3192.66553
131,2003,3575.19219
131,2004,3945.85125
131,2005,3526.9135
131,2006,3971.94709
131,2007,5002.7418
131,2008,5438.38623
131,2009,4511.54941
131,2010,5591.3547
131,2011,6798.03324
131,2012,6246.9622
131,2013,6109.03229
131,2014,6405.43063
131,2015,6330.04779
131,2016,6727.00283
131,2017,7287.09016
131,2018,6809.30775
131,2019,6866.5112
131,2020,7160.31152
132,1995,1.51648
132,1996,1.69167
132,1997,1.87376
132,1998,2.02001
132,1999,2.12411
132,2000,2.20483
132,2001,2.31291
132,2002,2.58144
132,2003,2.04633
132,2004,3.03145
132,2005,5.72502
132,2006,5.61383
132,2007,7.40114
132,2008,10.74084
132,2009,5.44561
132,2010,6.49475
132,2011,8.33947
132,2012,8.27831
132,2013,9.86747
132,2014,12.34117
132,2015,15.32833
132,2016,16.1566
132,2017,16.43415
132,2018,20.62097
132,2019,20.64627
132,2020,22.37893
133,1995,19.90126
133,1996,27.17879
133,1997,30.6301
133,1998,40.35003
133,1999,41.59019
133,2000,39.10859
133,2001,50.1364
133,2002,54.39369
133,2003,52.43848
133,2004,54.43304
133,2005,66.12019
133,2006,72.96423
133,2007,83.00724
133,2008,100.37545
133,2009,121.11481
133,2010,136.60705
133,2011,195.35693
133,2012,189.88152
133,2013,207.51232
133,2014,230.73758
133,2015,288.46805
133,2016,316.18628
133,2017,295.15989
133,2018,320.23217
133,2019,341.52358
133,2020,365.74576
134,1995,15.59976
134,1996,14.12024
134,1997,15.95856
134,1998,16.19386
134,1999,13.71448
134,2000,13.16262
134,2001,15.34934
134,2002,15.64296
134,2003,12.08316
134,2004,23.83422
134,2005,26.93601
134,2006,29.7276
134,2007,26.92034
134,2008,20.89959
134,2009,23.31058
134,2010,39.55828
134,2011,21.67188
134,2012,24.11359
134,2013,17.11727
134,2014,13.47259
134,2015,22.73587
134,2016,20.21819
134,2017,21.68169
134,2018,24.73617
134,2019,25.86241
134,2020,26.9463
136,1995,60.53218
136,1996,68.07176
136,1997,58.5825
136,1998,57.68506
136,1999,55.0299
136,2000,51.1003
136,2001,51.22215
136,2002,52.324
136,2003,58.62692
136,2004,58.66013
136,2005,63.66461
136,2006,73.55116
136,2007,78.16108
136,2008,75.58052
136,2009,78.09
136,2010,77.36661
136,2011,79.64254
136,2012,87.80594
136,2013,94.72602
136,2014,98.48287
136,2015,110.08837
136,2016,127.79041
136,2017,130.90739
136,2018,125.74412
136,2019,100.70755
136,2020,106.96428
137,1995,41.85544
137,1996,38.44366
137,1997,39.43885
137,1998,44.55108
137,1999,46.5981
137,2000,36.26165
137,2001,33.50596
137,2002,41.37921
137,2003,47.20705
137,2004,61.46285
137,2005,94.27916
137,2006,109.93794
137,2007,90.24634
137,2008,88.32407
137,2009,58.38247
137,2010,54.95748
137,2011,61.75796
137,2012,63.43089
137,2013,148.34071
137,2014,82.77581
137,2015,55.35889
137,2016,51.1727
137,2017,47.06858
137,2018,47.35289
137,2019,53.72731
137,2020,55.01961
138,1995,763.89812
138,1996,845.31473
138,1997,989.73604
138,1998,838.62047
138,1999,789.81213
138,2000,747.27586
138,2001,722.92404
138,2002,801.20652
138,2003,673.82546
138,2004,626.68546
138,2005,745.91769
138,2006,756.68094
138,2007,782.0739
138,2008,875.44139
138,2009,731.71106
138,2010,744.86922
138,2011,743.25093
138,2012,776.647
138,2013,1014.38173
138,2014,1130.23187
138,2015,1235.77129
138,2016,1278.47652
138,2017,1276.76119
138,2018,1325.03726
138,2019,1343.66615
138,2020,1390.70923
14,1995,5.13767
14,1996,5.2013
14,1997,6.43955
14,1998,6.08741
14,1999,6.11218
14,2000,5.11967
14,2001,6.06303
14,2002,6.59643
14,2003,5.46134
14,2004,5.1963
14,2005,4.99172
14,2006,6.00127
14,2007,4.88141
14,2008,4.77122
14,2009,3.99665
14,2010,4.32306
14,2011,5.07096
14,2012,4.81342
14,2013,5.24033
14,2014,4.78492
14,2015,4.9062
14,2016,5.15843
14,2017,3.88756
14,2018,3.49999
14,2019,2.97845
14,2020,2.81411
141,1995,149.65491
141,1996,281.19642
141,1997,290.11371
141,1998,236.6808
141,1999,187.84605
141,2000,225.9671
141,2001,180.97568
141,2002,148.41527
141,2003,136.60106
141,2004,164.43518
141,2005,171.02806
141,2006,194.15297
141,2007,230.21283
141,2008,262.30972
141,2009,204.20091
141,2010,169.45144
141,2011,152.16761
141,2012,155.63209
141,2013,523.44503
141,2014,483.36187
141,2015,496.95348
141,2016,489.18705
141,2017,511.98068
141,2018,468.74276
141,2019,456.20923
141,2020,483.28558
142,1995,0.08127
142,1996,0.07916
142,1997,0.06228
142,1998,0.05679
142,1999,0.05256
142,2000,0.04521
142,2001,0.04064
142,2002,0.05248
142,2003,0.05999
142,2004,0.04231
142,2005,0.02965
142,2006,0.02361
142,2007,0.02419
142,2008,0.03145
142,2009,0.03417
142,2010,0.035
142,2011,0.0298
142,2012,0.03101
142,2013,0.03824
142,2014,0.03663
142,2015,0.02636
142,2016,0.03337
142,2017,0.03069
142,2018,0.03029
142,2019,0.03087
142,2020,0.02576
143,1995,885.58644
143,1996,1262.5991
143,1997,1050.26393
143,1998,1242.57758
143,1999,1114.17394
143,2000,971.17894
143,2001,1134.32482
143,2002,1203.2407
143,2003,1366.67437
143,2004,1352.99248
143,2005,1277.55152
143,2006,1573.25301
143,2007,1350.6562
143,2008,1590.77021
143,2009,1884.15564
143,2010,1918.93615
143,2011,2116.71584
143,2012,2017.64833
143,2013,2351.19973
143,2014,2133.30667
143,2015,2493.68664
143,2016,2519.89598
143,2017,2678.61266
143,2018,2739.49123
143,2019,2937.53653
143,2020,3082.15698
144,1995,26.76739
144,1996,35.83642
144,1997,42.73956
144,1998,44.35717
144,1999,45.53179
144,2000,38.6272
144,2001,46.13615
144,2002,53.47033
144,2003,67.9485
144,2004,77.37156
144,2005,85.48571
144,2006,103.92144
144,2007,123.32769
144,2008,158.69909
144,2009,194.61757
144,2010,180.139
144,2011,172.60099
144,2012,192.17038
144,2013,178.18265
144,2014,194.41754
144,2015,207.81033
144,2016,229.23968
144,2017,270.65841
144,2018,219.096
144,2019,260.68389
144,2020,277.05258
145,1995,6.92521
145,1996,6.3709
145,1997,5.6176
145,1998,6.51988
145,1999,6.27261
145,2000,6.93579
145,2001,6.87922
145,2002,7.01338
145,2003,7.21291
145,2004,6.47669
145,2005,6.86774
145,2006,6.84569
145,2007,7.4468
145,2008,7.51521
145,2009,7.34303
145,2010,7.56529
145,2011,8.4625
145,2012,8.6837
145,2013,7.59039
145,2014,6.80138
145,2015,7.66924
145,2016,8.03046
145,2017,8.49794
145,2018,6.90622
145,2019,8.01826
145,2020,8.01818
146,1996,36.8221
146,1997,17.68181
146,1998,22.37286
146,1999,27.77142
146,2000,24.28829
146,2001,42.66341
146,2002,19.88627
146,2003,16.09582
146,2004,13.89974
146,2005,14.30905
146,2006,35.29114
146,2007,57.647
146,2008,63.40938
146,2009,43.0665
146,2010,52.38059
147,1995,52.0264
147,1996,59.56091
147,1997,54.87926
147,1998,75.38262
147,1999,76.43465
147,2000,78.83199
147,2001,93.3181
147,2002,91.77345
147,2003,87.57735
147,2004,63.20064
147,2005,72.17673
147,2006,68.64922
147,2007,101.84579
147,2008,116.51775
147,2009,165.00642
147,2010,182.46166
147,2011,70.3405
147,2012,359.98241
147,2013,101.05033
147,2014,200.74505
147,2015,294.56081
147,2016,224.72509
147,2017,165.92791
147,2018,195.31246
147,2019,189.31429
147,2020,199.77397
148,1995,0.06896
148,1996,0.05605
148,1997,0.03862
148,1998,0.02138
148,1999,0.05106
148,2000,0.08733
148,2001,0.08511
148,2002,0.09504
148,2003,0.07588
148,2004,0.07855
148,2005,0.08243
148,2006,0.04229
148,2007,0.04568
148,2008,0.0859
148,2009,0.07748
148,2010,0.09363
148,2011,0.08146
148,2012,0.07019
148,2013,0.12354
148,2014,0.17986
148,2015,0.15902
148,2016,0.17672
148,2017,0.16754
148,2018,0.15749
148,2019,0.16034
148,2020,0.16601
149,1995,156.27707
149,1996,167.11976
149,1997,178.54221
149,1998,178.79966
149,1999,197.03709
149,2000,211.58078
149,2001,238.0629
149,2002,237.17347
149,2003,238.00491
149,2004,241.81939
149,2005,244.80435
149,2006,253.73468
149,2007,256.865
149,2008,251.27066
149,2009,273.29063
149,2010,333.08626
149,2011,367.317
149,2012,348.15232
149,2013,363.6047
149,2014,385.63414
149,2015,382.17248
149,2016,323.36449
149,2017,411.19221
149,2018,432.88909
149,2019,452.05073
149,2020,474.96539
150,1995,3210.49458
150,1996,3273.91856
150,1997,4155.38993
150,1998,3544.07286
150,1999,4402.4688
150,2000,4185.05849
150,2001,4283.56545
150,2002,4322.62431
150,2003,4313.98849
150,2004,3854.7382
150,2005,3989.7628
150,2006,4112.08077
150,2007,4884.6182
150,2008,5055.49151
150,2009,4749.85223
150,2010,4896.311
150,2011,6445.01829
150,2012,5962.6585
150,2013,5377.65779
150,2014,5716.17739
150,2015,5298.012
150,2016,4841.52556
150,2017,5007.34224
150,2018,5332.17837
150,2019,5712.03831
150,2020,5892.92334
153,1995,6.91575
153,1996,7.10742
153,1997,7.29391
153,1998,6.9809
153,1999,7.99874
153,2000,7.99397
153,2001,8.61778
153,2002,9.17968
153,2003,10.56779
153,2004,9.92147
153,2005,10.78623
153,2006,13.72794
153,2007,12.81383
153,2008,14.83582
153,2009,14.85341
153,2010,17.3537
153,2011,17.10694
153,2012,18.7668
153,2013,17.90675
153,2014,17.36812
153,2015,17.9326
153,2016,15.65878
153,2017,14.5741
153,2018,13.55187
153,2019,12.43151
153,2020,12.95691
154,2000,40.79457
154,2001,25.39974
154,2002,27.79283
154,2003,31.47924
154,2004,37.04094
154,2005,31.01341
154,2006,36.50969
154,2007,33.35545
154,2008,38.98546
154,2009,51.89243
154,2010,39.00859
154,2011,36.48593
154,2012,42.41798
154,2013,53.22875
154,2014,60.29338
154,2015,69.35907
154,2016,61.76471
154,2017,59.8435
154,2018,77.13238
154,2019,101.68499
154,2020,104.46154
155,1995,9.38635
155,1996,9.36938
155,1997,9.54051
155,1998,9.62032
155,1999,9.99742
155,2000,9.7728
155,2001,8.6489
155,2002,8.15826
155,2003,7.91115
155,2004,9.44722
155,2005,9.53628
155,2006,11.32221
155,2007,12.57573
155,2008,14.82564
155,2009,14.64969
155,2010,16.06425
155,2011,17.56059
155,2012,18.04555
155,2013,18.96227
155,2014,21.12633
155,2015,20.23139
155,2016,18.55543
155,2017,21.70657
155,2018,24.11701
155,2019,22.22859
155,2020,23.49375
156,1995,1110.84459
156,1996,974.75796
156,1997,959.36762
156,1998,959.05864
156,1999,1101.30009
156,2000,1322.29047
156,2001,1584.21648
156,2002,1602.86793
156,2003,1408.35812
156,2004,1438.72987
156,2005,1649.66617
156,2006,1580.88602
156,2007,2574.74174
156,2008,2261.43556
156,2009,1663.3296
156,2010,1840.24686
156,2011,1767.43261
156,2012,1937.55586
156,2013,1984.77321
156,2014,2124.5764
156,2015,2129.74424
156,2016,1844.52909
156,2017,2163.31802
156,2018,2043.73007
156,2019,2389.85169
156,2020,2511.35938
157,1995,95.97881
157,1996,119.97428
157,1997,123.66384
157,1998,102.74851
157,1999,100.20471
157,2000,121.92293
157,2001,115.13254
157,2002,111.84557
157,2003,107.61014
157,2004,118.92118
157,2005,131.85666
157,2006,120.50007
157,2007,143.2685
157,2008,141.44487
157,2009,133.99653
157,2010,161.44815
157,2011,192.91267
157,2012,204.32582
157,2013,200.88757
157,2014,239.98422
157,2015,245.2563
157,2016,227.59662
157,2017,247.5241
157,2018,234.07671
157,2019,222.88299
157,2020,234.50026
158,1995,46.78641
158,1996,44.8998
158,1997,49.29219
158,1998,45.80816
158,1999,39.43081
158,2000,49.52562
158,2001,61.37058
158,2002,65.49002
158,2003,101.07589
158,2004,96.69372
158,2005,89.12672
158,2006,91.19433
158,2007,104.06258
158,2008,104.2644
158,2009,99.96133
158,2010,98.43945
158,2011,64.76678
158,2012,64.72558
158,2013,66.36818
158,2014,68.66054
158,2015,72.69555
158,2016,70.7351
158,2017,71.80273
158,2018,84.7777
158,2019,93.5659
158,2020,98.14867
159,1995,5420.20845
159,1996,6079.26845
159,1997,6404.60721
159,1998,6249.40819
159,1999,6279.30084
159,2000,6273.58917
159,2001,6287.14707
159,2002,11723.42322
159,2003,12434.57192
159,2004,8900.83524
159,2005,9194.88627
159,2006,11756.8869
159,2007,11999.96446
159,2008,12960.45509
159,2009,13666.16351
159,2010,16209.55639
159,2011,14979.52463
159,2012,16683.2283
159,2013,17373.90049
159,2014,18018.8994
159,2015,19002.46649
159,2016,17843.3438
159,2017,17061.95361
159,2018,14680.76341
159,2019,12671.52118
159,2020,13444.15234
16,1995,637.00856
16,1996,674.89953
16,1997,733.93785
16,1998,808.12308
16,1999,979.66038
16,2000,960.4982
16,2001,979.69588
16,2002,1005.87016
16,2003,1080.85283
16,2004,1131.1342
16,2005,1206.61843
16,2006,1192.30068
16,2007,1314.33487
16,2008,1407.68421
16,2009,1540.88017
16,2010,1706.50136
16,2011,1837.30883
16,2012,1916.25497
16,2013,2025.48724
16,2014,2270.68891
16,2015,2495.66997
16,2016,2562.11335
16,2017,2833.97789
16,2018,3021.64664
16,2019,3254.98758
16,2020,3455.2583
162,1995,1656.12124
162,1996,1752.65475
162,1997,1921.52365
162,1998,1633.67713
162,1999,1575.89542
162,2000,1679.61218
162,2001,1838.85682
162,2002,1423.79991
162,2003,1297.13601
162,2004,1231.35339
162,2005,1452.15197
162,2006,1540.0122
162,2007,1479.09924
162,2008,1752.91177
162,2009,1349.36092
162,2010,1588.71869
162,2011,1632.94641
162,2012,1338.33184
162,2013,1567.44998
162,2014,1439.00436
162,2015,1577.10034
162,2016,1837.02076
162,2017,2099.64431
162,2018,1758.42499
162,2019,1855.06233
162,2020,1863.16577
165,1995,7433.9033
165,1996,7162.98248
165,1997,4741.17672
165,1998,4826.33453
165,1999,5909.53378
165,2000,5854.60924
165,2001,5014.68011
165,2002,5019.11393
165,2003,5248.75728
165,2004,4605.62733
165,2005,6489.9506
165,2006,6068.12985
165,2007,6265.74875
165,2008,6018.93501
165,2009,6238.46728
165,2010,6857.79816
165,2011,7089.05112
165,2012,7152.2953
165,2013,7418.34166
165,2014,7194.22049
165,2015,7982.84339
165,2016,8402.9514
165,2017,8934.66937
165,2018,9535.51673
165,2019,9371.58143
165,2020,9569.0293
166,1995,95.42893
166,1996,93.69788
166,1997,99.37563
166,1998,107.77712
166,1999,114.25652
166,2000,109.5736
166,2001,101.83497
166,2002,101.7643
166,2003,109.54324
166,2004,116.44494
166,2005,116.89493
166,2006,123.22492
166,2007,120.10525
166,2008,129.21791
166,2009,116.86643
166,2010,129.47662
166,2011,138.29867
166,2012,157.17983
166,2013,175.16585
166,2014,182.50114
166,2015,195.6643
166,2016,191.51598
166,2017,189.45918
166,2018,181.6777
166,2019,171.46837
166,2020,178.45445
167,1995,1307.51466
167,1996,1403.77946
167,1997,961.52352
167,1998,910.3348
167,1999,697.44601
167,2000,853.1881
167,2001,1058.02122
167,2002,1024.55474
167,2003,767.1706
167,2004,878.2647
167,2005,872.38214
167,2006,928.63625
167,2007,1201.75128
167,2008,1108.2195
167,2009,890.52634
167,2010,1049.09895
167,2011,1242.43466
167,2012,1659.79424
167,2013,1552.55679
167,2014,1535.6529
167,2015,1251.12048
167,2016,1588.55318
167,2017,1728.86776
167,2018,1661.16249
167,2019,1648.61901
167,2020,1686.19665
168,1995,79.6026
168,1996,121.26638
168,1997,114.53301
168,1998,112.77297
168,1999,121.62974
168,2000,147.12577
168,2001,151.79098
168,2002,176.39381
168,2003,168.68768
168,2004,157.80183
168,2005,168.13525
168,2006,165.70103
168,2007,173.70118
168,2008,199.27296
168,2009,258.52434
168,2010,297.83001
168,2011,359.82585
168,2012,380.92787
168,2013,400.01409
168,2014,412.55833
168,2015,272.72831
168,2016,294.17757
168,2017,312.05714
168,2018,304.24965
168,2019,322.74405
168,2020,338.38055
169,1995,176.45421
169,1996,181.36814
169,1997,165.30964
169,1998,144.86437
169,1999,128.06314
169,2000,127.62171
169,2001,117.55114
169,2002,110.32976
169,2003,144.11746
169,2004,171.20655
169,2005,172.69215
169,2006,176.90923
169,2007,236.85578
169,2008,272.78544
169,2009,201.94416
169,2010,287.74876
169,2011,311.05864
169,2012,252.6231
169,2013,327.98383
169,2014,299.61357
169,2015,249.80754
169,2016,288.8026
169,2017,281.78431
169,2018,283.71142
169,2019,279.33318
169,2020,289.66937
17,2000,1.43013
17,2001,1.70994
17,2002,1.87117
17,2003,1.97573
17,2004,1.92616
17,2005,1.79415
17,2006,2.08725
17,2007,1.79339
17,2008,1.65378
17,2009,1.19078
17,2010,1.16891
17,2011,1.151
17,2012,0.9938
17,2013,1.12018
17,2014,0.80566
17,2015,0.94756
17,2016,1.1018
17,2017,0.89484
17,2018,0.79745
17,2019,0.90793
17,2020,0.82904
170,1995,513.49088
170,1996,555.29131
170,1997,582.95584
170,1998,608.42784
170,1999,559.12579
170,2000,544.68209
170,2001,528.47013
170,2002,534.63605
170,2003,546.10438
170,2004,560.42377
170,2005,608.67218
170,2006,670.54705
170,2007,765.69978
170,2008,925.59829
170,2009,965.55363
170,2010,1046.54942
170,2011,1194.16386
170,2012,1240.48776
170,2013,1290.14143
170,2014,1327.12244
170,2015,1331.40059
170,2016,1327.20574
170,2017,1354.07564
170,2018,1405.10436
170,2019,1456.62154
170,2020,1527.83154
171,1995,1704.4498
171,1996,1800.4888
171,1997,1812.5551
171,1998,1624.24788
171,1999,1672.59821
171,2000,1661.25934
171,2001,1597.58471
171,2002,1684.39452
171,2003,1728.62863
171,2004,1911.93464
171,2005,1940.57643
171,2006,2028.77621
171,2007,2212.0618
171,2008,2479.05613
171,2009,2490.76726
171,2010,2714.92939
171,2011,2987.88623
171,2012,3051.06454
171,2013,3179.92629
171,2014,3580.10421
171,2015,3714.96284
171,2016,4261.03799
171,2017,4743.12928
171,2018,5097.54393
171,2019,4875.33627
171,2020,5169.92285
173,1995,1938.81532
173,1996,2348.46921
173,1997,2603.3429
173,1998,2596.71417
173,1999,2827.29515
173,2000,3063.2529
173,2001,2583.52788
173,2002,2586.57287
173,2003,2630.95942
173,2004,2563.02411
173,2005,2918.56359
173,2006,3179.91053
173,2007,3504.99067
173,2008,3794.48214
173,2009,3594.6402
173,2010,3587.32606
173,2011,3958.6895
173,2012,4207.52202
173,2013,4071.77178
173,2014,4488.80671
173,2015,5179.73206
173,2016,4925.65432
173,2017,4664.02157
173,2018,4263.85
173,2019,4316.50384
173,2020,4516.2251
174,1995,1049.19278
174,1996,1117.58317
174,1997,1127.3905
174,1998,1287.63929
174,1999,1392.20741
174,2000,1280.4879
174,2001,1315.31846
174,2002,1424.62438
174,2003,1316.75645
174,2004,1378.10154
174,2005,1175.26414
174,2006,1129.78226
174,2007,1137.97114
174,2008,1168.56846
174,2009,988.55056
174,2010,1053.7297
174,2011,1046.00863
174,2012,996.32766
174,2013,1037.98064
174,2014,1096.6416
174,2015,1232.91959
174,2016,1151.028
174,2017,1240.69892
174,2018,1204.88274
174,2019,1183.10449
174,2020,1195.84741
175,1995,4.33102
175,1996,4.08155
175,1997,8.7911
175,1998,6.63849
175,1999,8.90154
175,2000,8.11146
175,2001,7.5283
175,2002,7.61904
175,2003,7.545
175,2004,7.60657
175,2005,9.19028
175,2006,8.91554
175,2007,10.11136
175,2008,12.75559
175,2009,12.52218
175,2010,13.63139
175,2011,17.07875
175,2012,16.54847
175,2013,16.00482
175,2014,14.25414
175,2015,19.52624
175,2016,22.12032
175,2017,26.21566
175,2018,26.45059
175,2019,28.11204
175,2020,29.98543
176,2000,21.22434
176,2001,17.86506
176,2002,21.1294
176,2003,18.93082
176,2004,19.06226
176,2005,17.67494
176,2006,17.77706
176,2007,20.46205
176,2008,29.24969
176,2009,33.07186
176,2010,38.38976
176,2011,43.35507
176,2012,48.70063
176,2013,37.20033
176,2014,37.9563
176,2015,34.1373
176,2016,34.72532
176,2017,31.75148
176,2018,32.57549
176,2019,28.93542
176,2020,29.42157
177,1995,81.21464
177,1996,87.2214
177,1997,102.13025
177,1998,96.50875
177,1999,88.1714
177,2000,115.12306
177,2001,90.80253
177,2002,76.82842
177,2003,79.56192
177,2004,88.431
177,2005,86.04587
177,2006,87.37678
177,2007,69.22284
177,2008,70.70167
177,2009,75.17078
177,2010,91.07259
177,2011,92.96875
177,2012,93.3155
177,2013,92.82964
177,2014,93.1266
177,2015,90.36738
177,2016,89.88377
177,2017,96.23209
177,2018,83.5191
177,2019,84.05457
177,2020,83.29589
178,2000,13.28657
178,2001,11.77614
178,2002,8.81916
178,2003,10.62729
178,2004,9.64411
178,2005,23.42211
178,2006,18.43882
178,2007,17.51448
178,2008,8.17265
178,2009,10.87419
178,2010,14.4468
178,2011,17.36273
178,2012,19.44969
178,2013,15.90424
178,2014,25.04818
178,2015,17.27784
178,2016,21.08998
178,2017,16.36315
178,2018,19.26019
178,2019,21.0697
178,2020,21.85327
18,1995,8.29806
18,1996,8.67414
18,1997,9.47747
18,1998,9.46708
18,1999,12.00048
18,2000,13.76635
18,2001,15.18
18,2002,18.26767
18,2003,18.39538
18,2004,20.51043
18,2005,15.94162
18,2006,16.14194
18,2007,15.75319
18,2008,19.38843
18,2009,22.76707
18,2010,27.85305
18,2011,29.77994
18,2012,30.94666
18,2013,24.43809
18,2014,31.47079
18,2015,35.78979
18,2016,40.41148
18,2017,44.56319
18,2018,47.41172
18,2019,45.85033
18,2020,49.04057
180,1995,0.31142
180,1996,0.44525
180,1997,0.39137
180,1998,0.25378
180,1999,0.22171
180,2000,1.05883
180,2001,0.6406
180,2002,0.63033
180,2003,0.58328
180,2004,0.57566
180,2005,0.64755
180,2006,0.60267
180,2007,0.53525
180,2008,0.47886
180,2009,0.32356
180,2010,0.33788
180,2011,0.39346
180,2012,0.39335
180,2013,0.34628
180,2014,0.46133
180,2015,0.4364
180,2016,0.47778
180,2017,0.46379
180,2018,0.45881
180,2019,0.45899
180,2020,0.47432
181,1995,313.14242
181,1996,328.05462
181,1997,215.08167
181,1998,543.40446
181,1999,639.20241
181,2000,160.83066
181,2001,211.30695
181,2002,229.27471
181,2003,232.87241
181,2004,403.4298
181,2005,2584.64362
181,2006,594.95171
181,2007,294.3338
181,2008,613.68618
181,2009,86.2759
181,2010,93.74678
181,2011,100.62392
181,2012,122.60889
181,2013,186.5772
181,2014,197.90643
181,2015,198.51931
181,2016,208.71205
181,2017,224.56457
181,2018,211.81468
181,2019,233.88947
181,2020,219.92564
183,1995,707.23045
183,1996,442.33169
183,1997,1645.61812
183,1998,826.73172
183,1999,480.91317
183,2000,386.58439
183,2001,551.77149
183,2002,505.06277
183,2003,539.65069
183,2004,672.99895
183,2005,977.46165
183,2006,863.34459
183,2007,1495.01801
183,2008,1628.71349
183,2009,1960.08972
183,2010,1411.14458
183,2011,2093.95726
183,2012,1710.09328
183,2013,1748.0304
183,2014,2933.89528
183,2015,1966.76375
183,2016,2075.33511
183,2017,1470.19098
183,2018,2382.70755
183,2019,1874.46848
183,2020,2028.17932
184,1995,13.3463
184,1996,19.05255
184,1997,24.97512
184,1998,27.26859
184,1999,25.18807
184,2000,29.02854
184,2001,29.49643
184,2002,32.33191
184,2003,37.85969
184,2004,41.36456
184,2005,47.59634
184,2006,57.18212
184,2007,59.22557
184,2008,62.31708
184,2009,68.02444
184,2010,73.4649
184,2011,79.33569
184,2012,94.45849
184,2013,98.94943
184,2014,109.83605
184,2015,124.72943
184,2016,128.58161
184,2017,146.01871
184,2018,148.36013
184,2019,166.61856
184,2020,178.136
185,2000,3142.74068
185,2001,4285.7002
185,2002,4872.53295
185,2003,4926.12913
185,2004,5541.48791
185,2005,6067.36764
185,2006,8668.70559
185,2007,11433.08229
185,2008,11369.63813
185,2009,8568.69908
185,2010,7242.17703
185,2011,9761.84632
185,2012,9825.67984
185,2013,9819.00154
185,2014,9113.7862
185,2015,8669.48862
185,2016,9463.26622
185,2017,10479.01876
185,2018,9851.47061
185,2019,8850.82264
185,2020,9529.89453
188,1995,1.3363
188,1996,1.31222
188,1997,1.49406
188,1998,1.10037
188,1999,0.78337
188,2000,1.22425
188,2001,1.39328
188,2002,1.19994
188,2003,1.22366
188,2004,1.13579
188,2005,1.18207
188,2006,1.00091
188,2007,1.02671
188,2008,1.08229
188,2009,0.98623
188,2010,0.95753
188,2011,0.83252
188,2012,0.79227
188,2013,0.82904
188,2014,0.8447
188,2015,0.86022
188,2016,0.84946
188,2017,0.95279
188,2018,1.058
188,2019,1.17969
188,2020,1.15588
189,1995,1.94822
189,1996,2.34534
189,1997,1.64403
189,1998,2.08042
189,1999,2.49201
189,2000,2.49024
189,2001,2.38783
189,2002,2.17833
189,2003,2.1343
189,2004,2.26741
189,2005,2.55374
189,2006,3.18689
189,2007,3.19634
189,2008,4.08104
189,2009,3.84763
189,2010,3.33079
189,2011,3.1471
189,2012,2.77357
189,2013,2.79956
189,2014,2.31495
189,2015,2.27474
189,2016,2.39189
189,2017,2.26146
189,2018,2.34638
189,2019,2.73065
189,2020,2.77971
19,1995,184.66525
19,1996,190.03065
19,1997,228.9179
19,1998,219.80283
19,1999,231.83512
19,2000,224.05076
19,2001,218.89252
19,2002,232.50823
19,2003,257.66676
19,2004,266.08088
19,2005,233.60299
19,2006,223.18479
19,2007,214.88382
19,2008,254.2912
19,2009,291.29459
19,2010,293.28302
19,2011,317.44094
19,2012,337.95977
19,2013,382.97895
19,2014,395.47403
19,2015,432.75709
19,2016,517.74594
19,2017,599.41095
19,2018,639.65744
19,2019,693.20452
191,1995,2.05708
191,1996,1.62307
191,1997,0.78803
191,1998,1.6458
191,1999,1.88281
191,2000,1.99575
191,2001,1.47926
191,2002,1.84767
191,2003,2.05337
191,2004,1.91793
191,2005,2.26643
191,2006,2.86796
191,2007,2.34195
191,2008,2.72673
191,2009,2.62069
191,2010,2.87442
191,2011,2.77154
191,2012,2.02574
191,2013,2.74058
191,2014,2.23883
191,2015,2.28045
191,2016,3.61848
191,2017,2.82336
191,2018,2.97606
191,2019,2.98823
191,2020,3.07225
193,1995,1.38794
193,1996,1.34398
193,1997,1.36094
193,1998,1.24182
193,1999,1.23393
193,2000,1.2386
193,2001,2.07777
193,2002,2.29766
193,2003,2.56681
193,2004,2.62924
193,2005,2.6843
193,2006,3.14291
193,2007,3.38113
193,2008,1.95678
193,2009,2.29777
193,2010,1.86702
193,2011,15.47962
193,2012,1.39203
193,2013,1.88831
193,2014,1.29349
193,2015,1.74589
193,2016,2.05893
193,2017,2.12438
193,2018,2.16181
193,2019,2.41707
193,2020,2.50175
194,1995,1023.83705
194,1996,948.41811
194,1997,967.13988
194,1998,1086.8501
194,1999,1106.49057
194,2000,1082.86878
194,2001,1122.90243
194,2002,1127.17212
194,2003,1178.87312
194,2004,1238.33237
194,2005,1275.03145
194,2006,1369.37682
194,2007,1430.45424
194,2008,1394.31176
194,2009,1523.27805
194,2010,1576.68998
194,2011,1592.23662
194,2012,1631.33242
194,2013,1728.12785
194,2014,1861.57865
194,2015,2093.77516
194,2016,2002.0325
194,2017,1974.56524
194,2018,1886.67791
194,2019,1907.88165
194,2020,1982.4574
195,1995,64.21154
195,1996,72.76017
195,1997,71.82655
195,1998,82.38591
195,1999,90.48275
195,2000,89.81213
195,2001,96.45317
195,2002,81.99117
195,2003,106.62403
195,2004,104.01593
195,2005,116.62837
195,2006,107.79399
195,2007,114.7127
195,2008,138.74757
195,2009,153.57827
195,2010,159.34706
195,2011,139.68791
195,2012,161.79203
195,2013,184.36537
195,2014,195.18314
195,2015,227.01525
195,2016,257.29271
195,2017,306.31994
195,2018,330.36561
195,2019,335.38089
195,2020,358.17963
196,1995,2.63766
196,1996,3.01134
196,1997,2.82389
196,1998,2.38119
196,1999,3.05733
196,2000,2.32626
196,2001,2.65465
196,2002,2.53111
196,2003,1.01882
196,2004,0.88275
196,2005,1.89496
196,2006,1.7017
196,2007,1.57906
196,2008,1.16955
196,2009,1.16158
196,2010,1.82368
196,2011,1.82377
196,2012,1.8442
196,2013,2.32015
196,2014,2.29921
196,2015,2.1953
196,2016,2.22727
196,2017,2.07652
196,2018,1.96731
196,2019,2.39101
196,2020,2.31028
197,1995,46.51516
197,1996,25.98008
197,1997,24.70947
197,1998,21.11504
197,1999,22.53614
197,2000,21.29596
197,2001,19.2945
197,2002,26.5684
197,2003,32.65699
197,2004,38.12573
197,2005,44.08309
197,2006,48.57624
197,2007,55.99957
197,2008,62.34115
197,2009,67.15018
197,2010,68.45586
197,2011,75.43438
197,2012,92.57083
197,2013,148.26173
197,2014,170.24222
197,2015,117.31802
197,2016,109.98834
197,2017,121.27803
197,2018,109.67874
197,2019,116.98709
197,2020,121.84969
198,1995,296.65136
198,1996,275.1707
198,1997,297.42157
198,1998,274.2196
198,1999,308.69204
198,2000,245.2961
198,2001,270.9625
198,2002,301.34916
198,2003,302.92434
198,2004,267.9265
198,2005,290.66039
198,2006,298.5749
198,2007,309.94971
198,2008,350.29892
198,2009,323.17385
198,2010,238.73486
198,2011,257.81357
198,2012,261.28905
198,2013,268.69353
198,2014,283.93366
198,2015,315.55168
198,2016,341.53487
198,2017,382.23212
198,2018,449.17708
198,2019,462.07095
198,2020,477.1676
199,1995,395.01807
199,1996,289.44745
199,1997,586.77892
199,1998,467.17746
199,1999,231.19664
199,2000,494.5164
199,2001,474.30258
199,2002,525.38134
199,2003,457.40399
199,2004,473.06136
199,2005,414.44667
199,2006,539.36793
199,2007,568.02916
199,2008,908.18989
199,2009,550.63198
199,2010,545.4894
199,2011,686.88365
199,2012,575.17972
199,2013,589.57492
199,2014,578.01339
199,2015,659.49658
199,2016,683.47946
199,2017,776.39991
199,2018,680.63216
199,2019,823.75124
199,2020,848.60767
2,1995,596.02658
2,1996,547.30133
2,1997,499.71408
2,1998,465.62936
2,1999,424.98409
2,2000,390.66141
2,2001,359.32913
2,2002,457.51306
2,2003,482.30497
2,2004,388.99174
2,2005,345.94021
2,2006,314.1721
2,2007,386.08542
2,2008,345.66535
2,2009,549.71405
2,2010,456.41802
2,2011,416.60682
2,2012,423.058
2,2013,396.63406
2,2014,293.23867
2,2015,273.1053
2,2016,308.96998
2,2017,315.54983
2,2018,306.89758
2,2019,337.46024
2,2020,311.43781
20,1995,7.80478
20,1996,17.18303
20,1997,18.64809
20,1998,14.3184
20,1999,10.94053
20,2000,11.13448
20,2001,17.0515
20,2002,18.52663
20,2003,14.37558
20,2004,9.72491
20,2005,9.46797
20,2006,13.17937
20,2007,17.97533
20,2008,18.76358
20,2009,17.49775
20,2010,17.4207
20,2011,20.73394
20,2012,25.16337
20,2013,26.11707
20,2014,25.56233
20,2015,25.30297
20,2016,27.63496
20,2017,26.08695
20,2018,27.547
20,2019,28.32734
20,2020,30.01098
200,1995,51.44472
200,1996,59.69256
200,1997,59.02848
200,1998,48.58443
200,1999,50.90456
200,2000,51.21481
200,2001,46.55718
200,2002,43.46731
200,2003,39.04091
200,2004,40.5224
200,2005,43.26588
200,2006,42.76864
200,2007,42.005
200,2008,40.59087
200,2009,40.83109
200,2010,43.96473
200,2011,45.4533
200,2012,45.55213
200,2013,48.17704
200,2014,49.51388
200,2015,49.35822
200,2016,50.20052
200,2017,51.11956
200,2018,51.84093
200,2019,53.51122
200,2020,53.36636
201,1995,26.91423
201,1996,27.13788
201,1997,26.23265
201,1998,28.31355
201,1999,28.56145
201,2000,26.42196
201,2001,28.44919
201,2002,27.26264
201,2003,30.55997
201,2004,31.10164
201,2005,27.91186
201,2006,29.89869
201,2007,31.67671
201,2008,31.85655
201,2009,33.30446
201,2010,34.51128
201,2011,35.45959
201,2012,36.75152
201,2013,37.96406
201,2014,39.21246
201,2015,40.52451
201,2016,41.86946
201,2017,43.31715
201,2018,44.7587
201,2019,46.24141
201,2020,47.75866
202,1995,1108.04275
202,1996,1365.49257
202,1997,1253.83082
202,1998,1093.00996
202,1999,987.69758
202,2000,1013.76336
202,2001,1066.51718
202,2002,1393.01287
202,2003,1346.57829
202,2004,1393.6168
202,2005,1426.26614
202,2006,1390.71965
202,2007,1356.97275
202,2008,1482.44215
202,2009,1382.72472
202,2010,1312.80138
202,2011,1687.36463
202,2012,1708.32063
202,2013,1937.3978
202,2014,1813.90168
202,2015,1643.02524
202,2016,1717.35789
202,2017,1687.22585
202,2018,1557.88057
202,2019,1388.20117
202,2020,1423.14465
203,1995,3105.70399
203,1996,3884.95715
203,1997,4033.23734
203,1998,4460.35848
203,1999,4764.60499
203,2000,4273.23692
203,2001,3813.22473
203,2002,3960.05757
203,2003,4124.21467
203,2004,4256.64883
203,2005,4476.61931
203,2006,3523.67525
203,2007,3747.62546
203,2008,4540.42752
203,2009,4879.57785
203,2010,4346.31632
203,2011,4247.91892
203,2012,4221.6055
203,2013,4207.86101
203,2014,4525.14176
203,2015,5076.19865
203,2016,6396.79226
203,2017,7037.82166
203,2018,7092.53546
203,2019,7178.91675
203,2020,7507.8208
207,1995,54.67501
207,1996,44.04209
207,1997,32.48584
207,1998,21.18157
207,1999,73.86197
207,2000,54.96083
207,2001,62.37497
207,2002,41.64274
207,2003,34.60229
207,2004,38.30358
207,2005,39.38229
207,2006,32.52649
207,2007,39.29651
207,2008,39.44936
207,2009,46.10862
207,2010,38.28457
207,2011,42.57139
207,2012,41.68851
207,2013,42.06782
207,2014,47.69716
207,2015,44.15221
207,2016,46.25221
207,2017,55.57571
207,2018,54.5278
207,2019,46.58689
207,2020,46.60525
208,2000,63.48509
208,2001,83.79363
208,2002,86.91396
208,2003,119.0875
208,2004,80.1838
208,2005,119.03212
208,2006,109.43864
208,2007,88.79417
208,2008,92.02218
208,2009,73.61055
208,2010,84.91794
208,2011,102.94778
208,2012,92.87337
208,2013,88.81553
208,2014,118.21486
208,2015,132.36651
208,2016,145.35842
208,2017,170.29615
208,2018,225.2794
208,2019,228.05714
208,2020,228.15001
209,1995,46.76142
209,1996,47.74059
209,1997,45.80917
209,1998,47.05586
209,1999,24.32241
209,2000,29.73664
209,2001,31.21151
209,2002,34.22233
209,2003,35.27682
209,2004,30.47307
209,2005,37.60512
209,2006,41.55847
209,2007,41.29903
209,2008,36.93776
209,2009,36.32838
209,2010,44.44508
209,2011,44.29702
209,2012,50.76206
209,2013,52.16097
209,2014,48.45173
209,2015,52.35887
209,2016,54.12013
209,2017,51.50412
209,2018,68.82595
209,2019,51.57424
209,2020,53.72756
21,1995,8862.10352
21,1996,9264.12586
21,1997,9717.17128
21,1998,10059.25743
21,1999,9537.16697
21,2000,9633.85297
21,2001,10033.09805
21,2002,10823.68369
21,2003,12169.79826
21,2004,11755.61689
21,2005,10000.40854
21,2006,9920.17568
21,2007,10843.26436
21,2008,11802.18393
21,2009,11558.1226
21,2010,11776.83604
21,2011,13171.26612
21,2012,12814.36363
21,2013,14391.7565
21,2014,13735.15935
21,2015,12769.66447
21,2016,14384.6819
21,2017,13588.73099
21,2018,13047.78076
21,2019,13306.18288
21,2020,13621.93652
210,1995,1660.54944
210,1996,1742.9231
210,1997,2093.15249
210,1998,2015.33912
210,1999,2023.13811
210,2000,1955.40105
210,2001,2091.55335
210,2002,2284.60636
210,2003,2543.12765
210,2004,2629.48499
210,2005,2689.05316
210,2006,2792.77724
210,2007,2909.72652
210,2008,3250.84261
210,2009,3040.9594
210,2010,3338.50928
210,2011,3464.76016
210,2012,2983.39815
210,2013,2604.17337
210,2014,2636.38138
210,2015,2749.78514
210,2016,2838.65762
210,2017,2953.00348
210,2018,2951.26316
210,2019,2960.19712
210,2020,3082.18213
211,1995,1684.25544
211,1996,1647.5439
211,1997,1761.05059
211,1998,1728.99963
211,1999,1636.98913
211,2000,1841.41206
211,2001,1733.67793
211,2002,1665.9045
211,2003,1599.64216
211,2004,1824.10498
211,2005,1603.88922
211,2006,1530.96485
211,2007,1693.98595
211,2008,1520.09761
211,2009,1393.02132
211,2010,1548.86637
211,2011,1500.6606
211,2012,1726.02531
211,2013,1980.63974
211,2014,1808.83082
211,2015,1810.57699
211,2016,1763.41387
211,2017,1734.79476
211,2018,1729.19662
211,2019,1713.31048
211,2020,1718.1842
212,1995,564.86134
212,1996,558.88132
212,1997,570.78668
212,1998,552.2574
212,1999,509.76226
212,2000,550.02714
212,2001,511.29673
212,2002,718.62885
212,2003,694.413
212,2004,817.05726
212,2005,865.34821
212,2006,788.65373
212,2007,584.57999
212,2008,468.0469
212,2009,584.63783
212,2010,742.12412
212,2011,752.5273
212,2012,714.73589
212,2013,599.36964
212,2014,528.43987
212,2015,494.33358
212,2016,550.71363
212,2017,451.00719
212,2018,442.32257
212,2019,502.79327
212,2020,487.67154
213,2000,216.05923
213,2001,215.96318
213,2002,174.92657
213,2003,161.15212
213,2004,154.499
213,2005,174.22736
213,2006,165.9954
213,2007,183.66639
213,2008,215.38211
213,2009,290.62006
213,2010,359.14434
213,2011,342.36676
213,2012,341.17063
213,2013,387.43889
213,2014,412.49017
213,2015,463.73829
213,2016,471.41756
213,2017,497.52025
213,2018,527.15014
213,2019,536.98792
213,2020,570.1673
215,1995,131.20135
215,1996,155.3583
215,1997,170.14393
215,1998,173.86334
215,1999,211.28629
215,2000,230.79101
215,2001,248.61257
215,2002,275.55046
215,2003,286.3931
215,2004,282.37056
215,2005,289.70438
215,2006,317.05159
215,2007,312.2593
215,2008,354.65927
215,2009,436.7985
215,2010,494.17872
215,2011,531.94867
215,2012,617.95332
215,2013,728.41538
215,2014,785.37633
215,2015,919.73271
215,2016,1079.8212
215,2017,1231.66838
215,2018,1273.3039
215,2019,1316.31849
215,2020,1411.51782
216,1995,4725.98595
216,1996,5013.6852
216,1997,4411.41432
216,1998,3802.31474
216,1999,3342.05964
216,2000,3141.45793
216,2001,3129.64387
216,2002,3452.59016
216,2003,4025.93312
216,2004,4374.4025
216,2005,4598.96849
216,2006,4929.14254
216,2007,5191.06751
216,2008,5556.38249
216,2009,5309.88276
216,2010,6245.64103
216,2011,6780.20188
216,2012,7237.77364
216,2013,7381.16892
216,2014,6580.70695
216,2015,6154.27267
216,2016,6207.2011
216,2017,6328.17428
216,2018,6443.44457
216,2019,6782.59467
216,2020,6923.0708
217,1995,31.45882
217,1996,38.20677
217,1997,41.54271
217,1998,36.3833
217,1999,42.17799
217,2000,32.9059
217,2001,33.18242
217,2002,34.80381
217,2003,35.92421
217,2004,34.51671
217,2005,38.5103
217,2006,35.83599
217,2007,31.37939
217,2008,35.82653
217,2009,36.69942
217,2010,37.50254
217,2011,39.19496
217,2012,46.05846
217,2013,49.46519
217,2014,54.33543
217,2015,60.8344
217,2016,72.25758
217,2017,75.86176
217,2018,84.69519
217,2019,87.08622
217,2020,91.35786
219,1995,8.06163
219,1996,8.34558
219,1997,7.62616
219,1998,9.55934
219,1999,10.41434
219,2000,8.04852
219,2001,7.95933
219,2002,8.67789
219,2003,8.78472
219,2004,9.38118
219,2005,7.76898
219,2006,6.58685
219,2007,6.53603
219,2008,6.30342
219,2009,7.1117
219,2010,7.30565
219,2011,7.38816
219,2012,8.63157
219,2013,8.15453
219,2014,9.08913
219,2015,9.57036
219,2016,11.08623
219,2017,12.14664
219,2018,10.56204
219,2019,12.81331
219,2020,12.94509
220,1995,1.43813
220,1996,1.40689
220,1997,1.79382
220,1998,1.66837
220,1999,1.44798
220,2000,1.14296
220,2001,1.35308
220,2002,1.32928
220,2003,1.60044
220,2004,1.46852
220,2005,1.54169
220,2006,1.3926
220,2007,1.38264
220,2008,1.35996
220,2009,1.38512
220,2010,2.01296
220,2011,1.87118
220,2012,2.27391
220,2013,4.77121
220,2014,5.51445
220,2015,5.91325
220,2016,7.16813
220,2017,8.02222
220,2018,8.5897
220,2019,7.3294
220,2020,7.93782
221,1995,27.40333
221,1996,22.33971
221,1997,32.57243
221,1998,55.51674
221,1999,38.4918
221,2000,50.22436
221,2001,80.45024
221,2002,62.97909
221,2003,57.95366
221,2004,48.23007
221,2005,33.12433
221,2006,61.1763
221,2007,34.48683
221,2008,24.28679
221,2009,24.26369
221,2010,27.76974
221,2011,22.30577
221,2012,25.24372
221,2013,21.86426
221,2014,23.18151
221,2015,27.77446
221,2016,30.83384
221,2017,22.33926
221,2018,22.64499
221,2019,46.19706
221,2020,45.35023
222,1995,338.23236
222,1996,351.2075
222,1997,371.42986
222,1998,401.79174
222,1999,424.5778
222,2000,411.43449
222,2001,425.88576
222,2002,332.04979
222,2003,366.03564
222,2004,370.53531
222,2005,632.32388
222,2006,697.83909
222,2007,673.31655
222,2008,624.85675
222,2009,626.34992
222,2010,644.12254
222,2011,624.27349
222,2012,671.2446
222,2013,649.20609
222,2014,581.99953
222,2015,611.73772
222,2016,630.57871
222,2017,596.6751
222,2018,682.66608
222,2019,643.88527
222,2020,680.05591
223,1995,5008.98587
223,1996,5916.96537
223,1997,5688.94444
223,1998,6891.00995
223,1999,5647.67086
223,2000,6061.04585
223,2001,4623.17839
223,2002,5888.75417
223,2003,6522.84207
223,2004,7108.56411
223,2005,8042.20755
223,2006,7814.18851
223,2007,7843.83278
223,2008,7805.15506
223,2009,7622.66979
223,2010,9538.63281
223,2011,9937.19326
223,2012,9824.72366
223,2013,9480.97612
223,2014,9735.0252
223,2015,10843.97594
223,2016,10122.85214
223,2017,10591.65383
223,2018,10162.6244
223,2019,10868.71054
223,2020,11299.99414
224,1995,0.15036
224,1996,0.12282
224,1997,0.16095
224,1998,0.19853
224,1999,0.21019
224,2000,0.197
224,2001,0.2083
224,2002,0.29341
224,2003,0.37395
224,2004,0.50864
224,2005,0.66292
224,2006,0.82027
224,2007,0.84862
224,2008,0.6485
224,2009,0.47058
224,2010,0.39452
224,2011,0.37067
224,2012,0.35829
224,2013,0.47107
224,2014,0.45702
224,2015,0.45145
224,2016,0.45906
224,2017,0.46837
224,2018,0.45271
224,2019,0.46019
224,2020,0.50686
225,1995,156.31968
225,1996,178.81698
225,1997,212.39025
225,1998,228.22784
225,1999,263.68739
225,2000,316.56773
225,2001,356.57369
225,2002,351.79325
225,2003,335.6913
225,2004,320.07036
225,2005,316.02743
225,2006,313.78944
225,2007,282.51915
225,2008,264.53719
225,2009,279.14459
225,2010,216.98993
225,2011,224.84291
225,2012,227.54562
225,2013,320.46107
225,2014,342.97365
225,2015,350.99604
225,2016,375.87036
225,2017,383.8563
225,2018,390.87341
225,2019,424.55954
225,2020,444.43326
226,1995,168.75134
226,1996,150.48708
226,1997,153.5393
226,1998,151.72071
226,1999,145.73339
226,2000,156.07667
226,2001,157.61982
226,2002,151.07693
226,2003,171.84686
226,2004,176.64868
226,2005,227.02718
226,2006,248.99177
226,2007,239.13024
226,2008,300.60527
226,2009,395.80392
226,2010,370.81999
226,2011,420.41807
226,2012,437.01088
226,2013,444.85996
226,2014,481.52381
226,2015,512.36217
226,2016,520.86037
226,2017,612.98997
226,2018,553.66601
226,2019,544.20574
226,2020,575.29321
227,2000,0.26333
227,2001,0.23613
227,2002,0.27525
227,2003,0.3099
227,2004,0.13388
227,2005,0.1917
227,2006,0.282
227,2007,0.34346
227,2008,0.34694
227,2009,0.52291
227,2010,0.59444
227,2011,0.32178
227,2012,0.34384
227,2013,0.34687
227,2014,0.33082
227,2015,0.49492
227,2016,0.67193
227,2017,0.45901
227,2018,0.6882
227,2019,0.58191
227,2020,0.62466
229,1995,6652.53865
229,1996,7202.75238
229,1997,6934.71548
229,1998,6278.04843
229,1999,5072.89647
229,2000,5227.20508
229,2001,6363.24943
229,2002,6409.5019
229,2003,6399.33934
229,2004,7008.11731
229,2005,6862.32395
229,2006,6878.48279
229,2007,8979.19573
229,2008,7774.04151
229,2009,7932.14344
229,2010,6962.20475
229,2011,7668.83756
229,2012,7656.67711
229,2013,7254.65008
229,2014,7314.29242
229,2015,6740.5553
229,2016,6773.85043
229,2017,7383.80658
229,2018,7346.7923
229,2019,7152.16991
229,2020,7315.26465
23,1995,8.63497
23,1996,8.18244
23,1997,8.2868
23,1998,7.66696
23,1999,10.80508
23,2000,12.60367
23,2001,11.50378
23,2002,10.64286
23,2003,10.48258
23,2004,12.41035
23,2005,12.54793
23,2006,11.89023
23,2007,10.16269
23,2008,11.50638
23,2009,10.57007
23,2010,9.42631
23,2011,9.34575
23,2012,10.8328
23,2013,12.72548
23,2014,11.15421
23,2015,12.21881
23,2016,10.25192
23,2017,10.27452
23,2018,8.16879
23,2019,8.77521
23,2020,8.67555
230,2000,1078.78735
230,2001,1193.91326
230,2002,817.94187
230,2003,633.71213
230,2004,950.07361
230,2005,1270.93755
230,2006,1679.71295
230,2007,1680.54393
230,2008,2199.45076
230,2009,1130.35552
230,2010,1200.12399
230,2011,1243.09016
230,2012,1052.08504
230,2013,1198.6257
230,2014,1205.91032
230,2015,1288.45808
230,2016,1329.4113
230,2017,1342.0214
230,2018,1403.87884
230,2019,1420.60991
230,2020,1484.65942
231,1995,29084.13446
231,1996,31195.63974
231,1997,33923.24941
231,1998,34267.23425
231,1999,28990.90141
231,2000,31031.77689
231,2001,32233.83084
231,2002,35391.88804
231,2003,37208.79072
231,2004,40830.75014
231,2005,42148.33925
231,2006,38969.18074
231,2007,38772.03134
231,2008,45276.60528
231,2009,44444.64494
231,2010,46874.38794
231,2011,52336.67491
231,2012,63981.34615
231,2013,69811.20159
231,2014,81787.37373
231,2015,60030
231,2016,53019.31838
231,2017,52213.82859
231,2018,54888.63299
231,2019,57322.18663
231,2020,59027.35938
233,1995,27.2453
233,1996,33.89217
233,1997,34.80704
233,1998,42.005
233,1999,45.21135
233,2000,67.25459
233,2001,63.68658
233,2002,74.51255
233,2003,87.84581
233,2004,85.74534
233,2005,90.63264
233,2006,76.13756
233,2007,67.02235
233,2008,91.6363
233,2009,86.5218
233,2010,100.8322
233,2011,109.983
233,2012,125.29998
233,2013,129.25304
233,2014,143.74453
233,2015,158.24349
233,2016,165.89634
233,2017,171.0796
233,2018,249.90691
233,2019,253.40561
233,2020,271.67093
234,1995,159.64445
234,1996,172.29793
234,1997,196.30749
234,1998,202.17534
234,1999,174.31866
234,2000,157.42679
234,2001,159.09277
234,2002,193.15746
234,2003,209.75864
234,2004,225.36178
234,2005,216.1001
234,2006,264.04769
234,2007,324.68187
234,2008,410.03786
234,2009,409.50588
234,2010,503.63461
234,2011,593.24758
234,2012,674.94634
234,2013,677.90747
234,2014,616.49427
234,2015,511.17418
234,2016,476.29174
234,2017,438.51858
234,2018,384.16898
234,2019,471.99034
234,2020,486.35461
235,2000,800.68427
235,2001,794.45875
235,2002,958.47697
235,2003,961.57622
235,2004,909.77118
235,2005,1012.4089
235,2006,1059.39001
235,2007,1132.28388
235,2008,1100.42884
235,2009,1255.58915
235,2010,1369.24385
235,2011,1627.9978
235,2012,1739.0283
235,2013,1821.41243
235,2014,2031.96583
235,2015,1764.75334
235,2016,1718.5323
235,2017,1870.67989
235,2018,1834.87568
235,2019,1765.59634
235,2020,1879.10547
236,1995,1845.64249
236,1996,1429.54461
236,1997,1619.31517
236,1998,1785.44199
236,1999,1411.51609
236,2000,1363.79406
236,2001,1583.6419
236,2002,1212.00937
236,2003,1006.3746
236,2004,1224.8098
236,2005,1583.75957
236,2006,1983.76082
236,2007,2503.76368
236,2008,2959.78521
236,2009,3570.34942
236,2010,3531.83513
236,2011,3601.88718
236,2012,4193.73704
236,2013,3626.90759
236,2014,3175.49473
236,2015,2331.00262
236,2016,1585.72662
236,2017,810.63392
236,2018,690.17313
236,2019,464.02159
237,1995,504.23514
237,1996,591.89022
237,1997,620.58727
237,1998,713.69054
237,1999,745.50983
237,2000,791.94712
237,2001,836.59385
237,2002,939.09046
237,2003,1032.4554
237,2004,1094.07183
237,2005,1188.10565
237,2006,1322.81271
237,2007,1594.8848
237,2008,1949.74046
237,2009,1997.65747
237,2010,2279.29611
237,2011,2604.21542
237,2012,2880.06539
237,2013,2979.10877
237,2014,3333.80287
237,2015,3635.37017
237,2016,4192.10567
237,2017,4398.38286
237,2018,4726.73729
237,2019,5080.2618
237,2020,5435.80176
238,2000,176.35464
238,2001,188.40949
238,2002,153.25649
238,2003,157.526
238,2004,211.42409
238,2005,234.09119
238,2006,263.03907
238,2007,284.16984
238,2008,358.85887
238,2009,536.42829
238,2010,568.99419
238,2011,718.35278
238,2012,1049.64397
238,2013,1134.43448
238,2014,1294.54445
238,2015,1515.18544
238,2016,1699.17089
238,2017,1880.5728
238,2018,1919.59771
238,2019,2665.06331
238,2020,2802.82129
239,1995,0.26992
239,1996,0.27839
239,1997,0.29027
239,1998,0.30549
239,1999,0.30978
239,2000,0.30061
239,2001,0.2984
239,2002,0.29604
239,2003,0.2808
239,2004,0.28266
239,2005,0.2893
239,2006,0.27218
239,2007,0.25855
239,2008,0.25972
239,2009,0.28117
239,2010,0.27787
239,2011,0.29151
239,2012,0.28395
239,2013,0.29766
239,2014,0.29116
239,2015,0.27469
239,2016,0.29285
239,2017,0.29457
239,2018,0.30872
239,2019,0.31698
239,2020,0.31897
249,1995,931.48936
249,1996,1021.57699
249,1997,1121.2378
249,1998,1297.39828
249,1999,1188.29442
249,2000,1305.15245
249,2001,1491.31654
249,2002,1379.10041
249,2003,1609.84002
249,2004,1783.78521
249,2005,1792.22079
249,2006,1991.29232
249,2007,2425.01728
249,2008,2685.12464
249,2009,2314.90848
249,2010,2365.37682
249,2011,1889.65759
249,2012,2588.08941
249,2013,2618.64159
249,2014,2418.72336
249,2015,373.80134
249,2016,288.6766
249,2017,382.89795
249,2018,1099.60773
249,2019,1106.37821
249,2020,1141.96802
25,1995,13.21567
25,1996,10.47147
25,1997,10.91962
25,1998,15.90948
25,1999,9.68792
25,2000,5.9393
25,2001,3.95529
25,2002,2.9748
25,2003,9.82622
25,2004,11.55333
25,2005,14.45959
25,2006,14.61519
25,2007,21.90545
25,2008,20.53309
25,2009,17.10284
25,2010,23.42665
25,2011,23.00844
25,2012,22.31441
25,2013,22.60428
25,2014,20.80409
25,2015,23.12266
25,2016,27.13138
25,2017,25.55216
25,2018,24.73761
25,2019,25.34298
25,2020,26.62369
250,2000,91.9372
250,2001,216.99099
250,2002,236.05407
250,2003,192.01961
250,2004,130.90832
250,2005,147.37935
250,2006,138.95969
250,2007,173.9958
250,2008,251.25981
250,2009,322.97622
250,2010,169.73156
250,2011,330.85141
250,2012,599.02865
250,2013,377.27444
250,2014,371.92067
250,2015,406.92131
250,2016,480.80583
250,2017,551.94622
250,2018,589.75627
250,2019,441.91754
250,2020,454.45218
251,1995,50.51918
251,1996,62.08194
251,1997,66.02508
251,1998,86.49267
251,1999,117.8247
251,2000,122.75875
251,2001,153.87076
251,2002,153.37832
251,2003,167.22363
251,2004,174.0958
251,2005,172.19429
251,2006,179.7129
251,2007,201.71586
251,2008,178.56741
251,2009,188.40893
251,2010,178.67775
251,2011,208.3166
251,2012,246.07218
251,2013,211.66589
251,2014,176.22856
251,2015,165.7973
251,2016,184.04617
251,2017,129.25819
251,2018,87.8174
251,2019,99.36556
251,2020,103.23092
255,1995,687.6121
255,1996,710.41123
255,1997,711.36837
255,1998,647.96228
255,1999,657.0572
255,2000,642.50024
255,2001,638.26445
255,2002,712.52716
255,2003,601.72236
255,2004,670.52107
255,2005,742.78336
255,2006,864.9917
255,2007,1015.28656
255,2008,1144.82123
255,2009,1217.14427
255,2010,1120.95507
255,2011,1318.74908
255,2012,1330.89778
255,2013,1271.42851
255,2014,1261.66925
255,2015,1287.1829
255,2016,1279.28693
255,2017,1339.82613
255,2018,1487.23216
255,2019,1634.13094
255,2020,1704.15515
256,1995,113.61951
256,1997,32.96009
256,1998,68.53373
256,1999,69.27644
256,2000,138.258
256,2001,87.93248
256,2002,147.57283
256,2003,212.9634
256,2004,188.54696
256,2005,214.34443
256,2006,201.40755
256,2007,140.96026
256,2008,235.782
256,2009,190.19887
256,2010,162.66932
256,2011,235.599
256,2012,250.52058
256,2013,263.96511
256,2014,269.60243
256,2015,94.1997
256,2016,110.40667
256,2017,137.60361
256,2018,153.53333
256,2019,159.37407
256,2020,160.80365
258,1995,0.11264
258,1996,0.1363
258,1997,0.07645
258,1998,0.25234
258,1999,0.46945
258,2000,0.47554
258,2001,0.32295
258,2002,0.1606
258,2003,0.18397
258,2004,0.37538
258,2005,0.56286
258,2006,0.74998
258,2007,1.06921
258,2008,1.28939
258,2009,0.49473
258,2010,0.34703
258,2011,0.05091
258,2012,0.04642
258,2013,0.18372
258,2014,0.32506
258,2015,0.32517
258,2016,0.03133
258,2017,0.22935
258,2018,0.11887
258,2019,0.16117
258,2020,0.19472
26,1995,13.44066
26,1996,22.6377
26,1997,16.60274
26,1998,17.06047
26,1999,15.50892
26,2000,12.98283
26,2001,14.19777
26,2002,15.02368
26,2003,16.50614
26,2004,16.47269
26,2005,15.89732
26,2006,13.52085
26,2007,14.39934
26,2008,14.36265
26,2009,16.7214
26,2010,14.90293
26,2011,15.17813
26,2012,18.6916
26,2013,19.5435
26,2014,21.34256
26,2015,24.23252
26,2016,24.06999
26,2017,23.61809
26,2018,25.73818
26,2019,25.02513
26,2020,25.9847
27,1995,234.84719
27,1996,75.38785
27,1997,189.52254
27,1998,251.32104
27,1999,255.00214
27,2000,189.38375
27,2001,465.84295
27,2002,239.95403
27,2003,347.88448
27,2004,445.72694
27,2005,298.72158
27,2006,269.02171
27,2007,291.56362
27,2008,633.70634
27,2009,376.50594
27,2010,436.29256
27,2011,614.2834
27,2012,596.73669
27,2013,596.33405
27,2014,741.37263
27,2015,784.45931
27,2016,562.27901
27,2017,660.93686
27,2018,719.55412
27,2019,632.03351
27,2020,667.5387
272,2000,437.80545
272,2001,388.40501
272,2002,286.00944
272,2003,264.97715
272,2004,295.56298
272,2005,250.73954
272,2006,278.0665
272,2007,293.74562
272,2008,379.86081
272,2009,348.41722
272,2010,316.65996
272,2011,374.82764
272,2012,353.43729
272,2013,394.71353
272,2014,377.35544
272,2015,397.6514
272,2016,381.01441
272,2017,355.96723
272,2018,388.15127
272,2019,403.97766
272,2020,402.84891
273,2000,17.18543
273,2001,19.69467
273,2002,26.90533
273,2003,21.80642
273,2004,18.19581
273,2005,18.78462
273,2006,21.71942
273,2007,29.0302
273,2008,35.35294
273,2009,33.40068
273,2010,29.33298
273,2011,29.84474
273,2012,27.64706
273,2013,31.53959
273,2014,32.12238
273,2015,34.44109
273,2016,40.21501
273,2017,40.75471
273,2018,43.74347
273,2019,42.94967
273,2020,45.74793
28,1995,111.73607
28,1996,131.53429
28,1997,152.39357
28,1998,184.65631
28,1999,216.63734
28,2000,243.62
28,2001,296.9548
28,2002,347.42563
28,2003,397.2627
28,2004,471.92458
28,2005,564.45243
28,2006,681.72755
28,2007,785.2494
28,2008,863.83932
28,2009,961.26518
28,2010,988.15209
28,2011,999.96257
28,2012,1071.89719
28,2013,1149.23095
28,2014,1215.86977
28,2015,1371.90378
28,2016,1382.42459
28,2017,1396.46611
28,2018,1435.59151
28,2019,1558.57281
28,2020,1674.63257
29,1995,8.18747
29,1996,10.70147
29,1997,16.65181
29,1998,17.23009
29,1999,29.20569
29,2000,11.66949
29,2001,13.93378
29,2002,12.1149
29,2003,17.92432
29,2004,32.31664
29,2005,17.95766
29,2006,18.39919
29,2007,16.72131
29,2008,20.99909
29,2009,24.46331
29,2010,28.43276
29,2011,28.37932
29,2012,29.82414
29,2013,35.00094
29,2014,33.44077
29,2015,32.97321
29,2016,33.57393
29,2017,35.69065
29,2018,38.26552
29,2019,40.0011
29,2020,42.2396
299,1995,65.56861
299,1996,74.41461
299,1997,80.85724
299,1998,100.74666
299,1999,103.71553
299,2000,86.9258
299,2001,61.9658
299,2002,53.98385
299,2003,56.34459
299,2004,102.67639
299,2005,96.11234
299,2006,124.42958
299,2007,81.24132
299,2008,137.71062
299,2009,162.63608
299,2010,135.18981
299,2011,140.09056
299,2012,170.85877
299,2013,156.05998
299,2014,155.07833
299,2015,151.64824
299,2016,173.41957
299,2017,158.95132
299,2018,164.53808
299,2019,168.53485
299,2020,175.07228
3,1995,363.35467
3,1996,281.88369
3,1997,158.19819
3,1998,151.74649
3,1999,168.43503
3,2000,182.47431
3,2001,191.08709
3,2002,197.51555
3,2003,213.97844
3,2004,218.43087
3,2005,214.03774
3,2006,216.26498
3,2007,225.44342
3,2008,241.89253
3,2009,249.33592
3,2010,268.58542
3,2011,283.59904
3,2012,289.62813
3,2013,299.23626
3,2014,307.7356
3,2015,312.73102
3,2016,321.30623
3,2017,323.35685
3,2018,325.73065
3,2019,330.415
3,2020,326.75708
32,1995,197.08466
32,1996,206.82151
32,1997,216.0565
32,1998,228.18204
32,1999,241.24416
32,2000,218.5434
32,2001,230.28943
32,2002,241.78285
32,2003,246.79407
32,2004,254.7567
32,2005,262.59773
32,2006,254.25923
32,2007,252.4081
32,2008,274.42115
32,2009,294.42461
32,2010,314.37365
32,2011,326.11153
32,2012,357.42289
32,2013,383.59283
32,2014,430.26626
32,2015,471.3428
32,2016,495.58875
32,2017,499.14128
32,2018,531.02273
32,2019,558.50773
32,2020,585.27368
33,1995,4481.7712
33,1996,4731.64061
33,1997,5564.16257
33,1998,5876.95241
33,1999,5184.06033
33,2000,5154.54484
33,2001,4803.80939
33,2002,5158.82926
33,2003,4682.57516
33,2004,4534.76057
33,2005,4309.94829
33,2006,3775.10209
33,2007,4631.0415
33,2008,4579.49273
33,2009,4777.8922
33,2010,4862.26802
33,2011,4801.60482
33,2012,5735.78055
33,2013,5272.43089
33,2014,6100.01061
33,2015,5501.53356
33,2016,5219.17446
33,2017,5869.87749
33,2018,4548.11384
33,2019,4444.3553
33,2020,4431.88232
35,1995,6.01842
35,1996,7.23876
35,1997,6.37095
35,1998,7.92328
35,1999,11.42939
35,2000,11.5446
35,2001,11.10238
35,2002,11.08656
35,2003,12.82816
35,2004,12.65702
35,2005,12.2929
35,2006,13.23954
35,2007,13.69536
35,2008,13.79609
35,2009,14.58801
35,2010,14.29293
35,2011,14.52425
35,2012,15.83024
35,2013,15.96028
35,2014,15.45153
35,2015,16.89949
35,2016,16.56441
35,2017,14.9981
35,2018,12.31055
35,2019,11.7816
35,2020,12.32458
36,1995,0.54104
36,1996,0.61601
36,1997,0.54483
36,1998,0.61021
36,1999,0.6958
36,2000,0.78985
36,2001,0.8657
36,2002,0.93222
36,2003,0.99752
36,2004,1.0497
36,2005,1.13501
36,2006,1.2536
36,2007,1.28526
36,2008,1.33753
36,2009,1.12093
36,2010,1.12707
36,2011,1.17972
36,2012,1.24281
36,2013,1.32493
36,2014,1.30461
36,2015,1.41727
36,2016,1.60559
36,2017,1.71583
36,2018,1.96739
36,2019,2.25931
36,2020,2.39175
37,1995,54.84712
37,1996,39.43427
37,1997,44.11266
37,1998,47.06627
37,1999,47.94823
37,2000,50.18423
37,2001,51.56556
37,2002,50.32643
37,2003,46.87678
37,2004,47.07969
37,2005,47.50588
37,2006,45.98178
37,2007,44.7533
37,2008,43.22675
37,2009,41.76523
37,2010,38.27874
37,2011,41.35039
37,2012,44.81251
37,2013,16.89258
37,2014,17.38981
37,2015,17.94326
37,2016,19.70507
37,2017,21.50676
37,2018,21.12905
37,2019,22.32875
37,2020,19.6528
38,1995,485.54352
38,1996,505.32929
38,1997,528.87816
38,1998,581.3013
38,1999,595.91881
38,2000,612.88473
38,2001,605.37745
38,2002,636.67387
38,2003,685.06609
38,2004,689.64419
38,2005,704.62894
38,2006,731.17262
38,2007,844.228
38,2008,1008.03552
38,2009,1041.58186
38,2010,1072.83939
38,2011,1203.4463
38,2012,1098.88267
38,2013,1190.25757
38,2014,1306.58618
38,2015,1499.81122
38,2016,1416.35225
38,2017,1610.80877
38,2018,1683.21765
38,2019,1583.58835
38,2020,1686.66846
39,1995,16.73803
39,1996,18.4386
39,1997,20.6969
39,1998,22.48574
39,1999,20.21755
39,2000,21.28223
39,2001,25.97447
39,2002,31.29464
39,2003,46.74582
39,2004,61.38011
39,2005,77.08696
39,2006,88.73898
39,2007,88.38385
39,2008,99.22002
39,2009,113.83796
39,2010,160.13907
39,2011,131.00084
39,2012,174.62555
39,2013,187.21893
39,2014,171.30861
39,2015,216.93081
39,2016,192.56563
39,2017,235.6346
39,2018,258.48099
39,2019,212.24674
39,2020,233.34183
4,1995,799.31185
4,1996,901.28443
4,1997,807.16901
4,1998,1009.75778
4,1999,1033.69037
4,2000,935.11504
4,2001,1045.51603
4,2002,1052.10218
4,2003,1121.46909
4,2004,1163.12618
4,2005,1071.65723
4,2006,1075.46345
4,2007,1116.74398
4,2008,1059.25399
4,2009,1392.06523
4,2010,1373.39859
4,2011,1401.73152
4,2012,1629.04039
4,2013,1883.17626
4,2014,2029.69987
4,2015,2303.7729
4,2016,2510.54476
4,2017,2555.95777
4,2018,2663.25971
4,2019,2847.22952
4,2020,2998.65039
40,1995,838.11063
40,1996,878.31509
40,1997,958.52685
40,1998,1005.76026
40,1999,865.98254
40,2000,896.21
40,2001,777.09153
40,2002,825.79999
40,2003,848.08363
40,2004,839.34775
40,2005,1029.83676
40,2006,1082.91307
40,2007,1196.48882
40,2008,1285.83685
40,2009,1142.15123
40,2010,1401.11001
40,2011,1638.60767
40,2012,1427.46002
40,2013,1371.81304
40,2014,1264.13907
40,2015,1357.45403
40,2016,1548.86805
40,2017,1454.54312
40,2018,1350.09679
40,2019,1387.0523
40,2020,1432.71985
41,1995,43316.97308
41,1996,47751.52528
41,1997,48171.75775
41,1998,50811.23234
41,1999,50693.15544
41,2000,49606.36074
41,2001,52326.61072
41,2002,54585.66312
41,2003,56914.41337
41,2004,65889.42461
41,2005,67210.78727
41,2006,70179.08786
41,2007,76529.4362
41,2008,82490.2291
41,2009,90133.55469
41,2010,98241.89649
41,2011,107130.00523
41,2012,115428.01649
41,2013,123503.23868
41,2014,129007.18071
41,2015,139171.3991
41,2016,145113.44251
41,2017,142005.36598
41,2018,141636.82387
41,2019,150976.1837
41,2020,159005.28125
44,1995,731.87989
44,1996,785.24769
44,1997,773.66295
44,1998,807.0071
44,1999,762.55356
44,2000,670.30998
44,2001,712.63828
44,2002,917.08501
44,2003,910.66899
44,2004,859.41269
44,2005,923.04902
44,2006,931.48313
44,2007,959.4183
44,2008,1003.21692
44,2009,1025.30286
44,2010,1111.0188
44,2011,1233.48062
44,2012,1037.68699
44,2013,911.45168
44,2014,938.2849
44,2015,982.90194
44,2016,1302.02631
44,2017,1457.59548
44,2018,1602.18173
44,2019,1817.8758
44,2020,1895.15503
45,1995,13.65959
45,1996,13.69149
45,1997,14.14809
45,1998,13.98869
45,1999,14.86729
45,2000,21.40698
45,2001,20.62768
45,2002,19.77074
45,2003,19.3099
45,2004,21.28635
45,2005,15.56873
45,2006,16.33164
45,2007,8.95617
45,2008,9.98435
45,2009,11.39442
45,2010,11.08446
45,2011,14.71408
45,2012,16.52511
45,2013,16.8794
45,2014,17.60559
45,2015,20.16499
45,2016,20.00594
45,2017,19.88843
45,2018,22.91462
45,2019,23.84357
45,2020,24.30374
46,1995,78.31962
46,1996,75.09047
46,1997,70.47568
46,1998,67.03711
46,1999,61.15225
46,2000,64.24298
46,2001,54.07851
46,2002,59.12827
46,2003,54.40944
46,2004,56.2304
46,2005,61.75875
46,2006,52.44178
46,2007,47.85442
46,2008,54.25133
46,2009,58.28261
46,2010,52.4527
46,2011,61.37795
46,2012,70.64436
46,2013,80.15644
46,2014,87.4241
46,2015,91.39603
46,2016,86.25638
46,2017,97.42162
46,2018,95.76931
46,2019,91.83489
46,2020,92.71329
48,1995,440.78676
48,1996,408.11629
48,1997,475.49095
48,1998,545.26558
48,1999,399.18063
48,2000,332.57462
48,2001,321.32559
48,2002,348.90287
48,2003,373.85647
48,2004,388.7332
48,2005,271.18736
48,2006,277.78593
48,2007,334.9419
48,2008,274.23409
48,2009,263.16399
48,2010,270.01772
48,2011,258.92426
48,2012,379.2347
48,2013,347.9176
48,2014,499.79826
48,2015,408.97729
48,2016,454.92927
48,2017,447.08214
48,2018,434.38387
48,2019,384.97933
48,2020,384.54178
49,1995,113.20264
49,1996,126.9486
49,1997,132.78706
49,1998,120.68478
49,1999,129.42926
49,2000,148.54609
49,2001,147.91629
49,2002,145.03524
49,2003,134.78524
49,2004,139.40824
49,2005,140.38366
49,2006,155.06493
49,2007,177.0949
49,2008,173.4601
49,2009,200.1389
49,2010,188.53564
49,2011,213.02215
49,2012,243.7949
49,2013,246.78021
49,2014,263.10066
49,2015,260.38982
49,2016,266.75256
49,2017,248.56732
49,2018,228.2146
49,2019,267.69272
49,2020,276.73663
50,1995,96.68006
50,1996,90.15914
50,1997,97.51829
50,1998,106.50099
50,1999,106.22387
50,2000,119.38734
50,2001,127.06046
50,2002,111.07166
50,2003,104.00875
50,2004,86.37089
50,2005,75.24469
50,2006,67.25826
50,2007,49.84491
50,2008,43.46562
50,2009,32.8844
50,2010,32.20215
50,2011,30.43438
50,2012,37.49312
50,2013,12.59599
50,2014,26.38786
50,2015,13.75243
50,2016,24.82878
50,2017,29.9665
50,2018,33.81433
50,2019,27.73246
50,2020,21.87844
5000,1995,271756.89307
5000,1996,286074.47286
5000,1997,291676.31462
5000,1998,294771.52203
5000,1999,288148.84375
5000,2000,293341.67075
5000,2001,301580.17826
5000,2002,314262.67958
5000,2003,320153.79109
5000,2004,335762.4146
5000,2005,349098.65663
5000,2006,357517.3148
5000,2007,385209.67745
5000,2008,415006.36741
5000,2009,409020.50285
5000,2010,429050.77505
5000,2011,467555.11193
5000,2012,491640.95877
5000,2013,516059.94256
5000,2014,530897.12306
5000,2015,514604.21809
5000,2016,525591.68876
5000,2017,536926.58588
5000,2018,537996.11009
5000,2019,556165.38509
5000,2020,576727.36248
5100,1995,14334.07601
5100,1996,17014.10579
5100,1997,17490.66667
5100,1998,18568.78204
5100,1999,18129.82866
5100,2000,18107.47068
5100,2001,17898.98568
5100,2002,23276.08544
5100,2003,23876.40245
5100,2004,19911.16295
5100,2005,22328.82245
5100,2006,24145.13943
5100,2007,24389.87968
5100,2008,26423.86331
5100,2009,27428.07372
5100,2010,29973.7143
5100,2011,29712.58955
5100,2012,33896.1522
5100,2013,35333.95055
5100,2014,36098.1371
5100,2015,38998.48387
5100,2016,39577.73878
5100,2017,40531.54691
5100,2018,39127.27749
5100,2019,38099.5742
5100,2020,40168.54097
5101,1995,1200.78466
5101,1996,1262.18334
5101,1997,1221.1069
5101,1998,1592.69581
5101,1999,1772.99347
5101,2000,1504.7452
5101,2001,1641.18487
5101,2002,1602.32371
5101,2003,1697.73395
5101,2004,1973.38093
5101,2005,4330.13051
5101,2006,2547.56425
5101,2007,2292.54025
5101,2008,2918.55783
5101,2009,2889.21571
5101,2010,3055.5998
5101,2011,3465.02106
5101,2012,4091.39835
5101,2013,4469.02049
5101,2014,4828.51893
5101,2015,5478.9102
5101,2016,6033.83835
5101,2017,6868.03296
5101,2018,6844.9745
5101,2019,7879.45735
5101,2020,8322.00556
5102,1995,856.06603
5102,1996,989.6109
5102,1997,1089.96125
5102,1998,1580.16132
5102,1999,934.03092
5102,2000,914.31927
5102,2001,1134.07902
5102,2002,926.18392
5102,2003,950.9148
5102,2004,971.48827
5102,2005,1000.78483
5102,2006,1037.56596
5102,2007,1098.05254
5102,2008,1248.21915
5102,2009,1488.40272
5102,2010,1395.38033
5102,2011,1614.91185
5102,2012,2036.25889
5102,2013,1915.92156
5102,2014,2058.59935
5102,2015,2315.4
5102,2016,2420.60641
5102,2017,2401.53173
5102,2018,2460.84375
5102,2019,2377.00091
5102,2020,2465.20862
5103,1995,4490.38928
5103,1996,5815.22262
5103,1997,6143.14893
5103,1998,6599.849
5103,1999,6843.57937
5103,2000,6764.88206
5103,2001,6067.33348
5103,2002,5918.46107
5103,2003,5567.18509
5103,2004,4849.16307
5103,2005,4510.8598
5103,2006,5460.59606
5103,2007,5084.29809
5103,2008,4916.45955
5103,2009,5200.31433
5103,2010,5098.87125
5103,2011,5061.93179
5103,2012,6030.41954
5103,2013,6379.2294
5103,2014,5948.20248
5103,2015,6696.40068
5103,2016,7117.16846
5103,2017,7479.46389
5103,2018,8079.68252
5103,2019,8159.4112
5103,2020,8509.14328
5104,1995,1217.60472
5104,1996,1493.09517
5104,1997,1376.39156
5104,1998,1233.34243
5104,1999,1103.34809
5104,2000,1137.46393
5104,2001,1212.82126
5104,2002,1541.79063
5104,2003,1488.03239
5104,2004,1501.37981
5104,2005,1549.92208
5104,2006,1518.50201
5104,2007,1522.90376
5104,2008,1660.35291
5104,2009,1607.81966
5104,2010,1563.60958
5104,2011,1829.78047
5104,2012,2152.03351
5104,2013,2125.59145
5104,2014,2096.52172
5104,2015,2023.59516
5104,2016,2035.73111
5104,2017,1942.47371
5104,2018,1860.03799
5104,2019,1667.87461
5104,2020,1717.72909
5105,1995,6569.23133
5105,1996,7453.99375
5105,1997,7660.05802
5105,1998,7562.73348
5105,1999,7475.87681
5105,2000,7786.06022
5105,2001,7843.56706
5105,2002,13287.32611
5105,2003,14172.53621
5105,2004,10615.75086
5105,2005,10937.12523
5105,2006,13580.91116
5105,2007,14392.08504
5105,2008,15680.27387
5105,2009,16242.32131
5105,2010,18860.25334
5105,2011,17740.94439
5105,2012,19586.0419
5105,2013,20444.18765
5105,2014,21166.29463
5105,2015,22484.17782
5105,2016,21970.39445
5105,2017,21840.04462
5105,2018,19881.73873
5105,2019,18015.83012
5105,2020,19154.45442
52,1995,53.75343
52,1996,101.03156
52,1997,37.99121
52,1998,48.27576
52,1999,42.7074
52,2000,49.2643
52,2001,53.32274
52,2002,48.34182
52,2003,46.03422
52,2004,38.64444
52,2005,34.16151
52,2006,61.04393
52,2007,213.47291
52,2008,265.39952
52,2009,257.94396
52,2010,348.55714
52,2011,365.25753
52,2012,513.92442
52,2013,475.31669
52,2014,337.79925
52,2015,324.91875
52,2016,268.29595
52,2017,448.43036
52,2018,341.34499
52,2019,425.42129
52,2020,450.04422
5200,1995,52499.37201
5200,1996,55436.27008
5200,1997,60348.91231
5200,1998,61535.33072
5200,1999,53535.14814
5200,2000,55721.14011
5200,2001,56799.34448
5200,2002,62547.54303
5200,2003,65469.84457
5200,2004,68992.28119
5200,2005,69051.39666
5200,2006,65783.96313
5200,2007,69461.92427
5200,2008,78396.08311
5200,2009,76037.688
5200,2010,81552.86292
5200,2011,90098.98932
5200,2012,101666.47615
5200,2013,108429.7877
5200,2014,120729.06604
5200,2015,95538.89632
5200,2016,91065.84773
5200,2017,89111.69978
5200,2018,90622.80514
5200,2019,93701.50004
5200,2020,95308.94971
5203,1995,33565.90566
5203,1996,35927.28035
5203,1997,39487.41199
5203,1998,40144.18666
5203,1999,34174.96174
5203,2000,36187.75186
5203,2001,37039.35017
5203,2002,40552.58847
5203,2003,41893.3416
5203,2004,45367.43687
5203,2005,46460.08169
5203,2006,42746.37008
5203,2007,43404.86623
5203,2008,49857.75179
5203,2009,49223.72792
5203,2010,51737.82488
5203,2011,57139.43073
5203,2012,69718.1205
5203,2013,75084.75266
5203,2014,87888.18999
5203,2015,65532.48112
5203,2016,58239.59464
5203,2017,58084.60092
5203,2018,59437.54428
5203,2019,61767.44985
5203,2020,63460.07074
5204,1995,1949.01191
5204,1996,2055.57536
5204,1997,2350.94586
5204,1998,2273.18027
5204,1999,2067.53477
5204,2000,2139.53263
5204,2001,2115.23124
5204,2002,2222.34342
5204,2003,2084.62933
5204,2004,2084.16658
5204,2005,2151.38428
5204,2006,2168.42836
5204,2007,2373.51483
5204,2008,2409.90073
5204,2009,2199.43843
5204,2010,2266.73834
5204,2011,2420.68696
5204,2012,2567.38752
5204,2013,2799.80562
5204,2014,3155.08339
5204,2015,3236.43353
5204,2016,3298.13165
5204,2017,3378.95836
5204,2018,3386.96424
5204,2019,3380.08836
5204,2020,3486.31062
5206,1995,759.19059
5206,1996,766.06683
5206,1997,881.38757
5206,1998,924.42255
5206,1999,847.00816
5206,2000,882.79003
5206,2001,864.5833
5206,2002,845.67825
5206,2003,778.79409
5206,2004,799.07944
5206,2005,833.65527
5206,2006,885.21075
5206,2007,917.04365
5206,2008,932.30138
5206,2009,930.50793
5206,2010,986.85293
5206,2011,948.37635
5206,2012,959.25385
5206,2013,979.27734
5206,2014,1029.85055
5206,2015,1131.41357
5206,2016,1229.40173
5206,2017,1182.27099
5206,2018,1162.85931
5206,2019,1251.38509
5206,2020,1285.63273
5207,1995,16225.26384
5207,1996,16687.34754
5207,1997,17629.16688
5207,1998,18193.54124
5207,1999,16445.64346
5207,2000,16511.06559
5207,2001,16780.17977
5207,2002,18926.9329
5207,2003,20713.07956
5207,2004,20741.5983
5207,2005,19606.27542
5207,2006,19983.95394
5207,2007,22766.49955
5207,2008,25196.12921
5207,2009,23684.01373
5207,2010,26561.44677
5207,2011,29590.49529
5207,2012,28421.71428
5207,2013,29565.95207
5207,2014,28655.9421
5207,2015,25638.56811
5207,2016,28298.71971
5207,2017,26465.8695
5207,2018,26635.43731
5207,2019,27302.57673
5207,2020,27076.93562
53,1995,28.74995
53,1996,34.22535
53,1997,35.89834
53,1998,38.42131
53,1999,39.53157
53,2000,42.62951
53,2001,49.26798
53,2002,56.39929
53,2003,56.7927
53,2004,65.82926
53,2005,64.98673
53,2006,69.52522
53,2007,70.81954
53,2008,78.00142
53,2009,79.51983
53,2010,78.08656
53,2011,87.11248
53,2012,106.53226
53,2013,124.12905
53,2014,156.60349
53,2015,220.68345
53,2016,241.47261
53,2017,264.61212
53,2018,279.60245
53,2019,311.6747
53,2020,332.99765
5300,1995,133618.2696
5300,1996,139607.9515
5300,1997,135076.87545
5300,1998,135513.02087
5300,1999,135651.71821
5300,2000,132528.76354
5300,2001,137357.21378
5300,2002,139944.40501
5300,2003,142274.34813
5300,2004,154440.57787
5300,2005,161381.51039
5300,2006,164848.94744
5300,2007,177825.80261
5300,2008,192291.85873
5300,2009,202750.88282
5300,2010,217932.20406
5300,2011,237620.63193
5300,2012,247093.48677
5300,2013,266073.42854
5300,2014,269692.38967
5300,2015,277956.94907
5300,2016,290797.07746
5300,2017,298716.41399
5300,2018,298860.98273
5300,2019,314885.6453
5300,2020,328265.2767
5301,2000,1406.6807
5301,2001,1531.23819
5301,2002,1655.21457
5301,2003,1626.04123
5301,2004,1563.34298
5301,2005,1803.02549
5301,2006,1861.1789
5301,2007,2021.6898
5301,2008,2032.80397
5301,2009,2292.4435
5301,2010,2399.59115
5301,2011,2757.35148
5301,2012,2855.40204
5301,2013,3031.98967
5301,2014,3305.33376
5301,2015,3180.09592
5301,2016,3128.45119
5301,2017,3381.08005
5301,2018,3487.57489
5301,2019,3522.48589
5301,2020,3709.66218
5302,1995,78665.38697
5302,1996,82218.31135
5302,1997,79536.77238
5302,1998,80950.39709
5302,1999,79694.55946
5302,2000,76270.33076
5302,2001,77701.88825
5302,2002,77460.70264
5302,2003,79113.45651
5302,2004,87259.38393
5302,2005,88378.70695
5302,2006,88443.49673
5302,2007,93949.44023
5302,2008,99038.76379
5302,2009,106072.23133
5302,2010,114192.51463
5302,2011,122333.19815
5302,2012,132077.86629
5302,2013,141962.6706
5302,2014,146143.68021
5302,2015,157767.3372
5302,2016,161886.36967
5302,2017,163947.2352
5302,2018,159306.33594
5302,2019,168784.16823
5302,2020,175182.14423
5303,1995,25493.09269
5303,1996,25542.58617
5303,1997,23376.40482
5303,1998,23947.63533
5303,1999,26684.63882
5303,2000,25485.8204
5303,2001,29550.43891
5303,2002,29094.58644
5303,2003,28201.20761
5303,2004,30468.87138
5303,2005,34823.75794
5303,2006,36214.60498
5303,2007,40701.99999
5303,2008,47276.1569
5303,2009,51765.3215
5303,2010,52840.11979
5303,2011,60840.80612
5303,2012,58157.11361
5303,2013,66437.442
5303,2014,64854.33203
5303,2015,61289.58296
5303,2016,68533.00026
5303,2017,70686.88476
5303,2018,74405.42368
5303,2019,78686.68647
5303,2020,82751.70746
5304,1995,20387.30097
5304,1996,21768.83069
5304,1997,22291.80224
5304,1998,19160.22192
5304,1999,19341.47729
5304,2000,18477.54037
5304,2001,18792.48019
5304,2002,20626.19007
5304,2003,21559.8375
5304,2004,22495.31344
5304,2005,22427.56091
5304,2006,23658.90569
5304,2007,26709.85204
5304,2008,29611.28778
5304,2009,28651.97934
5304,2010,31964.48181
5304,2011,35041.5052
5304,2012,36185.84478
5304,2013,37534.9761
5304,2014,38411.05969
5304,2015,39635.1023
5304,2016,41767.97018
5304,2017,44213.08411
5304,2018,45281.49178
5304,2019,46365.97912
5304,2020,48476.8289
5305,1995,9072.48897
5305,1996,10078.22329
5305,1997,9871.89601
5305,1998,11454.76652
5305,1999,9931.04264
5305,2000,10888.39131
5305,2001,9781.16824
5305,2002,11107.71129
5305,2003,11773.80528
5305,2004,12653.66615
5305,2005,13948.45909
5305,2006,14670.76113
5305,2007,14442.82054
5305,2008,14332.84629
5305,2009,13968.90716
5305,2010,16535.49669
5305,2011,16647.77098
5305,2012,17817.26005
5305,2013,17106.35017
5305,2014,16977.98397
5305,2015,16084.83069
5305,2016,15481.28617
5305,2017,16488.12987
5305,2018,16380.15644
5305,2019,17526.32559
5305,2020,18144.93393
54,1995,1522.38322
54,1996,1541.75435
54,1997,1719.1081
54,1998,1734.98626
54,1999,1649.01735
54,2000,1834.55295
54,2001,2014.46369
54,2002,1742.46858
54,2003,1706.73228
54,2004,1791.42154
54,2005,1895.89909
54,2006,2313.35932
54,2007,2699.16221
54,2008,2535.42983
54,2009,1588.36757
54,2010,1358.22708
54,2011,1245.61297
54,2012,1392.45318
54,2013,1610.9901
54,2014,1470.54938
54,2015,1442.79644
54,2016,1307.2323
54,2017,1461.20128
54,2018,1384.61152
54,2019,1710.02356
54,2020,1742.88696
5400,1995,63456.12951
5400,1996,65931.73465
5400,1997,69822.83596
5400,1998,69600.54602
5400,1999,70660.06901
5400,2000,76669.0488
5400,2001,78549.89014
5400,2002,77524.64283
5400,2003,76321.86641
5400,2004,79483.90711
5400,2005,83424.37666
5400,2006,89136.20315
5400,2007,98754.07277
5400,2008,103472.89667
5400,2009,91157.0267
5400,2010,87502.29007
5400,2011,98044.67534
5400,2012,96792.96798
5400,2013,94459.14321
5400,2014,92888.13431
5400,2015,90907.61607
5400,2016,91514.89915
5400,2017,96286.27454
5400,2018,98821.89466
5400,2019,98824.52219
5400,2020,101958.94578
5401,1995,5586.90779
5401,1996,5508.46627
5401,1997,6958.16699
5401,1998,6195.39087
5401,1999,5755.20053
5401,2000,10454.9364
5401,2001,11991.29451
5401,2002,11931.66664
5401,2003,11872.66635
5401,2004,12948.57547
5401,2005,14616.45954
5401,2006,18548.35995
5401,2007,22811.23388
5401,2008,24876.44669
5401,2009,21074.42736
5401,2010,19523.0327
5401,2011,23135.92752
5401,2012,23438.85964
5401,2013,23237.65665
5401,2014,23628.3337
5401,2015,22465.81601
5401,2016,22870.55381
5401,2017,23765.51411
5401,2018,23728.04132
5401,2019,22697.4272
5401,2020,24040.45654
5402,1995,14880.63638
5402,1996,15797.01377
5402,1997,16352.44845
5402,1998,15335.53162
5402,1999,13840.85458
5402,2000,14378.44384
5402,2001,15901.57228
5402,2002,15516.08887
5402,2003,15633.01589
5402,2004,16416.65915
5402,2005,17041.44892
5402,2006,17608.58237
5402,2007,20850.52124
5402,2008,20721.41326
5402,2009,17387.92868
5402,2010,16850.54653
5402,2011,18314.42832
5402,2012,17819.73304
5402,2013,17547.3497
5402,2014,17263.49457
5402,2015,16756.33267
5402,2016,17082.39852
5402,2017,18374.06713
5402,2018,18265.04535
5402,2019,18606.63893
5402,2020,19093.17709
5403,1995,15191.566
5403,1996,15913.34686
5403,1997,16740.38619
5403,1998,17808.09457
5403,1999,19118.28782
5403,2000,20144.502
5403,2001,19118.89692
5403,2002,19423.24624
5403,2003,19558.68044
5403,2004,20396.05076
5403,2005,20870.62586
5403,2006,20325.62036
5403,2007,20352.95313
5403,2008,20654.01033
5403,2009,18640.20809
5403,2010,18581.15697
5403,2011,18843.62014
5403,2012,17624.56964
5403,2013,16620.41259
5403,2014,16406.51746
5403,2015,17437.93004
5403,2016,19612.96527
5403,2017,21610.60924
5403,2018,23029.68908
5403,2019,23204.50614
5403,2020,23949.35762
5404,1995,27797.01935
5404,1996,28712.90775
5404,1997,29771.83432
5404,1998,30261.52895
5404,1999,31945.72609
5404,2000,31691.16656
5404,2001,31538.12643
5404,2002,30653.64108
5404,2003,29257.50372
5404,2004,29722.62173
5404,2005,30895.84234
5404,2006,32653.64047
5404,2007,34739.36453
5404,2008,37221.02638
5404,2009,34054.46257
5404,2010,32547.55387
5404,2011,37750.69937
5404,2012,37909.80566
5404,2013,37053.72427
5404,2014,35589.78859
5404,2015,34247.53736
5404,2016,31948.98154
5404,2017,32536.08406
5404,2018,33799.11891
5404,2019,34315.94992
5404,2020,34875.95453
55,1995,3.36033
55,1996,3.26082
55,1997,3.4851
55,1998,3.25004
55,1999,3.34651
55,2000,3.29606
55,2001,2.65273
55,2002,2.3216
55,2003,2.6346
55,2004,2.82498
55,2005,3.29999
55,2006,2.89625
55,2007,3.05136
55,2008,3.83124
55,2009,4.09267
55,2010,4.00211
55,2011,4.60259
55,2012,4.14476
55,2013,4.27118
55,2014,4.67072
55,2015,4.03735
55,2016,5.18807
55,2017,4.18579
55,2018,2.91501
55,2019,3.92399
55,2020,3.8397
5500,1995,7849.04594
5500,1996,8084.41085
5500,1997,8937.02424
5500,1998,9553.84237
5500,1999,10172.07973
5500,2000,10315.24762
5500,2001,10974.74418
5500,2002,10970.00326
5500,2003,12211.32952
5500,2004,12934.48549
5500,2005,12912.55047
5500,2006,13603.06165
5500,2007,14777.99812
5500,2008,14421.66559
5500,2009,11646.83161
5500,2010,12089.70369
5500,2011,12078.22578
5500,2012,12191.87567
5500,2013,11763.63257
5500,2014,11489.39594
5500,2015,11202.27277
5500,2016,12636.12563
5500,2017,12280.65065
5500,2018,10563.15007
5500,2019,10654.14337
5500,2020,11025.64933
5501,1995,7697.22319
5501,1996,7891.54328
5501,1997,8759.85675
5501,1998,9369.70888
5501,1999,9979.64408
5501,2000,10099.84073
5501,2001,10760.40699
5501,2002,10729.79491
5501,2003,11971.16084
5501,2004,12703.24643
5501,2005,12663.7225
5501,2006,13356.21225
5501,2007,14517.60563
5501,2008,14130.99861
5501,2009,11306.10218
5501,2010,11700.39001
5501,2011,11625.87178
5501,2012,11713.60249
5501,2013,11259.84819
5501,2014,10973.371
5501,2015,10821.86703
5501,2016,12221.84752
5501,2017,11844.54636
5501,2018,10136.74735
5501,2019,10203.46063
5501,2020,10554.85596
5502,1995,127.05368
5502,1996,167.73224
5502,1997,154.03771
5502,1998,159.38486
5502,1999,166.22711
5502,2000,188.08999
5502,2001,190.50248
5502,2002,213.54756
5502,2003,213.07241
5502,2004,204.28457
5502,2005,223.03034
5502,2006,222.335
5502,2007,235.64577
5502,2008,266.63296
5502,2009,316.39379
5502,2010,363.73776
5502,2011,427.75026
5502,2012,451.65423
5502,2013,476.67488
5502,2014,489.57785
5502,2015,351.24864
5502,2016,381.08693
5502,2017,399.90345
5502,2018,393.25238
5502,2019,414.33153
5502,2020,433.77333
5503,1995,9.67932
5503,1996,8.97321
5503,1997,8.0617
5503,1998,8.54758
5503,1999,8.57529
5503,2000,10.60527
5503,2001,10.05354
5503,2002,10.10217
5503,2003,10.52508
5503,2004,9.6156
5503,2005,10.05885
5503,2006,10.28345
5503,2007,11.02589
5503,2008,10.95368
5503,2009,11.57238
5503,2010,12.48457
5503,2011,12.39113
5503,2012,13.36866
5503,2013,12.74548
5503,2014,11.18526
5503,2015,12.09588
5503,2016,13.42231
5503,2017,14.95046
5503,2018,12.94548
5503,2019,14.16159
5503,2020,14.44865
5504,1995,15.08975
5504,1996,16.16212
5504,1997,15.06807
5504,1998,16.20105
5504,1999,17.63325
5504,2000,16.71164
5504,2001,13.78116
5504,2002,16.55862
5504,2003,16.5712
5504,2004,17.33889
5504,2005,15.73879
5504,2006,14.23096
5504,2007,13.72083
5504,2008,13.08034
5504,2009,12.76326
5504,2010,13.09135
5504,2011,12.21261
5504,2012,13.25029
5504,2013,14.36402
5504,2014,15.26184
5504,2015,17.06122
5504,2016,19.76888
5504,2017,21.25037
5504,2018,20.20485
5504,2019,22.18962
5504,2020,22.57138
56,1995,424.59275
56,1996,424.5217
56,1997,497.28453
56,1998,565.19836
56,1999,474.30219
56,2000,443.09164
56,2001,450.78973
56,2002,445.95965
56,2003,409.98565
56,2004,417.21559
56,2005,453.25996
56,2006,475.31451
56,2007,498.14118
56,2008,507.09188
56,2009,472.66093
56,2010,512.50711
56,2011,464.57944
56,2012,456.14351
56,2013,462.04635
56,2014,496.63292
56,2015,606.427
56,2016,684.93224
56,2017,637.98452
56,2018,650.44149
56,2019,685.9597
56,2020,706.53986
57,1995,227.93518
57,1996,169.94949
57,1997,219.30085
57,1998,289.56035
57,1999,234.22932
57,2000,271.64782
57,2001,193.78524
57,2002,222.19612
57,2003,294.38912
57,2004,537.4674
57,2005,978.72538
57,2006,1653.17164
57,2007,1691.94831
57,2008,2194.35863
57,2009,2810.79093
57,2010,3081.0531
57,2011,2578.35926
57,2012,2802.3702
57,2013,2632.00469
57,2014,1792.40721
57,2015,1621.2057
57,2016,1308.34965
57,2017,1582.35106
57,2018,1564.53476
57,2019,1778.5814
57,2020,1896.31494
5706,1995,59518.2195
5706,1996,61880.12291
5706,1997,65658.72062
5706,1998,65561.34775
5706,1999,66876.38902
5706,2000,67800.64195
5706,2001,68456.61223
5706,2002,67841.73467
5706,2003,66929.41681
5706,2004,68666.31727
5706,2005,71350.00889
5706,2006,73298.09798
5706,2007,79914.90381
5706,2008,83510.8769
5706,2009,74999.4404
5706,2010,71954.06063
5706,2011,80393.92346
5706,2012,79132.06323
5706,2013,76291.87267
5706,2014,76501.59621
5706,2015,74779.97163
5706,2016,74671.85851
5706,2017,77922.08878
5706,2018,81415.41149
5706,2019,82035.2714
5706,2020,84271.30875
5707,1995,52865.68085
5707,1996,54677.37053
5707,1997,58724.00514
5707,1998,59283.29933
5707,1999,61803.49255
5707,2000,62573.43687
5707,2001,62093.3628
5707,2002,61432.23278
5707,2003,60530.07748
5707,2004,61658.19996
5707,2005,64487.68495
5707,2006,66419.61519
5707,2007,70935.70808
5707,2008,75736.83539
5707,2009,67067.29696
5707,2010,64991.85588
5707,2011,72725.0859
5707,2012,71475.38612
5707,2013,69037.22259
5707,2014,69187.30379
5707,2015,68039.41633
5707,2016,67898.00808
5707,2017,70538.2822
5707,2018,74068.61919
5707,2019,74883.10149
5707,2020,76956.0441
58,1995,495.17885
58,1996,477.04059
58,1997,514.99032
58,1998,409.67557
58,1999,354.11463
58,2000,326.32358
58,2001,281.82664
58,2002,282.64931
58,2003,301.3182
58,2004,290.47342
58,2005,294.43264
58,2006,301.14323
58,2007,325.09378
58,2008,345.28802
58,2009,335.24959
58,2010,333.16238
58,2011,413.4536
58,2012,378.34429
58,2013,370.06907
58,2014,411.81442
58,2015,448.83247
58,2016,413.58664
58,2017,395.47935
58,2018,408.06678
58,2019,426.96159
58,2020,417.84174
5801,1995,4221.63016
5801,1996,4498.57571
5801,1997,4855.37944
5801,1998,5563.73043
5801,1999,5137.04051
5801,2000,5501.50403
5801,2001,6104.62253
5801,2002,5927.16421
5801,2003,6459.75226
5801,2004,6804.5315
5801,2005,7115.19783
5801,2006,7664.70855
5801,2007,8657.66847
5801,2008,9587.44472
5801,2009,10352.17328
5801,2010,10612.8902
5801,2011,10825.53195
5801,2012,12699.92118
5801,2013,13072.89782
5801,2014,13606.22808
5801,2015,12716.64055
5801,2016,13386.83752
5801,2017,14469.95973
5801,2018,15558.94175
5801,2019,16756.28518
5801,2020,17664.17406
5802,1995,2236.15799
5802,1996,2461.5658
5802,1997,2346.39552
5802,1998,2551.58154
5802,1999,2597.40856
5802,2000,3907.16547
5802,2001,4071.06931
5802,2002,4224.18341
5802,2003,4369.09705
5802,2004,4563.00823
5802,2005,7028.58932
5802,2006,5322.81255
5802,2007,5602.62707
5802,2008,6191.79123
5802,2009,6353.81917
5802,2010,6661.57629
5802,2011,7287.06732
5802,2012,8000.47435
5802,2013,8745.13116
5802,2014,8987.82515
5802,2015,9252.1802
5802,2016,9514.13034
5802,2017,10431.67557
5802,2018,10582.95147
5802,2019,11585.38288
5802,2020,11417.02112
5803,1995,1128.62157
5803,1996,1173.40855
5803,1997,1268.4401
5803,1998,1294.85666
5803,1999,1295.94599
5803,2000,1350.06934
5803,2001,1331.93769
5803,2002,1337.48978
5803,2003,1271.49286
5803,2004,1317.04257
5803,2005,1402.81094
5803,2006,1487.97004
5803,2007,1505.73934
5803,2008,1564.99401
5803,2009,1592.0377
5803,2010,1691.4665
5803,2011,1749.40619
5803,2012,1786.01229
5803,2013,1906.19691
5803,2014,1930.73696
5803,2015,1868.02862
5803,2016,1995.19133
5803,2017,1989.23731
5803,2018,1951.80962
5803,2019,2065.57008
5803,2020,2130.97237
5815,1995,20530.89591
5815,1996,21453.96534
5815,1997,21706.38209
5815,1998,22500.02042
5815,1999,24195.14
5815,2000,24284.03025
5815,2001,29603.6848
5815,2002,29445.67309
5815,2003,28675.55031
5815,2004,31904.25238
5815,2005,37103.19406
5815,2006,37235.14997
5815,2007,41997.57551
5815,2008,50311.2306
5815,2009,54054.14357
5815,2010,55213.7156
5815,2011,64032.11821
5815,2012,63276.65202
5815,2013,70908.68509
5815,2014,70123.65216
5815,2015,64703.16504
5815,2016,73516.50589
5815,2017,76974.78823
5815,2018,81548.72709
5815,2019,87623.64065
5815,2020,92580.58085
5817,1995,19209.61755
5817,1996,20191.70436
5817,1997,18836.28178
5817,1998,20206.79852
5817,1999,20425.24032
5817,2000,20902.83814
5817,2001,20701.98672
5817,2002,20032.78312
5817,2003,20193.56093
5817,2004,19313.06006
5817,2005,21850.10533
5817,2006,23610.80092
5817,2007,25242.98641
5817,2008,26906.49519
5817,2009,28444.56029
5817,2010,29605.91611
5817,2011,30466.74512
5817,2012,33998.0617
5817,2013,34744.91277
5817,2014,34523.71116
5817,2015,35007.72321
5817,2016,35946.89853
5817,2017,37817.67693
5817,2018,40356.05855
5817,2019,41373.17075
5817,2020,42736.76745
59,1995,1709.00977
59,1996,2409.94173
59,1997,2950.62712
59,1998,3012.92213
59,1999,3305.60928
59,2000,3507.41878
59,2001,3112.00442
59,2002,3049.80858
59,2003,2465.53756
59,2004,1704.31112
59,2005,1276.96759
59,2006,1837.35873
59,2007,1682.98932
59,2008,1444.63299
59,2009,1018.43601
59,2010,909.30954
59,2011,792.73014
59,2012,1516.12496
59,2013,1396.68061
59,2014,1131.46916
59,2015,1260.26192
59,2016,1428.46788
59,2017,1612.78238
59,2018,1955.1522
59,2019,1687.50387
59,2020,1707.09534
6,1995,0.97758
6,1996,0.97511
6,1997,0.94118
6,1998,0.99351
6,1999,0.82342
6,2000,1.39192
6,2001,1.37039
6,2002,1.33949
6,2003,1.58057
6,2004,1.73585
6,2005,1.77558
6,2006,1.80773
6,2007,1.90095
6,2008,1.89523
6,2009,1.73429
6,2010,1.79299
6,2011,1.79441
6,2012,1.88359
6,2013,1.73952
6,2014,1.67806
6,2015,1.64241
6,2016,1.69889
6,2017,1.79277
6,2018,1.81514
6,2019,1.85014
6,2020,1.93691
60,2000,166.71978
60,2001,162.12874
60,2002,142.71003
60,2003,140.18408
60,2004,142.16786
60,2005,165.35952
60,2006,175.93363
60,2007,198.61435
60,2008,191.108
60,2009,172.49519
60,2010,193.04579
60,2011,214.26742
60,2012,189.18406
60,2013,177.30414
60,2014,184.89588
60,2015,194.53247
60,2016,199.5621
60,2017,197.57027
60,2018,186.70841
60,2019,206.44578
60,2020,205.26999
61,1995,1.85407
61,1996,1.84421
61,1997,3.00568
61,1998,2.72398
61,1999,4.47749
61,2000,11.13302
61,2001,17.51831
61,2002,14.11368
61,2003,20.72396
61,2004,28.59313
61,2005,26.89593
61,2006,23.45372
61,2007,25.37954
61,2008,28.23913
61,2009,24.07153
61,2010,22.72813
61,2011,27.02844
61,2012,29.35936
61,2013,29.51635
61,2014,29.4046
61,2015,28.08877
61,2016,27.33
61,2017,28.35311
61,2018,27.14371
61,2019,25.83841
61,2020,28.18208
63,1995,41.56317
63,1996,59.25847
63,1997,87.44278
63,1998,104.96194
63,1999,115.87633
63,2000,142.70991
63,2001,189.32272
63,2002,214.16711
63,2003,184.20457
63,2004,226.03881
63,2005,309.58466
63,2006,301.73195
63,2007,295.45624
63,2008,354.28648
63,2009,179.04322
63,2010,217.19624
63,2011,316.06185
63,2012,307.26908
63,2013,334.96072
63,2014,327.56197
63,2015,270.32394
63,2016,269.48671
63,2017,272.34697
63,2018,354.26875
63,2019,300.74401
63,2020,330.7121
66,1995,17.93331
66,1996,19.51758
66,1997,11.75066
66,1998,14.1012
66,1999,16.91329
66,2000,17.25816
66,2001,17.48953
66,2002,16.841
66,2003,16.07956
66,2004,15.56071
66,2005,20.11298
66,2006,16.96862
66,2007,14.64959
66,2008,17.16544
66,2009,11.26351
66,2010,9.06315
66,2011,10.24844
66,2012,11.5996
66,2013,17.18748
66,2014,17.72097
66,2015,17.23367
66,2016,25.56377
66,2017,26.01348
66,2018,26.59624
66,2019,31.5844
66,2020,32.31844
67,1995,1558.29637
67,1996,1500.16287
67,1997,1883.39774
67,1998,1955.39342
67,1999,2020.60804
67,2000,1915.78484
67,2001,1971.41315
67,2002,2069.49755
67,2003,2033.26219
67,2004,1898.42697
67,2005,1940.37248
67,2006,1943.76152
67,2007,2142.40761
67,2008,2003.26305
67,2009,1968.86653
67,2010,1866.98556
67,2011,1919.88265
67,2012,1855.9066
67,2013,1924.25697
67,2014,1867.94965
67,2015,1502.78549
67,2016,1507.15418
67,2017,1592.71832
67,2018,1660.40425
67,2019,1718.77511
67,2020,1737.58069
68,1995,11600.23934
68,1996,12260.69896
68,1997,12498.05907
68,1998,13201.27306
68,1999,13815.26851
68,2000,13719.85874
68,2001,13606.56065
68,2002,12755.45751
68,2003,12400.60101
68,2004,13048.33377
68,2005,12465.43463
68,2006,12548.06423
68,2007,13831.98968
68,2008,14410.02266
68,2009,12780.88301
68,2010,12372.53245
68,2011,13646.37526
68,2012,14725.53932
68,2013,14377.56081
68,2014,13265.40738
68,2015,12894.01037
68,2016,11849.68828
68,2017,11634.28859
68,2018,12292.30732
68,2019,12345.2266
68,2020,12420.42871
7,1995,458.09538
7,1996,593.06187
7,1997,673.36461
7,1998,1151.50521
7,1999,510.48273
7,2000,417.07167
7,2001,497.0756
7,2002,247.8766
7,2003,298.1106
7,2004,350.9017
7,2005,338.13758
7,2006,394.41914
7,2007,422.06681
7,2008,458.08819
7,2009,588.55324
7,2010,591.52738
7,2011,631.62822
7,2012,702.59723
7,2013,781.29292
7,2014,887.73631
7,2015,1012.43569
7,2016,1033.32934
7,2017,888.51937
7,2018,854.39522
7,2019,943.37457
7,2020,967.98261
70,1995,7.02813
70,1996,7.81654
70,1997,7.44191
70,1998,6.64171
70,1999,7.2189
70,2000,8.39978
70,2001,5.5857
70,2002,7.60548
70,2003,7.47659
70,2004,7.82383
70,2005,7.77811
70,2006,7.36211
70,2007,6.84135
70,2008,6.42997
70,2009,5.12865
70,2010,5.19126
70,2011,4.50267
70,2012,4.27489
70,2013,5.86262
70,2014,5.84189
70,2015,6.99594
70,2016,8.01071
70,2017,8.64472
70,2018,8.95461
70,2019,8.79439
70,2020,9.00163
72,1995,0.32484
72,1996,0.29456
72,1997,0.35254
72,1998,0.34877
72,1999,0.25778
72,2000,0.30265
72,2001,0.51832
72,2002,0.64603
72,2003,0.82625
72,2004,0.74056
72,2005,1.17315
72,2006,1.68757
72,2007,2.07624
72,2008,2.07781
72,2009,1.75417
72,2010,1.11449
72,2011,1.39054
72,2012,1.21987
72,2013,1.88871
72,2014,2.06067
72,2015,2.31612
72,2016,2.93355
72,2017,3.33678
72,2018,3.03564
72,2019,3.16706
72,2020,3.44762
73,2000,93.60709
73,2001,109.3628
73,2002,102.31112
73,2003,130.82372
73,2004,122.15509
73,2005,125.59429
73,2006,98.286
73,2007,93.56134
73,2008,75.43593
73,2009,61.90419
73,2010,69.06359
73,2011,80.6919
73,2012,82.75799
73,2013,85.50413
73,2014,94.39872
73,2015,93.60185
73,2016,93.5117
73,2017,90.14419
73,2018,97.1724
73,2019,110.76069
73,2020,109.66838
74,1995,47.73921
74,1996,53.57599
74,1997,60.88827
74,1998,59.91916
74,1999,47.27459
74,2000,38.68594
74,2001,38.50838
74,2002,43.30971
74,2003,42.66773
74,2004,39.00898
74,2005,36.73835
74,2006,36.16873
74,2007,39.82958
74,2008,37.55599
74,2009,42.19355
74,2010,44.28209
74,2011,50.08345
74,2012,56.3763
74,2013,58.08876
74,2014,61.85549
74,2015,68.59545
74,2016,82.96649
74,2017,76.88439
74,2018,80.98466
74,2019,78.53521
74,2020,81.10841
75,1995,7.31458
75,1996,6.54457
75,1997,7.3807
75,1998,7.25448
75,1999,9.92472
75,2000,11.09901
75,2001,12.39043
75,2002,11.53996
75,2003,12.97096
75,2004,15.3793
75,2005,14.74592
75,2006,11.25141
75,2007,11.35276
75,2008,15.71051
75,2009,18.71646
75,2010,22.34145
75,2011,14.84412
75,2012,15.7239
75,2013,15.38218
75,2014,11.67053
75,2015,12.69406
75,2016,13.56278
75,2017,14.45146
75,2018,19.58559
75,2019,18.33095
75,2020,19.29771
79,1995,8126.26813
79,1996,8243.17082
79,1997,7678.71211
79,1998,8397.47469
79,1999,8707.3938
79,2000,8624.20264
79,2001,8722.5464
79,2002,8567.56028
79,2003,7754.26959
79,2004,7737.01199
79,2005,9382.87691
79,2006,11064.55591
79,2007,10569.61082
79,2008,12009.77921
79,2009,10936.63645
79,2010,9751.23883
79,2011,11827.84728
79,2012,11065.64263
79,2013,11073.55579
79,2014,10959.32602
79,2015,10592.6968
79,2016,10018.32993
79,2017,10320.94429
79,2018,10339.73487
79,2019,10234.46848
79,2020,10454.13281
8,1995,0.88674
8,1996,1.02507
8,1997,1.1741
8,1998,1.25679
8,1999,1.3565
8,2000,1.40012
8,2001,1.03229
8,2002,1.08198
8,2003,1.19364
8,2004,1.24537
8,2005,1.53577
8,2006,2.15456
8,2007,2.4666
8,2008,2.49704
8,2009,2.22571
8,2010,1.73161
8,2011,1.4306
8,2012,1.53998
8,2013,1.62234
8,2014,1.7167
8,2015,1.71498
8,2016,1.78553
8,2017,1.93483
8,2018,2.97167
8,2019,2.89664
8,2020,3.124
80,1995,24.09769
80,1996,94.84413
80,1997,114.37751
80,1998,118.6896
80,1999,101.67353
80,2000,75.21765
80,2001,74.99609
80,2002,106.00035
80,2003,101.79646
80,2004,91.03692
80,2005,99.62723
80,2006,99.61598
80,2007,117.7684
80,2008,123.30387
80,2009,113.053
80,2010,108.97538
80,2011,108.99638
80,2012,102.64825
80,2013,113.94344
80,2014,106.91471
80,2015,112.96405
80,2016,124.23577
80,2017,115.64394
80,2018,123.84804
80,2019,123.6516
80,2020,132.75594
81,1995,408.66898
81,1996,569.52376
81,1997,456.91488
81,1998,483.23493
81,1999,327.03442
81,2000,686.76463
81,2001,577.7555
81,2002,510.61602
81,2003,626.53128
81,2004,672.87306
81,2005,690.63709
81,2006,746.42555
81,2007,1243.90498
81,2008,1400.51752
81,2009,1188.15962
81,2010,1093.1919
81,2011,1221.03099
81,2012,1254.81134
81,2013,1188.96821
81,2014,1035.94616
81,2015,1000.78689
81,2016,1271.03467
81,2017,1632.12299
81,2018,1551.7368
81,2019,1600.57324
81,2020,1718.94556
83,1995,1.23379
83,1996,1.18043
83,1997,1.10309
83,1998,1.33238
83,1999,1.28351
83,2000,1.50297
83,2001,1.39075
83,2002,1.33597
83,2003,1.48754
83,2004,1.43919
83,2005,1.38816
83,2006,1.47994
83,2007,1.59537
83,2008,1.58815
83,2009,1.70646
83,2010,1.4874
83,2011,1.57565
83,2012,1.66732
83,2013,1.70733
83,2014,1.71733
83,2015,1.94355
83,2016,2.33297
83,2017,3.00327
83,2018,2.92444
83,2019,2.99473
83,2020,3.15182
84,1995,908.81149
84,1996,976.80771
84,1997,1206.58611
84,1998,1279.44914
84,1999,1443.70069
84,2000,1462.27159
84,2001,1682.07475
84,2002,1420.6373
84,2003,1639.42167
84,2004,1731.41327
84,2005,1895.05041
84,2006,1599.9582
84,2007,2241.46334
84,2008,2564.93652
84,2009,2079.74371
84,2010,2108.57205
84,2011,1473.34912
84,2012,1199.41192
84,2013,1797.27048
84,2014,1351.16035
84,2015,1610.43927
84,2016,1901.05734
84,2017,1885.27426
84,2018,2012.76391
84,2019,2103.17795
84,2020,2226.74438
86,1995,3.45672
86,1996,2.71764
86,1997,2.99795
86,1998,3.60973
86,1999,3.76011
86,2000,3.44851
86,2001,3.10445
86,2002,3.26742
86,2003,3.42596
86,2004,3.38052
86,2005,2.49706
86,2006,3.93516
86,2007,3.12604
86,2008,3.43833
86,2009,3.37896
86,2010,3.24054
86,2011,2.66516
86,2012,2.13181
86,2013,2.29727
86,2014,3.89861
86,2015,4.34691
86,2016,3.31733
86,2017,3.35958
86,2018,4.1438
86,2019,4.05835
86,2020,4.11679
89,1995,415.6984
89,1996,440.55431
89,1997,485.27767
89,1998,532.68493
89,1999,528.81006
89,2000,521.57448
89,2001,554.99865
89,2002,589.97735
89,2003,556.17202
89,2004,545.19223
89,2005,556.94362
89,2006,549.59172
89,2007,613.92492
89,2008,606.0967
89,2009,627.4281
89,2010,601.3354
89,2011,654.2042
89,2012,644.55936
89,2013,684.09486
89,2014,703.30617
89,2015,725.24354
89,2016,721.10947
89,2017,770.68952
89,2018,785.02396
89,2019,825.52086
89,2020,858.12152
9,1995,2335.68401
9,1996,2680.9959
9,1997,2808.3954
9,1998,2904.31271
9,1999,2318.66925
9,2000,2489.47475
9,2001,2276.68129
9,2002,3712.26668
9,2003,4234.34257
9,2004,4449.1614
9,2005,4443.92946
9,2006,4310.77641
9,2007,5282.83875
9,2008,5822.24347
9,2009,4061.25517
9,2010,6164.36681
9,2011,7006.65349
9,2012,5951.10055
9,2013,6109.25024
9,2014,6360.5981
9,2015,5103.18741
9,2016,6337.58699
9,2017,5945.1118
9,2018,6697.61232
9,2019,6879.88852
9,2020,7281.39844
90,1995,79.34442
90,1996,76.54545
90,1997,76.35215
90,1998,59.68853
90,1999,73.28587
90,2000,60.32264
90,2001,72.45243
90,2002,83.97095
90,2003,48.1957
90,2004,63.70194
90,2005,70.1146
90,2006,78.83223
90,2007,109.79701
90,2008,125.65613
90,2009,153.85088
90,2010,145.52497
90,2011,137.48975
90,2012,157.96141
90,2013,166.61977
90,2014,176.51886
90,2015,203.93378
90,2016,224.9059
90,2017,315.02178
90,2018,332.15603
90,2019,272.25953
90,2020,295.53879
91,1995,27.73465
91,1996,29.04768
91,1997,31.12821
91,1998,25.63422
91,1999,28.43574
91,2000,22.35807
91,2001,28.82053
91,2002,41.16461
91,2003,50.24377
91,2004,61.39979
91,2005,60.40973
91,2006,86.48636
91,2007,74.21409
91,2008,75.41267
91,2009,77.17597
91,2010,73.61722
91,2011,66.66419
91,2012,71.31628
91,2013,63.62444
91,2014,84.05006
91,2015,76.23357
91,2016,69.94498
91,2017,84.40965
91,2018,72.35578
91,2019,72.85756
91,2020,77.42327
93,1995,61.64104
93,1996,53.82064
93,1997,71.99824
93,1998,67.21845
93,1999,84.54668
93,2000,102.09127
93,2001,103.6915
93,2002,102.27688
93,2003,82.52967
93,2004,83.82067
93,2005,78.5724
93,2006,84.64961
93,2007,94.98779
93,2008,101.54665
93,2009,112.05672
93,2010,124.23139
93,2011,102.99148
93,2012,90.01597
93,2013,98.05676
93,2014,95.31825
93,2015,92.44902
93,2016,101.99096
93,2017,114.2008
93,2018,116.1785
93,2019,127.56355
93,2020,132.31471
95,1995,128.58591
95,1996,139.73543
95,1997,169.11493
95,1998,138.4167
95,1999,124.46565
95,2000,127.28769
95,2001,125.38293
95,2002,115.29393
95,2003,112.95532
95,2004,133.61135
95,2005,150.67657
95,2006,152.82093
95,2007,170.42333
95,2008,180.85138
95,2009,143.20706
95,2010,157.11913
95,2011,209.48305
95,2012,205.42394
95,2013,187.32839
95,2014,203.21163
95,2015,218.76952
95,2016,214.68977
95,2017,239.59744
95,2018,231.88755
95,2019,216.34967
95,2020,226.03784
97,1995,775.54691
97,1996,742.27903
97,1997,734.39834
97,1998,831.17848
97,1999,1001.34667
97,2000,950.54672
97,2001,1141.76629
97,2002,1117.58369
97,2003,1259.27097
97,2004,872.57076
97,2005,803.54429
97,2006,731.19762
97,2007,886.65962
97,2008,976.27844
97,2009,1149.12116
97,2010,917.94644
97,2011,956.38331
97,2012,1009.39861
97,2013,1029.75677
97,2014,1238.48906
97,2015,1045.09142
97,2016,934.22557
97,2017,1061.70581
97,2018,1200.2508
97,2019,1352.03716
97,2020,1382.84021
98,1995,217.51569
98,1996,236.70809
98,1997,244.12849
98,1998,258.19299
98,1999,253.07981
98,2000,236.85755
98,2001,245.43967
98,2002,256.87094
98,2003,239.73796
98,2004,270.60393
98,2005,255.02503
98,2006,276.1538
98,2007,281.45815
98,2008,305.30797
98,2009,293.00989
98,2010,265.20332
98,2011,267.42549
98,2012,262.47591
98,2013,270.90079
98,2014,245.72066
98,2015,258.14076
98,2016,274.68038
98,2017,276.86087
98,2018,280.77686
98,2019,286.50972
98,2020,292.84821
99,1995,77.84829
99,1996,157.09772
99,1997,68.55985
99,1998,199.65969
99,1999,144.08659
99,2000,194.43648
99,2001,230.78853
99,2002,126.15522
99,2003,93.7357
99,2004,143.57033
99,2005,146.25353
99,2006,143.52076
99,2007,151.46312
99,2008,84.32829
99,2009,97.34287
99,2010,102.75648
99,2011,128.73539
99,2012,136.24335
99,2013,87.74378
99,2014,166.88747
99,2015,245.77808
99,2016,236.17258
99,2017,258.96297
99,2018,172.37073
99,2019,194.06742
99,2020,202.7883
