geo,year,pineapples_export_value_tce
1,2019,2
10,1961,0
10,1962,0
10,1963,0
10,1964,0
10,1965,0
10,1966,0
10,1967,0
10,1968,0
10,1969,0
10,1970,0
10,1971,0
10,1972,0
10,1973,0
10,1974,0
10,1975,0
10,1976,0
10,1977,0
10,1978,0
10,1979,0
10,1980,0
10,1981,0
10,1982,432
10,1983,814
10,1984,1446
10,1985,775
10,1986,1286
10,1987,1321
10,1988,982
10,1989,607
10,1990,478
10,1991,496
10,1992,411
10,1993,399
10,1994,248
10,1995,185
10,1996,220
10,1997,146
10,1998,278
10,1999,111
10,2000,0
10,2001,9
10,2002,0
10,2003,4
10,2004,5
10,2005,31
10,2006,85
10,2007,29
10,2008,44
10,2009,74
10,2010,28
10,2011,45
10,2012,65
10,2013,66
10,2014,131
10,2015,68
10,2016,23
10,2017,86
10,2018,28
10,2019,33
100,1961,14
100,1962,2
100,1963,9
100,1964,10
100,1965,4
100,1966,0
100,1967,1
100,1968,2
100,1969,4
100,1970,3
100,1971,35
100,1972,6
100,1973,10
100,1974,2
100,1975,33
100,1976,74
100,1977,61
100,1978,304
100,1979,207
100,1980,146
100,1981,565
100,1982,66
100,1983,162
100,1984,118
100,1985,219
100,1986,396
100,1987,84
100,1988,152
100,1989,107
100,1990,77
100,1991,32
100,1992,35
100,1993,41
100,1994,27
100,1995,91
100,1996,10
100,1997,54
100,1998,40
100,1999,88
100,2000,286
100,2001,356
100,2002,293
100,2003,433
100,2004,506
100,2005,1169
100,2006,797
100,2007,823
100,2008,851
100,2009,832
100,2010,882
100,2011,1284
100,2012,1456
100,2013,1995
100,2014,2863
100,2015,2491
100,2016,3160
100,2017,4827
100,2018,3672
100,2019,3921
101,1961,0
101,1962,0
101,1963,0
101,1964,0
101,1965,0
101,1966,0
101,1967,0
101,1968,0
101,1969,0
101,1970,0
101,1971,0
101,1972,0
101,1973,0
101,1974,0
101,1975,0
101,1976,0
101,1977,0
101,1978,0
101,1979,0
101,1980,0
101,1981,0
101,1982,0
101,1983,0
101,1984,19
101,1985,1
101,1986,0
101,1987,6
101,1988,3
101,1989,1
101,1990,41
101,1991,186
101,1992,23
101,1993,16
101,1994,10
101,1995,1327
101,1996,6905
101,1997,4217
101,1998,106
101,1999,728
101,2000,1124
101,2001,887
101,2002,2785
101,2003,2315
101,2004,529
101,2005,220
101,2006,82
101,2007,361
101,2008,104
101,2009,20
101,2010,41
101,2011,2
101,2012,115
101,2013,107
101,2014,67
101,2015,654
101,2016,1483
101,2017,5894
101,2018,8280
101,2019,12829
102,2003,1
102,2004,0
102,2005,26
102,2006,8
102,2007,0
102,2008,2
102,2009,286
102,2010,16
102,2011,1
102,2012,1
102,2013,13
102,2014,9
102,2015,6
102,2018,4
102,2019,4
104,1961,0
104,1962,0
104,1963,0
104,1964,0
104,1965,0
104,1966,0
104,1967,0
104,1968,0
104,1969,0
104,1970,0
104,1971,0
104,1972,0
104,1973,0
104,1974,24
104,1975,3
104,1976,0
104,1977,0
104,1978,0
104,1979,0
104,1980,0
104,1981,0
104,1982,0
104,1983,0
104,1984,0
104,1985,0
104,1986,0
104,1987,0
104,1988,33
104,1989,46
104,1990,10
104,1991,41
104,1992,16
104,1993,0
104,1994,0
104,1995,0
104,1996,8
104,1997,11
104,1998,10
104,1999,8
104,2000,16
104,2001,22
104,2002,53
104,2003,34
104,2004,54
104,2005,130
104,2006,121
104,2007,292
104,2008,339
104,2009,311
104,2010,258
104,2011,253
104,2012,381
104,2013,266
104,2014,194
104,2015,231
104,2016,242
104,2017,474
104,2018,480
104,2019,603
105,1961,0
105,1962,0
105,1963,0
105,1964,0
105,1965,0
105,1966,0
105,1967,0
105,1968,0
105,1969,0
105,1970,0
105,1971,0
105,1972,0
105,1973,0
105,1974,0
105,1975,0
105,1976,0
105,1977,0
105,1978,0
105,1979,0
105,1980,0
105,1981,0
105,1982,0
105,1983,0
105,1984,0
105,1985,0
105,1986,0
105,1987,0
105,1988,0
105,1989,0
105,1990,25
105,1991,41
105,1992,5
105,1993,6
105,1994,0
105,1995,36
105,1996,0
105,1997,0
105,1998,0
105,1999,0
105,2000,0
105,2001,0
105,2002,0
105,2003,0
105,2004,0
105,2005,0
105,2006,0
105,2007,0
105,2008,0
105,2009,0
105,2010,0
105,2011,0
105,2012,0
105,2013,0
105,2015,29
105,2018,10
105,2019,86
106,1961,0
106,1962,0
106,1963,1
106,1964,2
106,1965,3
106,1966,4
106,1967,7
106,1968,2
106,1969,4
106,1970,10
106,1971,9
106,1972,23
106,1973,9
106,1974,17
106,1975,43
106,1976,10
106,1977,45
106,1978,35
106,1979,42
106,1980,166
106,1981,52
106,1982,34
106,1983,67
106,1984,144
106,1985,182
106,1986,324
106,1987,808
106,1988,1827
106,1989,505
106,1990,505
106,1991,918
106,1992,2103
106,1993,1829
106,1994,2028
106,1995,3129
106,1996,2115
106,1997,3518
106,1998,6244
106,1999,10369
106,2000,4655
106,2001,8711
106,2002,11733
106,2003,15237
106,2004,11926
106,2005,16332
106,2006,20593
106,2007,16505
106,2008,18032
106,2009,16117
106,2010,18270
106,2011,17234
106,2012,10265
106,2013,14613
106,2014,16516
106,2015,13128
106,2016,15075
106,2017,18744
106,2018,17601
106,2019,14799
107,1961,364
107,1962,421
107,1963,522
107,1964,796
107,1965,837
107,1966,1244
107,1967,1802
107,1968,2477
107,1969,2310
107,1970,2817
107,1971,3259
107,1972,7653
107,1973,9416
107,1974,12378
107,1975,14461
107,1976,11620
107,1977,11010
107,1978,18142
107,1979,20294
107,1980,26400
107,1981,38200
107,1982,29554
107,1983,25081
107,1984,34000
107,1985,52000
107,1986,66000
107,1987,65000
107,1988,53551
107,1989,37728
107,1990,44483
107,1991,40618
107,1992,44543
107,1993,40003
107,1994,36486
107,1995,42912
107,1996,57063
107,1997,49547
107,1998,37250
107,1999,54549
107,2000,47083
107,2001,45201
107,2002,43534
107,2003,49822
107,2004,53508
107,2005,47389
107,2006,70577
107,2007,38722
107,2008,29110
107,2009,21528
107,2010,21528
107,2011,27112
107,2012,23290
107,2013,19206
107,2014,16151
107,2015,12129
107,2016,9184
107,2017,11929
107,2018,12094
107,2019,11713
108,1995,2
108,1996,0
108,2000,0
108,2001,0
108,2002,0
108,2003,0
108,2004,0
108,2005,0
108,2006,0
108,2007,0
108,2008,0
108,2009,0
108,2010,0
108,2011,8
108,2012,0
108,2013,2
108,2014,13
108,2015,9
108,2016,4
108,2017,166
108,2018,40
108,2019,20
109,1961,18
109,1962,21
109,1963,19
109,1964,13
109,1965,13
109,1966,2
109,1967,6
109,1968,19
109,1969,0
109,1970,0
109,1971,0
109,1972,0
109,1973,1
109,1974,4
109,1975,0
109,1976,0
109,1977,2
109,1978,0
109,1979,1
109,1980,0
109,1981,0
109,1982,1
109,1983,3
109,1984,25
109,1985,5
109,1986,9
109,1987,4
109,1988,4
109,1989,0
109,1990,2
109,1991,1
109,1992,4
109,1993,0
109,1994,2
109,1995,0
109,1996,4
109,1997,1
109,1998,10
109,1999,6
109,2000,32
109,2001,5
109,2002,32
109,2003,1
109,2004,8
109,2005,1
109,2006,1
109,2007,1
109,2008,11
109,2009,1
109,2010,1
109,2011,1
109,2012,1
109,2013,0
109,2014,1
109,2015,2
109,2016,1
109,2017,6
109,2019,6
11,1961,0
11,1962,0
11,1963,0
11,1964,0
11,1965,0
11,1966,0
11,1967,0
11,1968,0
11,1969,0
11,1970,0
11,1971,0
11,1972,0
11,1973,0
11,1974,0
11,1975,0
11,1976,0
11,1977,0
11,1978,0
11,1979,0
11,1980,0
11,1981,0
11,1982,0
11,1983,0
11,1984,0
11,1985,17
11,1986,5
11,1987,16
11,1988,33
11,1989,28
11,1990,241
11,1991,202
11,1992,158
11,1993,70
11,1994,96
11,1995,54
11,1996,89
11,1997,85
11,1998,127
11,1999,162
11,2000,599
11,2001,820
11,2002,893
11,2003,1288
11,2004,2024
11,2005,1113
11,2006,1303
11,2007,1835
11,2008,3622
11,2009,3735
11,2010,3717
11,2011,4333
11,2012,3104
11,2013,2610
11,2014,2554
11,2015,2604
11,2016,2934
11,2017,1972
11,2018,1778
11,2019,1682
110,2008,2
110,2009,3
110,2010,3
110,2011,88
110,2012,0
110,2013,0
110,2015,36
110,2016,44
110,2017,28
110,2018,28
110,2019,86
112,1961,0
112,1962,0
112,1963,0
112,1964,0
112,1965,0
112,1966,0
112,1967,0
112,1968,0
112,1969,0
112,1970,0
112,1971,0
112,1972,0
112,1973,0
112,1974,0
112,1975,0
112,1976,0
112,1977,0
112,1978,0
112,1979,0
112,1980,0
112,1981,0
112,1982,0
112,1983,0
112,1984,0
112,1985,3
112,1986,0
112,1987,0
112,1988,0
112,1989,0
112,1990,0
112,1991,0
112,1992,0
112,1993,0
112,1994,0
112,1995,0
112,1996,0
112,1997,0
112,1998,0
112,1999,0
112,2000,0
112,2001,0
112,2002,0
112,2003,0
112,2004,22
112,2005,12
112,2006,0
112,2007,0
112,2008,14
112,2009,15
112,2010,46
112,2011,93
112,2012,26
112,2013,21
112,2015,54
112,2016,19
112,2019,66
113,2011,16
113,2012,0
113,2013,0
113,2017,171
113,2018,4
113,2019,3
114,1961,0
114,1962,0
114,1963,0
114,1964,0
114,1965,0
114,1966,0
114,1967,0
114,1968,0
114,1969,0
114,1970,0
114,1971,0
114,1972,0
114,1973,413
114,1974,368
114,1975,536
114,1976,394
114,1977,1001
114,1978,1247
114,1979,1067
114,1980,1213
114,1981,276
114,1982,197
114,1983,838
114,1984,314
114,1985,355
114,1986,483
114,1987,427
114,1988,9145
114,1989,1246
114,1990,426
114,1991,212
114,1992,323
114,1993,487
114,1994,480
114,1995,417
114,1996,310
114,1997,200
114,1998,324
114,1999,235
114,2000,255
114,2001,253
114,2002,189
114,2003,451
114,2004,516
114,2005,488
114,2006,135
114,2007,23
114,2008,389
114,2009,53
114,2010,64
114,2011,66
114,2012,66
114,2013,128
114,2014,59
114,2015,100
114,2016,194
114,2017,255
114,2018,397
114,2019,7265
115,2012,0
115,2013,0
115,2015,0
115,2017,8
115,2018,21
115,2019,45
117,1994,15
117,1995,23
117,1996,0
117,1997,134
117,1998,289
117,1999,77
117,2000,16
117,2001,0
117,2002,1
117,2003,0
117,2004,3
117,2005,0
117,2006,0
117,2007,0
117,2008,0
117,2009,0
117,2010,18
117,2011,0
117,2012,0
117,2013,1
117,2014,9
117,2015,2
117,2016,7
117,2017,21
117,2018,7
117,2019,7
118,2000,0
118,2009,264
118,2010,0
118,2011,4
118,2012,4
118,2013,221
118,2014,310
118,2015,33
118,2016,227
118,2017,202
118,2018,245
118,2019,0
119,1961,0
119,1962,0
119,1963,0
119,1964,0
119,1965,0
119,1966,0
119,1967,0
119,1968,0
119,1969,0
119,1970,0
119,1971,0
119,1972,0
119,1973,0
119,1974,0
119,1975,0
119,1976,0
119,1977,0
119,1978,0
119,1979,0
119,1980,0
119,1981,0
119,1982,0
119,1983,0
119,1984,0
119,1985,0
119,1986,0
119,1987,0
119,1988,0
119,1989,0
119,1990,0
119,1991,0
119,1992,0
119,1993,28
119,1994,1
119,1995,1
119,1996,0
119,1997,0
119,1998,0
119,1999,7
119,2000,18
119,2001,12
119,2002,20
119,2003,6
119,2004,6
119,2005,43
119,2006,116
119,2007,33
119,2008,16
119,2009,32
119,2010,395
119,2011,892
119,2012,955
119,2013,769
119,2014,617
119,2015,523
119,2016,481
119,2017,700
119,2018,624
119,2019,572
120,2014,0
120,2018,0
120,2019,7357
121,1997,3
121,1998,0
121,1999,2
121,2005,2
121,2006,1
121,2007,1
121,2008,0
121,2009,0
121,2010,3
121,2011,0
121,2012,0
121,2013,0
121,2015,1
121,2016,0
121,2017,17
121,2018,24
121,2019,1
126,1994,277
126,1995,122
126,1996,0
126,1997,43
126,1998,59
126,1999,48
126,2000,50
126,2001,29
126,2002,167
126,2003,0
126,2004,132
126,2005,906
126,2006,1633
126,2007,4903
126,2008,7086
126,2009,6380
126,2010,13742
126,2011,16747
126,2012,18733
126,2013,19295
128,1961,0
128,1962,0
128,1963,0
128,1964,0
128,1965,0
128,1966,0
128,1967,0
128,1968,0
128,1969,0
128,1970,0
128,1971,0
128,1972,0
128,1973,0
128,1974,0
128,1975,0
128,1976,0
128,1977,0
128,1978,0
128,1979,0
128,1980,0
128,1981,3
128,1982,6
128,1983,7
128,1984,0
128,1985,0
128,1986,0
128,1987,0
128,1988,0
128,1989,1
128,1990,0
128,1991,0
128,1992,0
128,1993,0
128,1994,0
128,1995,0
128,1996,0
128,1997,0
128,1998,0
128,1999,0
128,2000,0
128,2001,0
128,2002,0
128,2003,0
128,2004,0
128,2005,0
128,2006,0
128,2007,0
128,2008,1
128,2009,2
128,2010,0
128,2011,0
128,2012,0
128,2013,0
128,2017,0
129,1961,0
129,1962,0
129,1963,0
129,1964,0
129,1965,0
129,1966,0
129,1967,0
129,1968,0
129,1969,0
129,1970,0
129,1971,0
129,1972,0
129,1973,0
129,1974,0
129,1975,0
129,1976,0
129,1977,0
129,1978,0
129,1979,0
129,1980,0
129,1981,0
129,1982,0
129,1983,0
129,1984,0
129,1985,0
129,1986,0
129,1987,0
129,1988,0
129,1989,0
129,1990,2
129,1991,8
129,1992,17
129,1993,3
129,1994,2
129,1995,14
129,1996,28
129,1997,0
129,1998,1
129,1999,1
129,2000,0
129,2001,0
129,2002,0
129,2003,0
129,2004,1
129,2005,4
129,2006,1
129,2007,7
129,2008,0
129,2009,4
129,2010,2
129,2011,2
129,2012,72
129,2013,95
129,2014,33
129,2015,90
129,2016,143
129,2017,82
129,2018,49
129,2019,20
13,2002,1
13,2003,0
13,2004,4
13,2005,3
13,2006,14
13,2007,22
13,2008,22
13,2009,110
13,2010,36
13,2011,34
13,2012,87
13,2013,42
13,2014,29
13,2015,53
13,2016,151
13,2017,86
13,2018,319
130,1994,3
130,1995,0
130,1996,0
130,1997,0
130,1998,0
130,1999,0
130,2000,0
130,2001,0
130,2002,0
130,2003,0
130,2004,0
130,2005,0
130,2006,0
130,2007,0
130,2008,0
130,2009,0
130,2010,0
130,2011,2
130,2012,2
130,2013,0
130,2018,0
131,1961,891
131,1962,948
131,1963,1003
131,1964,1090
131,1965,1020
131,1966,862
131,1967,852
131,1968,547
131,1969,594
131,1970,769
131,1971,745
131,1972,646
131,1973,718
131,1974,776
131,1975,778
131,1976,744
131,1977,865
131,1978,1103
131,1979,1152
131,1980,1228
131,1981,1031
131,1982,935
131,1983,909
131,1984,902
131,1985,791
131,1986,717
131,1987,782
131,1988,779
131,1989,1085
131,1990,1316
131,1991,1056
131,1992,1226
131,1993,2838
131,1994,2688
131,1995,2618
131,1996,2212
131,1997,1800
131,1998,1688
131,1999,1997
131,2000,2519
131,2001,2614
131,2002,2788
131,2003,2476
131,2004,2357
131,2005,2862
131,2006,3664
131,2007,4188
131,2008,4470
131,2009,5575
131,2010,6899
131,2011,5428
131,2012,5544
131,2013,5621
131,2014,7443
131,2015,7219
131,2016,7451
131,2017,8161
131,2018,6894
131,2019,6077
133,2014,1
134,1961,0
134,1962,0
134,1963,0
134,1964,0
134,1965,0
134,1966,0
134,1967,0
134,1968,0
134,1969,0
134,1970,0
134,1971,0
134,1972,0
134,1973,0
134,1974,0
134,1975,0
134,1976,0
134,1977,0
134,1978,0
134,1979,0
134,1980,0
134,1981,0
134,1982,0
134,1983,0
134,1984,0
134,1985,0
134,1986,0
134,1987,0
134,1988,0
134,1989,0
134,1990,5
134,1991,0
134,1992,0
134,1993,0
134,1994,0
134,1995,0
134,1996,0
134,1997,0
134,1998,0
134,1999,0
134,2000,2
134,2001,1
134,2002,0
134,2003,0
134,2004,0
134,2005,0
134,2006,3
134,2007,0
134,2008,8
134,2009,0
134,2010,0
134,2011,0
134,2012,0
134,2013,0
136,2015,5
137,1961,0
137,1962,0
137,1963,0
137,1964,0
137,1965,0
137,1966,0
137,1967,0
137,1968,0
137,1969,0
137,1970,0
137,1971,0
137,1972,0
137,1973,0
137,1974,0
137,1975,0
137,1976,0
137,1977,0
137,1978,0
137,1979,0
137,1980,0
137,1981,0
137,1982,0
137,1983,5
137,1984,0
137,1985,5
137,1986,3
137,1987,5
137,1988,25
137,1989,104
137,1990,139
137,1991,108
137,1992,343
137,1993,403
137,1994,145
137,1995,372
137,1996,299
137,1997,389
137,1998,621
137,1999,987
137,2000,410
137,2001,639
137,2002,583
137,2003,582
137,2004,1018
137,2005,1180
137,2006,1002
137,2007,1808
137,2008,1327
137,2009,1068
137,2010,70
137,2011,3321
137,2012,3944
137,2013,4176
137,2014,4006
137,2015,3360
137,2016,3060
137,2017,3098
137,2018,2462
137,2019,2530
138,1961,474
138,1962,791
138,1963,1645
138,1964,732
138,1965,676
138,1966,521
138,1967,302
138,1968,220
138,1969,300
138,1970,208
138,1971,224
138,1972,378
138,1973,472
138,1974,507
138,1975,982
138,1976,1235
138,1977,1368
138,1978,2274
138,1979,2549
138,1980,2260
138,1981,1966
138,1982,1658
138,1983,853
138,1984,1139
138,1985,820
138,1986,814
138,1987,918
138,1988,761
138,1989,634
138,1990,1001
138,1991,1145
138,1992,2276
138,1993,1968
138,1994,1864
138,1995,1633
138,1996,3362
138,1997,4596
138,1998,5961
138,1999,7032
138,2000,8297
138,2001,11134
138,2002,8472
138,2003,7953
138,2004,10759
138,2005,11004
138,2006,11610
138,2007,12845
138,2008,17001
138,2009,22764
138,2010,25635
138,2011,17218
138,2012,23858
138,2013,24483
138,2014,19711
138,2015,36159
138,2016,42573
138,2017,41020
138,2018,30605
138,2019,29578
14,1994,2
14,1995,0
14,1996,0
14,1997,0
14,1998,0
14,1999,0
14,2000,0
14,2001,0
14,2002,0
14,2003,0
14,2004,0
14,2005,0
14,2006,0
14,2007,1
14,2008,0
14,2009,1
14,2010,3
14,2011,0
14,2012,0
14,2013,0
14,2014,0
143,1961,1
143,1962,0
143,1963,0
143,1964,0
143,1965,0
143,1966,0
143,1967,11
143,1968,176
143,1969,0
143,1970,0
143,1971,0
143,1972,0
143,1973,0
143,1974,0
143,1975,0
143,1976,0
143,1977,0
143,1978,0
143,1979,0
143,1980,0
143,1981,0
143,1982,0
143,1983,0
143,1984,0
143,1985,0
143,1986,0
143,1987,0
143,1988,0
143,1989,0
143,1990,0
143,1991,0
143,1992,0
143,1993,0
143,2000,0
143,2001,1
143,2002,0
143,2003,0
143,2004,0
143,2005,0
143,2006,0
143,2007,0
143,2008,0
143,2009,1
143,2010,0
143,2011,0
143,2012,0
143,2013,0
143,2014,0
143,2015,6
143,2016,1
143,2017,79
143,2018,10
143,2019,2
144,2015,0
144,2016,5
144,2017,18
144,2018,26
144,2019,60
146,1994,1
146,1995,0
146,1996,18
146,1997,0
146,2001,0
146,2002,0
146,2003,0
146,2004,0
146,2005,0
146,2006,0
146,2007,0
146,2008,0
146,2009,0
146,2010,0
146,2011,0
146,2012,0
146,2013,0
146,2019,0
147,1997,9
147,1998,9
147,1999,0
147,2000,0
147,2001,0
147,2002,0
147,2003,0
147,2004,0
147,2005,0
147,2006,0
147,2007,0
147,2008,0
147,2009,0
147,2010,0
147,2011,0
147,2012,4
147,2013,1
147,2014,3
147,2015,0
147,2017,0
149,2011,0
149,2012,0
149,2013,5
149,2016,0
149,2017,0
15,1961,0
15,1962,2
15,1963,2
15,1964,5
15,1965,5
15,1966,5
15,1967,2
15,1968,3
15,1969,20
15,1970,29
15,1971,10
15,1972,42
15,1973,62
15,1974,67
15,1975,58
15,1976,81
15,1977,60
15,1978,95
15,1979,188
15,1980,144
15,1981,135
15,1982,255
15,1983,407
15,1984,826
15,1985,772
15,1986,2412
15,1987,11691
15,1988,8820
15,1989,11721
15,1990,6691
15,1991,4299
15,1992,5726
15,1993,23224
15,1994,31116
15,1995,44047
15,1996,42415
15,1997,39583
15,1998,47326
15,1999,46008
15,2000,0
15,2001,0
15,2002,0
15,2003,0
15,2004,0
15,2005,0
15,2006,0
15,2007,0
15,2008,0
15,2009,0
15,2010,0
15,2011,0
15,2012,0
15,2013,0
150,1961,0
150,1962,0
150,1963,0
150,1964,0
150,1965,3
150,1966,2
150,1967,6
150,1968,5
150,1969,83
150,1970,258
150,1971,270
150,1972,897
150,1973,893
150,1974,932
150,1975,1430
150,1976,1461
150,1977,2070
150,1978,3594
150,1979,4043
150,1980,4083
150,1981,4741
150,1982,4915
150,1983,4657
150,1984,5386
150,1985,5932
150,1986,7627
150,1987,7773
150,1988,7599
150,1989,7551
150,1990,6677
150,1991,8717
150,1992,6425
150,1993,9479
150,1994,16015
150,1995,19870
150,1996,23278
150,1997,19524
150,1998,14701
150,1999,19349
150,2000,15889
150,2001,20183
150,2002,28195
150,2003,56421
150,2004,70000
150,2005,88000
150,2006,173865
150,2007,193000
150,2008,224055
150,2009,179581
150,2010,150628
150,2011,170327
150,2012,193788
150,2013,196525
150,2014,203256
150,2015,196092
150,2016,273199
150,2017,232906
150,2018,245203
150,2019,238291
153,1997,0
153,1998,1
153,1999,1
153,2000,1
153,2001,1
153,2002,0
153,2003,0
153,2004,0
153,2005,0
153,2006,5
153,2007,0
153,2008,0
153,2009,0
153,2010,2
153,2011,7
153,2012,0
153,2013,0
154,2004,4
154,2005,10
154,2006,3
154,2007,2
154,2008,3
154,2009,2
154,2010,0
154,2011,0
154,2012,0
154,2013,0
154,2014,1
154,2015,0
154,2016,0
154,2017,0
154,2018,0
154,2019,0
156,1961,0
156,1962,0
156,1963,0
156,1964,0
156,1965,0
156,1966,0
156,1967,0
156,1968,0
156,1969,0
156,1970,0
156,1971,0
156,1972,0
156,1973,0
156,1974,0
156,1975,0
156,1976,0
156,1977,0
156,1978,0
156,1979,0
156,1980,0
156,1981,0
156,1982,0
156,1983,0
156,1984,3
156,1985,0
156,1986,1
156,1987,4
156,1988,2
156,1989,0
156,1990,0
156,1991,0
156,1992,0
156,1993,0
156,1994,0
156,1995,0
156,1996,0
156,1997,0
156,1998,0
156,1999,1
156,2000,1
156,2001,8
156,2002,9
156,2003,4
156,2004,13
156,2005,14
156,2006,9
156,2007,12
156,2008,10
156,2009,101
156,2010,114
156,2011,98
156,2012,71
156,2013,101
156,2014,100
156,2015,30
156,2016,38
156,2017,59
156,2018,106
156,2019,88
157,1961,0
157,1962,0
157,1963,0
157,1964,0
157,1965,0
157,1966,0
157,1967,0
157,1968,0
157,1969,0
157,1970,0
157,1971,0
157,1972,0
157,1973,0
157,1974,0
157,1975,0
157,1976,0
157,1977,0
157,1978,0
157,1979,0
157,1980,0
157,1981,2
157,1982,20
157,1983,15
157,1984,181
157,1985,65
157,1986,57
157,1987,42
157,1988,25
157,1989,25
157,1990,30
157,1991,0
157,1992,0
157,1993,0
157,1994,0
157,1995,0
157,1996,24
157,1997,84
157,1998,150
157,1999,445
157,2000,73
157,2001,41
157,2002,79
157,2003,38
157,2004,57
157,2005,66
157,2006,92
157,2007,161
157,2008,59
157,2009,39
157,2010,9
157,2011,13
157,2012,0
157,2013,0
157,2014,27
157,2015,7
157,2016,31
157,2017,55
157,2018,15
157,2019,34
158,1994,0
158,1995,0
158,1996,0
158,1997,0
158,1998,0
158,1999,0
158,2000,4
158,2001,0
158,2002,0
158,2003,0
158,2004,0
158,2005,0
158,2006,0
158,2007,0
158,2008,0
158,2009,0
158,2010,2
158,2011,0
158,2012,0
158,2013,0
159,1961,0
159,1962,0
159,1963,0
159,1964,0
159,1965,0
159,1966,0
159,1967,0
159,1968,0
159,1969,0
159,1970,0
159,1971,0
159,1972,0
159,1973,0
159,1974,0
159,1975,0
159,1976,0
159,1977,0
159,1978,0
159,1979,0
159,1980,0
159,1981,0
159,1982,0
159,1983,0
159,1984,0
159,1985,0
159,1986,0
159,1987,0
159,1988,114
159,1989,176
159,1990,86
159,1991,189
159,1992,20
159,1993,14
159,1994,230
159,1995,0
159,1996,0
159,1997,0
159,1998,0
159,1999,0
159,2000,0
159,2001,25
159,2002,25
159,2003,25
159,2004,0
159,2005,0
159,2006,0
159,2007,0
159,2008,0
159,2009,0
159,2010,0
159,2011,0
159,2012,0
159,2013,0
159,2014,3
159,2015,9
159,2016,8
159,2017,2
159,2018,0
159,2019,0
16,1961,0
16,1962,0
16,1963,0
16,1964,0
16,1965,0
16,1966,0
16,1967,0
16,1968,0
16,1969,0
16,1970,0
16,1971,0
16,1972,0
16,1973,0
16,1974,0
16,1975,0
16,1976,1
16,1977,0
16,1978,1
16,1979,0
16,1980,0
16,1981,0
16,1982,0
16,1983,0
16,1984,0
16,1985,17
16,1986,0
16,1987,0
16,1988,0
16,1989,0
16,1990,0
16,1991,1000
16,1992,0
16,1993,0
16,1994,0
16,1995,0
16,1996,0
16,1997,0
16,1998,0
16,1999,0
16,2000,0
16,2001,0
16,2002,0
16,2003,4
16,2004,1
16,2005,1
16,2006,0
16,2007,0
16,2008,0
16,2009,0
16,2010,0
16,2011,0
16,2012,0
16,2013,24
16,2014,7
16,2015,1
16,2016,1
16,2017,0
16,2018,0
16,2019,1
162,1961,0
162,1962,0
162,1963,0
162,1964,0
162,1965,0
162,1966,0
162,1967,0
162,1968,0
162,1969,0
162,1970,0
162,1971,0
162,1972,0
162,1973,0
162,1974,0
162,1975,0
162,1976,0
162,1977,0
162,1978,0
162,1979,7
162,1980,0
162,1981,0
162,1982,0
162,1983,0
162,1984,0
162,1985,3
162,1986,8
162,1987,5
162,1988,6
162,1989,12
162,1990,8
162,1991,14
162,1992,21
162,1993,14
162,1994,32
162,1995,96
162,1996,48
162,1997,46
162,1998,9
162,1999,2
162,2000,0
162,2001,20
162,2002,0
162,2003,6
162,2004,0
162,2005,0
162,2006,3
162,2007,0
162,2008,42
162,2009,22
162,2010,24
162,2011,4
162,2012,29
162,2013,94
162,2014,63
162,2015,20
162,2016,27
162,2017,10
162,2018,17
162,2019,53
165,2011,9
165,2012,0
165,2013,0
166,1996,421
166,1997,186
166,1998,368
166,1999,36
166,2000,82
166,2001,766
166,2002,293
166,2003,4004
166,2004,11900
166,2005,21051
166,2006,16700
166,2007,28147
166,2008,36503
166,2009,33063
166,2010,37347
166,2011,31629
166,2012,37133
166,2013,44135
166,2014,31906
166,2015,21849
166,2016,14219
166,2017,13200
166,2018,13622
166,2019,10270
167,1961,0
167,1962,0
167,1963,0
167,1964,0
167,1965,0
167,1966,0
167,1967,0
167,1968,0
167,1969,0
167,1970,0
167,1971,0
167,1972,0
167,1973,0
167,1974,0
167,1975,0
167,1976,0
167,1977,0
167,1978,0
167,1979,0
167,1980,0
167,1981,0
167,1982,0
167,1983,0
167,1984,0
167,1985,0
167,1986,0
167,1987,0
167,1988,0
167,1989,0
167,1990,0
167,1991,0
167,1992,0
167,1993,1
167,1994,21
167,1995,9
167,1996,7
167,1997,36
167,1998,39
167,1999,66
167,2000,89
167,2001,97
167,2002,116
167,2003,52
167,2004,422
167,2005,993
167,2006,1660
167,2007,2842
167,2008,2020
167,2009,2051
167,2010,1474
167,2011,1267
167,2012,1105
167,2013,928
167,2014,852
167,2015,586
167,2016,675
167,2017,655
167,2018,1400
167,2019,996
168,2016,0
169,1961,0
169,1962,34
169,1963,87
169,1964,161
169,1965,102
169,1966,106
169,1967,24
169,1968,72
169,1969,71
169,1970,48
169,1971,233
169,1972,135
169,1973,73
169,1974,557
169,1975,751
169,1976,398
169,1977,332
169,1978,206
169,1979,193
169,1980,260
169,1981,101
169,1982,190
169,1983,126
169,1984,32
169,1985,44
169,1986,147
169,1987,625
169,1988,252
169,1989,301
169,1990,159
169,1991,80
169,1992,0
169,1993,0
169,1994,83
169,1995,0
169,1996,77
169,1997,96
169,1998,45
169,1999,8
169,2000,30
169,2001,40
169,2002,0
169,2003,95
169,2004,126
169,2005,146
169,2006,160
169,2007,257
169,2008,258
169,2009,306
169,2010,398
169,2011,1056
169,2012,761
169,2013,0
169,2014,969
169,2015,764
169,2016,1113
169,2017,857
169,2018,536
169,2019,712
170,1961,3
170,1962,7
170,1963,2
170,1964,0
170,1965,1
170,1966,1
170,1967,0
170,1968,0
170,1969,1
170,1970,0
170,1971,0
170,1972,0
170,1973,0
170,1974,0
170,1975,0
170,1976,5
170,1977,0
170,1978,4
170,1979,35
170,1980,0
170,1981,0
170,1982,0
170,1983,0
170,1984,0
170,1985,0
170,1986,0
170,1987,0
170,1988,0
170,1989,0
170,1990,20
170,1991,0
170,1992,10
170,1993,80
170,1994,4
170,1995,5
170,1996,2
170,1997,1
170,1998,0
170,1999,0
170,2000,18
170,2001,45
170,2002,0
170,2003,0
170,2004,3
170,2005,16
170,2006,45
170,2007,18
170,2008,62
170,2009,178
170,2010,73
170,2011,391
170,2012,169
170,2013,18
170,2014,27
170,2015,0
170,2016,152
170,2017,277
170,2018,585
170,2019,817
171,1961,0
171,1962,0
171,1963,0
171,1964,0
171,1965,0
171,1966,0
171,1967,0
171,1968,0
171,1969,0
171,1970,0
171,1971,199
171,1972,343
171,1973,376
171,1974,1232
171,1975,2029
171,1976,3079
171,1977,5011
171,1978,7422
171,1979,9450
171,1980,10404
171,1981,15241
171,1982,16125
171,1983,13975
171,1984,15620
171,1985,18339
171,1986,20614
171,1987,24458
171,1988,23509
171,1989,23940
171,1990,22699
171,1991,26961
171,1992,22946
171,1993,23158
171,1994,24378
171,1995,24757
171,1996,24514
171,1997,27189
171,1998,20841
171,1999,22814
171,2000,24794
171,2001,27407
171,2002,29537
171,2003,38096
171,2004,41133
171,2005,43359
171,2006,54794
171,2007,58849
171,2008,61653
171,2009,53115
171,2010,42359
171,2011,67491
171,2012,101362
171,2013,153688
171,2014,147705
171,2015,105374
171,2016,228412
171,2017,201087
171,2018,191979
171,2019,327919
173,1995,199
173,1996,335
173,1997,271
173,1998,135
173,1999,39
173,2000,0
173,2001,13
173,2002,0
173,2003,0
173,2004,707
173,2005,1800
173,2006,2266
173,2007,2488
173,2008,2412
173,2009,2090
173,2010,3167
173,2011,3398
173,2012,4617
173,2013,4878
173,2014,2584
173,2015,1486
173,2016,2302
173,2017,2656
173,2018,2955
173,2019,4195
174,1961,371
174,1962,402
174,1963,479
174,1964,383
174,1965,442
174,1966,373
174,1967,400
174,1968,370
174,1969,309
174,1970,298
174,1971,247
174,1972,262
174,1973,105
174,1974,158
174,1975,216
174,1976,140
174,1977,149
174,1978,94
174,1979,39
174,1980,38
174,1981,6
174,1982,8
174,1983,1
174,1984,5
174,1985,6
174,1986,11
174,1987,6
174,1988,10
174,1989,3
174,1990,14
174,1991,3
174,1992,3
174,1993,0
174,1994,1
174,1995,20
174,1996,3
174,1997,917
174,1998,519
174,1999,13
174,2000,2428
174,2001,2608
174,2002,19133
174,2003,33376
174,2004,24657
174,2005,14635
174,2006,11544
174,2007,11755
174,2008,21537
174,2009,23920
174,2010,31892
174,2011,43934
174,2012,11380
174,2013,17240
174,2014,5459
174,2015,4567
174,2016,5854
174,2017,29171
174,2018,23069
174,2019,29127
175,1961,0
175,1962,0
175,1963,0
175,1964,0
175,1965,0
175,1966,0
175,1967,0
175,1968,0
175,1969,0
175,1970,0
175,1971,0
175,1972,0
175,1973,0
175,1974,0
175,1975,0
175,1976,0
175,1977,0
175,1978,0
175,1979,0
175,1980,1
175,1981,0
175,1982,4
175,1983,0
175,1984,0
175,1985,1
175,1986,0
175,1987,0
175,1988,0
175,1989,0
175,1990,0
175,1991,0
175,1992,0
175,1993,0
175,1994,0
175,1995,0
175,1996,0
175,1997,0
175,1998,0
175,1999,0
175,2000,0
175,2001,2
175,2002,2
175,2003,2
175,2004,2
175,2005,2
175,2006,0
175,2007,0
175,2008,0
175,2009,0
175,2010,0
175,2011,0
175,2012,0
175,2013,0
179,2005,72
179,2006,10
179,2007,39
179,2008,35
179,2009,8
179,2010,3
179,2011,4
179,2012,0
179,2013,9
179,2015,980
18,1991,1
18,1997,0
181,1961,0
181,1962,0
181,1963,0
181,1964,0
181,1965,0
181,1966,0
181,1967,0
181,1968,0
181,1969,0
181,1970,0
181,1971,0
181,1972,0
181,1973,0
181,1974,0
181,1975,0
181,1976,0
181,1977,0
181,1978,0
181,1979,0
181,1980,0
181,1981,0
181,1982,0
181,1983,0
181,1984,0
181,1985,8
181,1986,0
181,1987,0
181,1988,0
181,1989,0
181,1990,1
181,1991,0
181,1992,4
181,1993,12
181,1994,26
181,1995,49
181,1996,5
181,1997,5
181,1998,1
181,1999,1
181,2000,0
181,2001,0
181,2002,0
181,2003,2
181,2004,0
181,2005,0
181,2006,0
181,2007,0
181,2008,0
181,2009,0
181,2010,0
181,2011,0
181,2012,0
181,2013,0
183,1994,2
183,1995,0
183,1996,3
183,1997,3
183,1998,0
183,1999,0
183,2000,0
183,2001,0
183,2002,2
183,2003,10
183,2004,24
183,2005,7
183,2006,8
183,2007,111
183,2008,392
183,2009,298
183,2010,867
183,2011,332
183,2012,349
183,2013,232
183,2014,211
183,2015,98
183,2016,26
183,2017,20
183,2018,17
183,2019,33
184,2012,1
184,2013,0
184,2015,38
184,2016,42
184,2017,220
184,2018,265
184,2019,206
185,1996,10
185,1997,10
185,1998,7
185,1999,18
185,2000,30
185,2001,27
185,2002,51
185,2003,79
185,2004,82
185,2005,87
185,2006,141
185,2007,225
185,2008,335
185,2009,253
185,2010,248
185,2011,184
185,2012,76
185,2013,111
185,2014,213
185,2015,299
185,2016,296
185,2017,301
185,2018,467
185,2019,434
186,1996,1
186,1997,0
186,1998,0
186,1999,0
186,2000,0
186,2001,0
186,2002,0
186,2003,0
186,2004,0
186,2005,0
186,2006,0
186,2007,0
186,2008,0
186,2009,0
186,2010,0
186,2011,0
186,2012,0
186,2013,0
188,2000,1
188,2001,0
188,2002,0
188,2003,0
188,2004,0
188,2005,0
188,2006,0
188,2007,0
188,2008,0
188,2009,0
188,2010,0
188,2011,0
188,2012,0
188,2013,6
189,1994,160
189,1995,63
189,1996,34
189,1997,9
189,1998,1
189,1999,0
189,2000,0
189,2001,0
189,2002,7
189,2003,0
189,2004,0
189,2005,0
189,2006,0
189,2007,0
189,2008,0
189,2009,0
189,2010,0
189,2011,0
189,2012,0
189,2013,0
189,2016,0
189,2017,3
189,2018,1
19,1961,0
19,1962,0
19,1963,0
19,1964,3
19,1965,8
19,1966,9
19,1967,0
19,1968,6
19,1969,12
19,1970,0
19,1971,23
19,1972,64
19,1973,105
19,1974,0
19,1975,0
19,1976,31
19,1977,54
19,1978,37
19,1979,127
19,1980,3
19,1981,192
19,1982,48
19,1983,0
19,1984,0
19,1985,0
19,1986,0
19,1987,0
19,1988,0
19,1989,570
19,1990,136
19,1991,50
19,1992,0
19,1993,1
19,1994,303
19,1995,159
19,1996,165
19,1997,65
19,1998,163
19,1999,19
19,2000,54
19,2001,106
19,2002,50
19,2003,131
19,2004,296
19,2005,513
19,2006,578
19,2007,505
19,2008,416
19,2009,432
19,2010,496
19,2011,683
19,2012,806
19,2013,830
19,2014,862
19,2015,853
19,2016,589
19,2017,320
19,2018,175
19,2019,75
191,2004,1
191,2005,0
191,2006,0
191,2007,0
191,2008,0
191,2009,1
191,2010,0
191,2011,0
191,2012,0
191,2013,0
191,2014,0
191,2017,0
191,2018,0
193,2015,0
193,2016,1
194,1961,0
194,1962,0
194,1963,0
194,1964,0
194,1965,0
194,1966,0
194,1967,0
194,1968,0
194,1969,0
194,1970,0
194,1971,0
194,1972,0
194,1973,0
194,1974,78
194,1975,6
194,1976,11
194,1977,93
194,1978,194
194,1979,161
194,1980,257
194,1981,345
194,1982,144
194,1983,0
194,1984,316
194,1985,28
194,1986,152
194,1987,52
194,1988,194
194,1989,79
194,1990,26
194,1991,40
194,1992,0
194,1993,0
194,1994,0
194,1995,0
194,1996,0
194,1997,0
194,1998,5
194,1999,0
194,2000,13
194,2001,57
194,2002,512
194,2003,318
194,2004,1294
194,2005,1256
194,2006,196
194,2007,76
194,2008,8
194,2009,8
194,2010,452
194,2011,365
194,2012,331
194,2013,622
194,2014,733
194,2015,1837
194,2016,1841
194,2017,2109
194,2018,874
194,2019,16
195,1992,3
195,1993,0
195,1994,0
195,1995,3
195,1996,0
195,1997,0
195,1998,0
195,1999,0
195,2000,0
195,2001,0
195,2002,0
195,2003,3
195,2004,0
195,2005,1
195,2006,0
195,2007,2
195,2008,0
195,2009,0
195,2010,0
195,2011,0
195,2012,0
195,2013,0
195,2014,1
196,1997,4
196,1998,5
196,1999,5
196,2000,0
196,2001,0
196,2002,34
196,2003,15
196,2004,15
196,2005,15
196,2006,17
196,2007,36
196,2008,0
196,2009,0
196,2010,0
196,2011,0
196,2012,0
196,2013,3
196,2015,0
197,2015,22
198,1961,0
198,1962,0
198,1963,0
198,1964,0
198,1965,0
198,1966,0
198,1967,0
198,1968,0
198,1969,0
198,1970,0
198,1971,0
198,1972,0
198,1973,0
198,1974,0
198,1975,0
198,1976,0
198,1977,0
198,1978,0
198,1979,0
198,1980,0
198,1981,0
198,1982,0
198,1983,0
198,1984,0
198,1985,0
198,1986,0
198,1987,0
198,1988,0
198,1989,0
198,1990,0
198,1991,0
198,1992,0
198,1993,18
198,1994,14
198,1995,11
198,1996,3
198,1997,2
198,1998,0
198,1999,0
198,2000,1
198,2001,0
198,2002,1
198,2003,12
198,2004,100
198,2005,210
198,2006,612
198,2007,1602
198,2008,2053
198,2009,1723
198,2010,1983
198,2011,2066
198,2012,1960
198,2013,1659
198,2014,1268
198,2015,1031
198,2016,1246
198,2017,2111
198,2018,2295
198,2019,2256
199,1993,37
199,1994,32
199,1995,24
199,1996,31
199,1997,47
199,1998,18
199,1999,3
199,2000,1
199,2001,9
199,2002,10
199,2003,15
199,2004,295
199,2005,361
199,2006,342
199,2007,256
199,2008,337
199,2009,271
199,2010,110
199,2011,91
199,2012,1095
199,2013,834
199,2014,593
199,2015,973
199,2016,1246
199,2017,1662
199,2018,2203
199,2019,2402
2,2016,0
2,2017,0
20,1996,1
20,1997,0
20,1998,0
20,1999,0
20,2000,0
20,2001,0
20,2002,0
20,2003,0
20,2004,0
20,2005,0
20,2006,0
20,2007,0
20,2008,0
20,2009,0
20,2010,0
20,2011,1
20,2012,0
20,2013,0
20,2014,1
20,2015,1
20,2016,1
20,2017,1
20,2018,1
20,2019,2
200,1961,16
200,1962,19
200,1963,21
200,1964,12
200,1965,8
200,1966,0
200,1967,0
200,1968,0
200,1969,0
200,1970,0
200,1971,2
200,1972,2
200,1973,0
200,1974,1
200,1975,2
200,1976,1
200,1977,1
200,1978,6
200,1979,2
200,1980,3
200,1981,3
200,1982,2
200,1983,2
200,1984,1
200,1985,3
200,1986,9
200,1987,13
200,1988,33
200,1989,70
200,1990,68
200,1991,29
200,1992,38
200,1993,81
200,1994,311
200,1995,690
200,1996,501
200,1997,387
200,1998,96
200,1999,108
200,2000,45
200,2001,37
200,2002,86
200,2003,80
200,2004,90
200,2005,184
200,2006,14
200,2007,57
200,2008,15
200,2009,10
200,2010,16
200,2011,13
200,2012,14
200,2013,28
200,2014,38
200,2015,53
200,2016,32
200,2017,42
200,2018,49
200,2019,60
202,1961,400
202,1962,421
202,1963,373
202,1964,365
202,1965,408
202,1966,503
202,1967,815
202,1968,1322
202,1969,760
202,1970,1934
202,1971,1648
202,1972,732
202,1973,1198
202,1974,413
202,1975,516
202,1976,342
202,1977,425
202,1978,751
202,1979,1508
202,1980,1433
202,1981,1137
202,1982,1191
202,1983,1072
202,1984,636
202,1985,500
202,1986,485
202,1987,812
202,1988,995
202,1989,782
202,1990,1190
202,1991,1646
202,1992,1715
202,1993,1234
202,1994,1555
202,1995,2717
202,1996,2519
202,1997,1916
202,1998,2499
202,1999,3117
202,2000,3259
202,2001,2864
202,2002,2228
202,2003,2719
202,2004,3325
202,2005,3537
202,2006,3656
202,2007,4032
202,2008,2953
202,2009,2988
202,2010,3815
202,2011,3393
202,2012,3975
202,2013,4557
202,2014,3837
202,2015,4144
202,2016,3353
202,2017,4073
202,2018,3493
202,2019,3849
203,1961,0
203,1962,0
203,1963,0
203,1964,0
203,1965,0
203,1966,0
203,1967,0
203,1968,0
203,1969,0
203,1970,0
203,1971,0
203,1972,0
203,1973,0
203,1974,0
203,1975,0
203,1976,0
203,1977,0
203,1978,0
203,1979,0
203,1980,0
203,1981,0
203,1982,0
203,1983,0
203,1984,4
203,1985,1
203,1986,2
203,1987,77
203,1988,15
203,1989,55
203,1990,41
203,1991,159
203,1992,53
203,1993,532
203,1994,3094
203,1995,6557
203,1996,4527
203,1997,4010
203,1998,2179
203,1999,3232
203,2000,4591
203,2001,13750
203,2002,15492
203,2003,8999
203,2004,11978
203,2005,12190
203,2006,13238
203,2007,19176
203,2008,24057
203,2009,15762
203,2010,15853
203,2011,22738
203,2012,22330
203,2013,22929
203,2014,29002
203,2015,24592
203,2016,30695
203,2017,33216
203,2018,40934
203,2019,35080
206,1997,0
206,1998,4
206,2002,6
206,2003,4
206,2004,4
206,2005,0
206,2006,0
206,2007,0
206,2008,0
206,2009,0
206,2010,0
206,2011,0
206,2012,0
206,2013,0
208,2017,109
209,1997,22
209,1998,72
209,1999,11
209,2000,33
209,2001,27
209,2002,10
209,2003,9
209,2004,14
209,2005,7
209,2006,38
209,2007,162
209,2008,162
209,2009,162
209,2010,162
209,2011,162
209,2012,162
209,2013,0
209,2014,0
209,2015,0
209,2016,0
209,2018,0
209,2019,1
21,1961,860
21,1962,520
21,1963,187
21,1964,981
21,1965,2107
21,1966,1863
21,1967,1397
21,1968,1583
21,1969,2314
21,1970,1529
21,1971,1668
21,1972,783
21,1973,1743
21,1974,2467
21,1975,1581
21,1976,1347
21,1977,2456
21,1978,3457
21,1979,6202
21,1980,7211
21,1981,5570
21,1982,3099
21,1983,3121
21,1984,5454
21,1985,4596
21,1986,4327
21,1987,4425
21,1988,3202
21,1989,3679
21,1990,3018
21,1991,5057
21,1992,5278
21,1993,10143
21,1994,6883
21,1995,3785
21,1996,4051
21,1997,3938
21,1998,3854
21,1999,4290
21,2000,4099
21,2001,3408
21,2002,1791
21,2003,2848
21,2004,6063
21,2005,6097
21,2006,7239
21,2007,17634
21,2008,16381
21,2009,10580
21,2010,980
21,2011,1402
21,2012,851
21,2013,949
21,2014,1067
21,2015,1023
21,2016,1598
21,2017,2004
21,2018,700
21,2019,1010
210,1961,0
210,1962,0
210,1963,0
210,1964,0
210,1965,0
210,1966,1
210,1967,6
210,1968,1
210,1969,1
210,1970,5
210,1971,4
210,1972,12
210,1973,24
210,1974,17
210,1975,24
210,1976,10
210,1977,12
210,1978,17
210,1979,0
210,1980,0
210,1981,0
210,1982,20
210,1983,8
210,1984,84
210,1985,10
210,1986,2
210,1987,3
210,1988,28
210,1989,19
210,1990,26
210,1991,4
210,1992,23
210,1993,54
210,1994,63
210,1995,29
210,1996,5
210,1997,10
210,1998,12
210,1999,64
210,2000,54
210,2001,11
210,2002,59
210,2003,108
210,2004,301
210,2005,102
210,2006,192
210,2007,513
210,2008,1283
210,2009,61
210,2010,41
210,2011,30
210,2012,29
210,2013,218
210,2014,305
210,2015,549
210,2016,748
210,2017,194
210,2018,454
210,2019,85
211,1961,0
211,1962,0
211,1963,0
211,1964,0
211,1965,0
211,1966,0
211,1967,0
211,1968,1
211,1969,0
211,1970,1
211,1971,1
211,1972,1
211,1973,6
211,1974,2
211,1975,4
211,1976,0
211,1977,22
211,1978,9
211,1979,5
211,1980,29
211,1981,0
211,1982,0
211,1983,5
211,1984,25
211,1985,95
211,1986,76
211,1987,25
211,1988,24
211,1989,167
211,1990,142
211,1991,141
211,1992,81
211,1993,17
211,1994,8
211,1995,18
211,1996,3
211,1997,2
211,1998,11
211,1999,6
211,2000,6
211,2001,44
211,2002,144
211,2003,95
211,2004,96
211,2005,79
211,2006,325
211,2007,126
211,2008,188
211,2009,204
211,2010,217
211,2011,335
211,2012,83
211,2013,74
211,2014,122
211,2015,165
211,2016,120
211,2017,117
211,2018,77
211,2019,87
212,1961,0
212,1962,0
212,1963,0
212,1964,0
212,1965,0
212,1966,0
212,1967,0
212,1968,0
212,1969,0
212,1970,0
212,1971,0
212,1972,0
212,1973,0
212,1974,0
212,1975,0
212,1976,0
212,1977,0
212,1978,0
212,1979,0
212,1980,0
212,1981,0
212,1982,0
212,1983,0
212,1984,0
212,1985,0
212,1986,0
212,1987,0
212,1988,0
212,1989,11
212,1990,11
212,1991,0
212,1992,3
212,1993,0
212,1994,32
212,1995,65
212,1996,23
212,1997,0
212,1998,14
212,1999,0
212,2000,0
212,2001,0
212,2002,0
212,2003,7
212,2004,0
212,2005,0
212,2006,0
212,2007,0
212,2008,0
212,2009,0
212,2010,0
212,2011,0
212,2012,0
212,2013,0
212,2014,1
212,2017,1
212,2018,1
214,1961,500
214,1962,625
214,1963,624
214,1964,623
214,1965,1496
214,1966,2120
214,1967,2435
214,1968,2463
214,1969,2583
214,1970,4087
214,1971,5221
214,1972,7300
214,1973,6299
214,1974,2684
214,1975,5886
214,1976,5334
214,1977,5600
214,1978,7429
214,1979,6872
214,1980,7679
214,1981,7276
214,1982,4757
214,1983,4377
214,1984,4259
214,1985,3888
214,1986,5260
214,1987,7918
214,1988,7175
214,1989,4307
214,1990,2398
214,1991,2069
214,1992,1780
214,1993,986
214,1994,777
214,1995,580
214,1996,332
214,1997,391
214,1998,539
214,1999,817
214,2000,654
214,2001,958
214,2002,377
214,2003,796
214,2004,972
214,2005,1098
214,2006,630
214,2007,913
214,2008,750
214,2009,1437
214,2010,2101
214,2011,2699
214,2012,3502
214,2013,4941
214,2014,9162
214,2015,26407
214,2016,39190
214,2017,37283
214,2018,42231
214,2019,65352
215,1961,0
215,1962,0
215,1963,0
215,1964,0
215,1965,0
215,1966,0
215,1967,0
215,1968,0
215,1969,0
215,1970,0
215,1971,0
215,1972,0
215,1973,0
215,1974,0
215,1975,0
215,1976,4
215,1977,11
215,1978,7
215,1979,0
215,1980,1
215,1981,0
215,1982,0
215,1983,0
215,1984,0
215,1985,0
215,1986,0
215,1987,0
215,1988,0
215,1989,35
215,1990,30
215,1991,85
215,1992,0
215,1993,0
215,1994,0
215,1995,0
215,1996,0
215,1997,0
215,1998,3
215,1999,2
215,2000,3
215,2001,2
215,2002,33
215,2003,9
215,2004,4
215,2005,6
215,2006,16
215,2007,137
215,2008,96
215,2009,65
215,2010,96
215,2011,125
215,2012,136
215,2013,178
215,2014,117
215,2015,169
215,2016,184
215,2017,181
215,2018,989
215,2019,185
216,1961,0
216,1962,0
216,1963,0
216,1964,0
216,1965,0
216,1966,0
216,1967,0
216,1968,0
216,1969,0
216,1970,0
216,1971,0
216,1972,0
216,1973,0
216,1974,0
216,1975,0
216,1976,0
216,1977,45
216,1978,21
216,1979,3
216,1980,9
216,1981,16
216,1982,195
216,1983,114
216,1984,25
216,1985,2766
216,1986,7511
216,1987,8331
216,1988,315
216,1989,131
216,1990,201
216,1991,122
216,1992,205
216,1993,99
216,1994,159
216,1995,275
216,1996,575
216,1997,701
216,1998,298
216,1999,648
216,2000,1691
216,2001,1503
216,2002,1054
216,2003,1271
216,2004,2624
216,2005,1264
216,2006,2121
216,2007,5885
216,2008,3303
216,2009,1648
216,2010,2862
216,2011,2861
216,2012,2544
216,2013,1911
216,2014,2418
216,2015,1621
216,2016,1604
216,2017,5984
216,2018,10387
216,2019,9915
217,1961,0
217,1962,0
217,1963,0
217,1964,0
217,1965,0
217,1966,0
217,1967,0
217,1968,0
217,1969,0
217,1970,0
217,1971,0
217,1972,0
217,1973,0
217,1974,0
217,1975,0
217,1976,0
217,1977,0
217,1978,0
217,1979,0
217,1980,0
217,1981,0
217,1982,0
217,1983,0
217,1984,0
217,1985,0
217,1986,75
217,1987,34
217,1988,61
217,1989,36
217,1990,63
217,1991,94
217,1992,65
217,1993,6
217,1994,3
217,1995,1
217,1996,1
217,1997,14
217,1998,8
217,1999,13
217,2000,73
217,2001,75
217,2002,61
217,2003,24
217,2004,51
217,2005,19
217,2006,2113
217,2007,33
217,2008,34
217,2009,18
217,2010,425
217,2011,919
217,2012,888
217,2013,1074
217,2014,1275
217,2015,1247
217,2016,807
217,2017,1642
217,2018,2689
217,2019,2261
219,2014,1
219,2015,0
219,2016,0
219,2017,12
219,2018,0
219,2019,0
220,1961,3
220,1962,2
220,1963,2
220,1964,2
220,1965,3
220,1966,8
220,1967,8
220,1968,8
220,1969,10
220,1970,12
220,1971,9
220,1972,11
220,1973,8
220,1974,15
220,1975,15
220,1976,12
220,1977,11
220,1978,10
220,1979,15
220,1980,6
220,1981,8
220,1982,21
220,1983,2
220,1984,2
220,1985,2
220,1986,2
220,1987,0
220,1988,2
220,1989,3
220,1990,5
220,1991,2
220,1992,6
220,1993,2
220,1994,1
220,1995,4
220,1996,0
220,1997,0
220,1998,0
220,1999,28
220,2000,41
220,2001,25
220,2002,22
220,2003,55
220,2004,166
220,2005,291
220,2006,177
220,2007,172
220,2008,69
220,2009,152
220,2010,167
220,2011,15
220,2012,15
220,2013,5
220,2014,7
220,2015,21
220,2016,23
220,2017,23
220,2018,21
220,2019,17
221,1961,0
221,1962,0
221,1963,0
221,1964,0
221,1965,0
221,1966,0
221,1967,0
221,1968,0
221,1969,0
221,1970,0
221,1971,0
221,1972,0
221,1973,0
221,1974,0
221,1975,0
221,1976,0
221,1977,0
221,1978,0
221,1979,0
221,1980,0
221,1981,0
221,1982,0
221,1983,0
221,1984,0
221,1985,0
221,1986,0
221,1987,3
221,1988,10
221,1989,6
221,1990,8
221,1991,0
221,1992,18
221,1993,0
221,1994,0
221,1995,0
221,1996,3
221,1997,50
221,1998,105
221,1999,1
221,2000,6
221,2001,12
221,2002,1
221,2003,5
221,2004,3
221,2005,0
221,2006,21
221,2007,21
221,2008,17
221,2009,42
221,2010,85
221,2011,109
221,2012,45
221,2013,29
221,2015,100
221,2016,139
221,2017,181
221,2018,67
222,1961,0
222,1962,0
222,1963,0
222,1964,0
222,1965,0
222,1966,0
222,1967,0
222,1968,0
222,1969,0
222,1970,0
222,1971,0
222,1972,0
222,1973,0
222,1974,0
222,1975,0
222,1976,0
222,1977,0
222,1978,0
222,1979,0
222,1980,0
222,1981,0
222,1982,0
222,1983,0
222,1984,0
222,1985,0
222,1986,0
222,1987,0
222,1988,0
222,1989,0
222,1990,0
222,1991,0
222,1992,0
222,1993,0
222,1997,1
222,1998,0
222,1999,1
222,2000,0
222,2001,0
222,2002,0
222,2003,0
222,2004,7
222,2005,0
222,2006,0
222,2007,0
222,2008,0
222,2009,0
222,2010,0
222,2011,9
222,2012,0
222,2013,0
223,1961,0
223,1962,0
223,1963,0
223,1964,0
223,1965,0
223,1966,0
223,1967,0
223,1968,0
223,1969,0
223,1970,0
223,1971,0
223,1972,0
223,1973,0
223,1974,0
223,1975,0
223,1976,0
223,1977,0
223,1978,0
223,1979,0
223,1980,0
223,1981,0
223,1982,0
223,1983,0
223,1984,0
223,1985,0
223,1986,0
223,1987,6
223,1988,0
223,1989,2
223,1990,2
223,1991,22
223,1992,1
223,1993,0
223,1994,0
223,1995,6
223,1996,2
223,1997,0
223,1998,0
223,1999,1
223,2000,20
223,2001,0
223,2002,1
223,2003,9
223,2004,40
223,2005,18
223,2006,1
223,2007,0
223,2008,1
223,2009,23
223,2010,16
223,2011,13
223,2012,30
223,2013,63
223,2014,34
223,2015,101
223,2016,39
223,2017,57
223,2018,38
223,2019,1060
225,2002,377
225,2003,506
225,2004,653
225,2005,883
225,2006,1040
225,2007,3018
225,2008,3858
225,2009,3858
225,2010,3163
225,2011,1435
225,2012,1258
225,2013,4666
225,2014,9674
225,2015,4283
225,2016,3962
225,2017,9269
225,2018,16279
225,2019,15783
226,1961,0
226,1962,0
226,1963,0
226,1964,0
226,1965,0
226,1966,0
226,1967,0
226,1968,0
226,1969,0
226,1970,0
226,1971,0
226,1972,0
226,1973,0
226,1974,0
226,1975,0
226,1976,0
226,1977,0
226,1978,0
226,1979,0
226,1980,0
226,1981,0
226,1982,0
226,1983,0
226,1984,0
226,1985,0
226,1986,300
226,1987,300
226,1988,200
226,1989,350
226,1990,176
226,1991,73
226,1992,18
226,1993,29
226,1994,44
226,1995,29
226,1996,38
226,1997,6
226,1998,43
226,1999,49
226,2000,725
226,2001,11
226,2002,12
226,2003,13
226,2004,119
226,2005,171
226,2006,69
226,2007,186
226,2008,181
226,2009,286
226,2010,247
226,2011,387
226,2012,208
226,2013,303
226,2014,150
226,2015,320
226,2016,879
226,2017,799
226,2018,1357
226,2019,663
229,1961,29
229,1962,17
229,1963,8
229,1964,17
229,1965,5
229,1966,6
229,1967,6
229,1968,5
229,1969,24
229,1970,0
229,1971,0
229,1972,0
229,1973,1696
229,1974,753
229,1975,77
229,1976,67
229,1977,113
229,1978,134
229,1979,161
229,1980,212
229,1981,172
229,1982,196
229,1983,294
229,1984,327
229,1985,173
229,1986,209
229,1987,282
229,1988,430
229,1989,311
229,1990,263
229,1991,431
229,1992,207
229,1993,72
229,1994,303
229,1995,816
229,1996,216
229,1997,239
229,1998,313
229,1999,353
229,2000,186
229,2001,238
229,2002,763
229,2003,232
229,2004,11113
229,2005,5756
229,2006,8857
229,2007,7173
229,2008,9960
229,2009,17485
229,2010,15808
229,2011,22145
229,2012,5406
229,2013,6195
229,2014,5241
229,2015,11465
229,2016,12610
229,2017,14463
229,2018,20162
229,2019,22142
23,1961,0
23,1962,0
23,1963,0
23,1964,0
23,1965,0
23,1966,0
23,1967,0
23,1968,0
23,1969,0
23,1970,0
23,1971,0
23,1972,0
23,1973,0
23,1974,0
23,1975,0
23,1976,0
23,1977,0
23,1978,0
23,1979,0
23,1980,0
23,1981,0
23,1982,0
23,1983,0
23,1984,0
23,1985,0
23,1986,0
23,1987,0
23,1988,0
23,1989,0
23,1990,0
23,1991,4
23,1992,5
23,1993,9
23,1994,7
23,1995,1
23,1996,4
23,1997,0
23,1998,0
23,1999,0
23,2000,0
23,2001,0
23,2002,0
23,2003,0
23,2004,0
23,2005,0
23,2006,0
23,2007,0
23,2008,0
23,2009,0
23,2010,0
23,2011,0
23,2012,0
23,2013,0
23,2014,1
23,2015,0
23,2017,3
23,2018,2
23,2019,0
230,2007,3
230,2010,3
230,2011,2
230,2012,2
230,2013,2
230,2014,3
230,2015,0
230,2016,2
230,2017,3
230,2018,3
231,1961,0
231,1962,0
231,1963,0
231,1964,0
231,1965,0
231,1966,0
231,1967,0
231,1968,0
231,1969,0
231,1970,0
231,1971,0
231,1972,0
231,1973,0
231,1974,0
231,1975,0
231,1976,0
231,1977,0
231,1978,0
231,1979,0
231,1980,0
231,1981,0
231,1982,0
231,1983,0
231,1984,0
231,1985,0
231,1986,0
231,1987,0
231,1988,0
231,1989,1779
231,1990,8817
231,1991,10879
231,1992,10882
231,1993,11193
231,1994,9625
231,1995,9210
231,1996,10936
231,1997,15585
231,1998,18202
231,1999,22128
231,2000,28017
231,2001,32716
231,2002,40661
231,2003,54070
231,2004,68433
231,2005,81429
231,2006,16470
231,2007,88526
231,2008,93405
231,2009,89096
231,2010,102735
231,2011,107659
231,2012,111769
231,2013,111441
231,2014,115204
231,2015,103129
231,2016,101472
231,2017,97160
231,2018,90387
231,2019,93306
233,1999,0
233,2000,1
233,2001,2
233,2002,5
233,2003,0
233,2004,0
233,2005,0
233,2006,25
233,2007,25
233,2008,160
233,2009,2
233,2010,0
233,2011,0
233,2012,0
233,2013,4
234,1995,10
234,1996,0
234,1997,0
234,1998,0
234,1999,0
234,2000,0
234,2001,0
234,2002,0
234,2003,0
234,2004,0
234,2005,0
234,2006,0
234,2007,0
234,2008,0
234,2009,1
234,2010,1
234,2011,0
234,2012,1
234,2013,2
234,2014,3
234,2015,9
234,2016,6
234,2017,6
234,2018,6
234,2019,3
235,2015,4
236,1961,0
236,1962,0
236,1963,0
236,1964,0
236,1965,0
236,1966,7
236,1967,8
236,1968,6
236,1969,10
236,1970,9
236,1971,23
236,1972,17
236,1973,25
236,1974,7
236,1975,58
236,1976,99
236,1977,60
236,1978,154
236,1979,557
236,1980,502
236,1981,1511
236,1982,1543
236,1983,534
236,1984,501
236,1985,347
236,1986,374
236,1987,34
236,1988,34
236,1989,208
236,1990,306
236,1991,236
236,1992,308
236,1993,250
236,1994,191
236,1995,96
236,1996,269
236,1997,240
236,1998,594
236,1999,245
236,2000,192
236,2001,189
236,2002,199
236,2003,112
236,2004,123
236,2005,198
236,2006,97
236,2007,81
236,2008,43
236,2009,7
236,2010,40
236,2011,18
236,2012,17
236,2013,57
236,2014,49
236,2015,16
236,2016,19
236,2017,7
236,2018,25
236,2019,2
237,1961,0
237,1962,0
237,1963,0
237,1964,0
237,1965,0
237,1966,0
237,1967,0
237,1968,0
237,1969,0
237,1970,0
237,1971,0
237,1972,0
237,1973,0
237,1974,0
237,1975,69
237,1976,1570
237,1977,1540
237,1978,3190
237,1979,691
237,1980,999
237,1981,960
237,1982,850
237,1983,560
237,1984,620
237,1985,700
237,1986,257
237,1987,156
237,1988,114
237,1989,54
237,1990,331
237,1991,410
237,1992,81
237,1993,4
237,1994,55
237,1995,4
237,1996,10
237,1997,10
237,1998,35
237,1999,90
237,2000,60
237,2001,60
237,2002,9
237,2003,54
237,2004,38
237,2005,104
237,2006,28
237,2007,113
237,2008,517
237,2009,45
237,2010,1
237,2011,1
237,2012,5
237,2013,5
237,2014,236
237,2015,417
237,2016,209
237,2017,418
237,2018,424
237,2019,331
238,1998,0
238,1999,3
238,2000,2
238,2001,2
238,2002,6
238,2003,17
238,2004,71
238,2005,4
238,2006,0
238,2007,17
238,2008,3
238,2009,4
238,2010,6
238,2011,4
238,2012,3
238,2013,1
238,2014,0
238,2015,1
238,2016,11
238,2017,2
238,2018,1
238,2019,1
244,2012,0
244,2013,0
244,2014,1
244,2016,0
244,2017,0
244,2018,1
244,2019,0
249,1999,2
249,2000,93
249,2001,100
249,2002,0
249,2003,0
249,2004,0
249,2005,0
249,2006,0
249,2007,1
249,2008,0
249,2009,0
249,2010,0
249,2011,0
249,2012,0
249,2013,0
25,2018,0
250,2014,0
250,2016,0
250,2017,0
250,2018,0
251,2005,0
251,2006,0
251,2007,2
251,2008,0
251,2009,0
251,2010,0
251,2011,0
251,2012,0
251,2013,0
255,2000,44210
255,2001,75247
255,2002,95571
255,2003,149358
255,2004,211306
255,2005,254836
255,2006,234328
255,2007,268803
255,2008,239429
255,2009,240854
255,2010,206754
255,2011,208312
255,2012,152280
255,2013,137131
255,2014,121822
255,2015,108075
255,2016,105410
255,2017,110106
255,2018,108530
255,2019,94454
256,2000,2176
256,2001,1495
256,2002,531
256,2003,1231
256,2004,1400
256,2005,1222
256,2006,1438
256,2007,677
256,2008,950
256,2009,1027
256,2010,770
256,2011,741
256,2012,1819
256,2013,1041
256,2014,825
256,2015,582
256,2016,599
256,2017,629
256,2018,753
256,2019,645
27,1994,3
27,1995,8
27,1996,4
27,1997,2
27,1998,1
27,1999,1
27,2000,1
27,2001,0
27,2002,0
27,2003,0
27,2004,1
27,2005,0
27,2006,7
27,2007,7
27,2008,6
27,2009,9
27,2010,56
27,2011,14
27,2012,3
27,2013,9
27,2014,6
27,2015,21
27,2016,16
27,2017,5
27,2018,14
27,2019,11
272,2006,9
272,2007,0
272,2008,0
272,2009,0
272,2010,0
272,2011,2
272,2012,0
272,2013,58
272,2014,84
272,2015,48
272,2016,88
272,2017,39
272,2018,72
272,2019,9
273,2012,0
273,2013,0
273,2014,0
273,2016,0
273,2017,0
273,2018,0
276,2014,1
276,2016,18
276,2018,0
28,2014,379
28,2015,783
28,2016,671
28,2017,401
28,2018,1288
28,2019,857
29,2012,3
29,2013,0
29,2014,1
29,2015,1
29,2016,4
29,2017,3
29,2018,0
29,2019,0
299,1997,1
299,1998,17
32,1961,174
32,1962,192
32,1963,218
32,1964,208
32,1965,210
32,1966,249
32,1967,200
32,1968,209
32,1969,208
32,1970,126
32,1971,165
32,1972,259
32,1973,300
32,1974,494
32,1975,452
32,1976,521
32,1977,590
32,1978,936
32,1979,550
32,1980,1132
32,1981,463
32,1982,294
32,1983,195
32,1984,253
32,1985,431
32,1986,802
32,1987,809
32,1988,215
32,1989,308
32,1990,127
32,1991,45
32,1992,330
32,1993,59
32,1994,48
32,1995,336
32,1996,593
32,1997,910
32,1998,782
32,1999,1034
32,2000,154
32,2001,158
32,2002,141
32,2003,272
32,2004,384
32,2005,587
32,2006,1430
32,2007,1649
32,2008,1961
32,2009,2727
32,2010,2359
32,2011,2261
32,2012,1788
32,2013,4280
32,2014,305
32,2015,175
32,2016,112
32,2017,82
32,2018,318
32,2019,2474
33,1961,0
33,1962,0
33,1963,0
33,1964,0
33,1965,0
33,1966,0
33,1967,0
33,1968,0
33,1969,0
33,1970,0
33,1971,0
33,1972,0
33,1973,0
33,1974,0
33,1975,0
33,1976,0
33,1977,0
33,1978,0
33,1979,0
33,1980,0
33,1981,0
33,1982,0
33,1983,0
33,1984,0
33,1985,0
33,1986,0
33,1987,0
33,1988,66
33,1989,0
33,1990,9
33,1991,4
33,1992,24
33,1993,24
33,1994,22
33,1995,2
33,1996,0
33,1997,30
33,1998,9
33,1999,5
33,2000,5
33,2001,6
33,2002,0
33,2003,14
33,2004,13
33,2005,68
33,2006,12
33,2007,144
33,2008,332
33,2009,199
33,2010,93
33,2011,252
33,2012,120
33,2013,164
33,2014,528
33,2015,1070
33,2016,771
33,2017,676
33,2018,1342
33,2019,607
351,1961,500
351,1962,625
351,1963,624
351,1964,623
351,1965,1496
351,1966,2124
351,1967,2437
351,1968,2463
351,1969,2583
351,1970,4091
351,1971,5225
351,1972,7300
351,1973,6299
351,1974,2684
351,1975,5911
351,1976,5346
351,1977,5613
351,1978,7447
351,1979,6898
351,1980,7697
351,1981,7279
351,1982,4763
351,1983,4384
351,1984,4261
351,1985,3888
351,1986,5279
351,1987,7965
351,1988,7231
351,1989,4579
351,1990,2701
351,1991,2352
351,1992,2157
351,1993,1174
351,1994,1775
351,1995,1051
351,1996,1104
351,1997,903
351,1998,994
351,1999,1263
351,2000,1264
351,2001,1483
351,2002,964
351,2003,2380
351,2004,2530
351,2005,2404
351,2006,2471
351,2007,2550
351,2008,1867
351,2009,3010
351,2010,5055
351,2011,8417
351,2012,10405
351,2013,10771
351,2014,16390
351,2015,33409
351,2016,44512
351,2017,44457
351,2018,50033
351,2019,72589
37,2001,0
37,2002,0
37,2003,0
37,2004,0
37,2005,0
37,2006,4
37,2007,3
37,2008,3
37,2009,0
37,2010,0
37,2011,0
37,2012,0
37,2013,0
38,1961,0
38,1962,0
38,1963,0
38,1964,0
38,1965,0
38,1966,0
38,1967,0
38,1968,0
38,1969,0
38,1970,0
38,1971,0
38,1972,0
38,1973,0
38,1974,0
38,1975,1
38,1976,1
38,1977,1
38,1978,38
38,1979,11
38,1980,101
38,1981,297
38,1982,527
38,1983,150
38,1984,78
38,1985,77
38,1986,72
38,1987,140
38,1988,120
38,1989,342
38,1990,342
38,1991,515
38,1992,511
38,1993,297
38,1994,286
38,1995,415
38,1996,486
38,1997,886
38,1998,925
38,1999,1198
38,2000,1403
38,2001,1848
38,2002,1636
38,2003,2042
38,2004,2345
38,2005,2094
38,2006,2482
38,2007,2503
38,2008,3795
38,2009,1690
38,2010,1883
38,2011,1797
38,2012,1513
38,2013,2962
38,2014,4916
38,2015,5069
38,2016,3953
38,2017,5028
38,2018,6488
38,2019,1845
4,2019,0
40,1961,0
40,1962,0
40,1963,0
40,1964,0
40,1965,0
40,1966,0
40,1967,0
40,1968,0
40,1969,0
40,1970,0
40,1971,0
40,1972,0
40,1973,0
40,1974,0
40,1975,0
40,1976,0
40,1977,0
40,1978,0
40,1979,0
40,1980,0
40,1981,0
40,1982,0
40,1983,0
40,1984,0
40,1985,0
40,1986,0
40,1987,20
40,1988,0
40,1989,46
40,1990,0
40,1991,0
40,1992,2
40,1993,1
40,1994,3
40,1995,12
40,1996,16
40,1997,17
40,1998,13
40,1999,16
40,2000,2
40,2001,22
40,2002,100
40,2003,19
40,2004,14
40,2005,13
40,2006,13
40,2007,11
40,2008,1
40,2009,0
40,2010,1
40,2011,148
40,2012,266
40,2013,560
40,2014,1345
40,2015,1317
40,2016,264
40,2017,69
40,2018,10
40,2019,199
41,1961,0
41,1962,0
41,1963,0
41,1964,0
41,1965,0
41,1966,0
41,1967,0
41,1968,0
41,1969,0
41,1970,0
41,1971,0
41,1972,0
41,1973,0
41,1974,0
41,1975,25
41,1976,12
41,1977,13
41,1978,18
41,1979,26
41,1980,18
41,1981,0
41,1982,0
41,1983,0
41,1984,0
41,1985,0
41,1986,15
41,1987,45
41,1988,49
41,1989,271
41,1990,302
41,1991,266
41,1992,344
41,1993,184
41,1994,879
41,1995,212
41,1996,76
41,1997,226
41,1998,176
41,1999,256
41,2000,474
41,2001,486
41,2002,577
41,2003,1543
41,2004,1557
41,2005,1278
41,2006,1808
41,2007,1543
41,2008,1026
41,2009,1477
41,2010,1715
41,2011,2086
41,2012,1988
41,2013,2425
41,2014,1937
41,2015,2443
41,2016,4058
41,2017,6735
41,2018,7511
41,2019,6743
44,1961,0
44,1962,0
44,1963,0
44,1964,0
44,1965,0
44,1966,0
44,1967,0
44,1968,5
44,1969,0
44,1970,5
44,1971,14
44,1972,23
44,1973,36
44,1974,0
44,1975,0
44,1976,0
44,1977,0
44,1978,0
44,1979,0
44,1980,8
44,1981,38
44,1982,0
44,1983,85
44,1984,0
44,1985,545
44,1986,168
44,1987,52
44,1988,135
44,1989,293
44,1990,310
44,1991,122
44,1992,751
44,1993,1142
44,1994,159
44,1995,222
44,1996,260
44,1997,133
44,1998,135
44,1999,136
44,2000,198
44,2001,267
44,2002,236
44,2003,516
44,2004,741
44,2005,701
44,2006,480
44,2007,393
44,2008,477
44,2009,341
44,2010,555
44,2011,1387
44,2012,1538
44,2013,1814
44,2014,2090
44,2015,3458
44,2016,9768
44,2017,10567
44,2018,9228
44,2019,5442
47,1961,4
47,1962,16
47,1963,18
47,1964,14
47,1965,25
47,1966,24
47,1967,10
47,1968,0
47,1969,0
47,1970,13
47,1971,0
47,1972,0
47,1973,0
47,1974,0
47,1975,0
47,1976,0
47,1977,0
47,1978,49
47,1979,33
47,1980,137
47,1981,37
47,1982,26
47,1983,44
47,1984,30
47,1985,21
47,1986,1
47,1987,15
47,1988,8
47,1989,14
47,1990,4
47,1991,0
47,1992,0
47,1993,0
47,1994,0
47,1995,0
47,1996,0
47,1997,0
47,1998,0
47,1999,0
47,2000,0
47,2001,0
47,2002,0
47,2003,0
47,2004,0
47,2005,0
47,2006,0
47,2007,0
47,2008,0
47,2009,0
47,2010,2
47,2011,0
47,2012,0
47,2013,0
47,2015,0
48,1961,1
48,1962,0
48,1963,1
48,1964,0
48,1965,0
48,1966,0
48,1967,0
48,1968,0
48,1969,0
48,1970,0
48,1971,0
48,1972,0
48,1973,0
48,1974,0
48,1975,0
48,1976,0
48,1977,0
48,1978,0
48,1979,0
48,1980,0
48,1981,0
48,1982,0
48,1983,1157
48,1984,5247
48,1985,6360
48,1986,14854
48,1987,21538
48,1988,31155
48,1989,39705
48,1990,38438
48,1991,38492
48,1992,34741
48,1993,34462
48,1994,56526
48,1995,58621
48,1996,68932
48,1997,102848
48,1998,114968
48,1999,128234
48,2000,121550
48,2001,140691
48,2002,174643
48,2003,198889
48,2004,257245
48,2005,328732
48,2006,440264
48,2007,486860
48,2008,574921
48,2009,604517
48,2010,677392
48,2011,718725
48,2012,794795
48,2013,831365
48,2014,889148
48,2015,821873
48,2016,905311
48,2017,1044953
48,2018,1038152
48,2019,981012
49,1961,0
49,1962,251
49,1963,0
49,1964,0
49,1965,0
49,1966,0
49,1967,0
49,1968,0
49,1969,0
49,1970,171
49,1971,0
49,1972,425
49,1973,0
49,1974,0
49,1975,0
49,1976,0
49,1977,0
49,1978,0
49,1979,0
49,1980,0
49,1981,0
49,1982,0
49,1983,0
49,1984,0
49,1985,0
49,1986,0
49,1987,0
49,1988,0
49,1989,0
49,1990,0
49,1991,0
49,1992,0
49,1993,0
49,1994,0
49,1995,0
49,1996,0
49,1997,0
49,1998,0
49,1999,0
49,2000,0
49,2001,0
49,2002,0
49,2003,1
49,2004,0
49,2005,0
49,2006,0
49,2007,0
49,2008,3
49,2009,3
49,2010,3
49,2011,12
49,2012,12
49,2013,12
49,2014,234
49,2015,1071
49,2016,1513
49,2017,654
49,2018,489
49,2019,283
50,1999,1
50,2000,1
50,2001,0
50,2002,0
50,2003,0
50,2004,57
50,2005,11
50,2006,1
50,2007,0
50,2008,0
50,2009,3
50,2010,0
50,2011,6
50,2012,0
50,2013,1
50,2014,4
50,2015,6
50,2016,8
50,2017,4
50,2018,0
5000,1961,5853
5000,1962,5772
5000,1963,7203
5000,1964,7704
5000,1965,10445
5000,1966,9983
5000,1967,11266
5000,1968,13771
5000,1969,14119
5000,1970,17654
5000,1971,20260
5000,1972,26837
5000,1973,29626
5000,1974,29619
5000,1975,35898
5000,1976,34290
5000,1977,39011
5000,1978,65632
5000,1979,70462
5000,1980,81448
5000,1981,94800
5000,1982,83375
5000,1983,76880
5000,1984,98063
5000,1985,119578
5000,1986,156280
5000,1987,188818
5000,1988,175011
5000,1989,165017
5000,1990,178011
5000,1991,183834
5000,1992,177466
5000,1993,221870
5000,1994,260994
5000,1995,298237
5000,1996,346068
5000,1997,369124
5000,1998,377106
5000,1999,438023
5000,2000,404783
5000,2001,498369
5000,2002,620666
5000,2003,806047
5000,2004,1028125
5000,2005,1125533
5000,2006,1294711
5000,2007,1433932
5000,2008,1555447
5000,2009,1513907
5000,2010,1543247
5000,2011,1727103
5000,2012,1696985
5000,2013,1768303
5000,2014,1812998
5000,2015,1688572
5000,2016,1963099
5000,2017,2108940
5000,2018,2109746
5000,2019,2236383
51,1993,0
51,1994,0
51,1995,0
51,1996,0
51,1997,0
51,1998,0
51,1999,0
51,2000,0
51,2001,0
51,2002,0
51,2003,0
51,2004,0
51,2005,0
51,2006,0
51,2007,0
51,2008,0
51,2009,0
51,2010,0
51,2011,0
51,2012,0
5100,1961,2389
5100,1962,1834
5100,1963,2603
5100,1964,3301
5100,1965,3934
5100,1966,3234
5100,1967,4662
5100,1968,7638
5100,1969,6832
5100,1970,8959
5100,1971,9309
5100,1972,13464
5100,1973,15330
5100,1974,17762
5100,1975,19948
5100,1976,14983
5100,1977,14507
5100,1978,22883
5100,1979,25419
5100,1980,32096
5100,1981,41876
5100,1982,31571
5100,1983,27451
5100,1984,35676
5100,1985,53958
5100,1986,68754
5100,1987,68346
5100,1988,66449
5100,1989,43480
5100,1990,51607
5100,1991,48702
5100,1992,52873
5100,1993,48501
5100,1994,45822
5100,1995,54390
5100,1996,71349
5100,1997,63283
5100,1998,53628
5100,1999,71873
5100,2000,63583
5100,2001,57444
5100,2002,62553
5100,2003,87508
5100,2004,127571
5100,2005,70109
5100,2006,133521
5100,2007,57177
5100,2008,43172
5100,2009,35882
5100,2010,32462
5100,2011,91174
5100,2012,37739
5100,2013,38745
5100,2014,66499
5100,2015,55184
5100,2016,19178
5100,2017,35138
5100,2018,34837
5100,2019,41410
5101,1961,0
5101,1962,0
5101,1963,0
5101,1964,0
5101,1965,0
5101,1966,0
5101,1967,0
5101,1968,0
5101,1969,0
5101,1970,0
5101,1971,0
5101,1972,0
5101,1973,413
5101,1974,368
5101,1975,536
5101,1976,398
5101,1977,1012
5101,1978,1254
5101,1979,1067
5101,1980,1230
5101,1981,276
5101,1982,197
5101,1983,843
5101,1984,347
5101,1985,368
5101,1986,786
5101,1987,732
5101,1988,9371
5101,1989,1735
5101,1990,775
5101,1991,486
5101,1992,705
5101,1993,934
5101,1994,700
5101,1995,881
5101,1996,680
5101,1997,604
5101,1998,998
5101,1999,1283
5101,2000,1396
5101,2001,907
5101,2002,857
5101,2003,1089
5101,2004,1744
5101,2005,1868
5101,2006,1240
5101,2007,2216
5101,2008,1996
5101,2009,1480
5101,2010,485
5101,2011,3907
5101,2012,4435
5101,2013,4884
5101,2014,4366
5101,2015,4079
5101,2016,4522
5101,2017,4658
5101,2018,5546
5101,2019,10930
5102,1961,174
5102,1962,192
5102,1963,218
5102,1964,208
5102,1965,210
5102,1966,287
5102,1967,234
5102,1968,261
5102,1969,262
5102,1970,208
5102,1971,402
5102,1972,579
5102,1973,502
5102,1974,742
5102,1975,712
5102,1976,791
5102,1977,890
5102,1978,1236
5102,1979,850
5102,1980,1132
5102,1981,463
5102,1982,294
5102,1983,195
5102,1984,253
5102,1985,431
5102,1986,802
5102,1987,809
5102,1988,215
5102,1989,308
5102,1990,127
5102,1991,45
5102,1992,330
5102,1993,59
5102,1994,48
5102,1995,336
5102,1996,593
5102,1997,910
5102,1998,782
5102,1999,1034
5102,2000,154
5102,2001,158
5102,2002,141
5102,2003,272
5102,2004,384
5102,2005,587
5102,2006,1434
5102,2007,1652
5102,2008,1964
5102,2009,2727
5102,2010,2359
5102,2011,2261
5102,2012,1788
5102,2013,4280
5102,2014,539
5102,2015,325
5102,2016,128
5102,2017,87
5102,2018,324
5102,2019,2479
5103,1961,1
5103,1962,0
5103,1963,0
5103,1964,0
5103,1965,0
5103,1966,0
5103,1967,11
5103,1968,176
5103,1969,0
5103,1970,0
5103,1971,0
5103,1972,0
5103,1973,0
5103,1974,0
5103,1975,0
5103,1976,0
5103,1977,0
5103,1978,0
5103,1979,0
5103,1980,0
5103,1981,0
5103,1982,0
5103,1983,0
5103,1984,0
5103,1985,3
5103,1986,3
5103,1987,5
5103,1988,1
5103,1989,1
5103,1990,3
5103,1991,3
5103,1992,2
5103,1993,1
5103,1994,0
5103,1995,0
5103,1996,10
5103,1997,2
5103,1998,4
5103,1999,1
5103,2000,3
5103,2001,1
5103,2002,32
5103,2003,4
5103,2004,11
5103,2005,6
5103,2006,0
5103,2007,0
5103,2008,88
5103,2009,171
5103,2010,39
5103,2011,64
5103,2012,88
5103,2013,51
5103,2014,74
5103,2015,21
5103,2016,73
5103,2017,88
5103,2018,37
5103,2019,61
5104,1961,400
5104,1962,421
5104,1963,373
5104,1964,365
5104,1965,408
5104,1966,503
5104,1967,815
5104,1968,1322
5104,1969,760
5104,1970,1934
5104,1971,1648
5104,1972,732
5104,1973,1198
5104,1974,413
5104,1975,516
5104,1976,342
5104,1977,425
5104,1978,751
5104,1979,1508
5104,1980,1433
5104,1981,1137
5104,1982,1191
5104,1983,1072
5104,1984,636
5104,1985,500
5104,1986,485
5104,1987,812
5104,1988,995
5104,1989,782
5104,1990,1190
5104,1991,1646
5104,1992,1715
5104,1993,1234
5104,1994,1555
5104,1995,2717
5104,1996,2520
5104,1997,1947
5104,1998,2580
5104,1999,3128
5104,2000,3292
5104,2001,2891
5104,2002,2238
5104,2003,2728
5104,2004,3339
5104,2005,3544
5104,2006,3694
5104,2007,4194
5104,2008,3115
5104,2009,3150
5104,2010,3977
5104,2011,3556
5104,2012,4141
5104,2013,4558
5104,2014,3841
5104,2015,4145
5104,2016,3354
5104,2017,4074
5104,2018,3494
5104,2019,3852
5105,1961,1814
5105,1962,1221
5105,1963,2012
5105,1964,2728
5105,1965,3316
5105,1966,2444
5105,1967,3602
5105,1968,5879
5105,1969,5810
5105,1970,6817
5105,1971,7259
5105,1972,12153
5105,1973,13217
5105,1974,16239
5105,1975,18184
5105,1976,13452
5105,1977,12180
5105,1978,19642
5105,1979,21994
5105,1980,28301
5105,1981,40000
5105,1982,29889
5105,1983,25341
5105,1984,34440
5105,1985,52656
5105,1986,66678
5105,1987,65988
5105,1988,55867
5105,1989,40654
5105,1990,49512
5105,1991,46522
5105,1992,50121
5105,1993,46273
5105,1994,43519
5105,1995,50456
5105,1996,67546
5105,1997,59821
5105,1998,49264
5105,1999,66427
5105,2000,58737
5105,2001,53487
5105,2002,59285
5105,2003,83415
5105,2004,122093
5105,2005,64104
5105,2006,127153
5105,2007,49115
5105,2008,36009
5105,2009,28354
5105,2010,25602
5105,2011,81386
5105,2012,27287
5105,2013,24972
5105,2014,57679
5105,2015,46614
5105,2016,11101
5105,2017,26231
5105,2018,25436
5105,2019,24088
52,2007,13
52,2008,23
52,2009,18
52,2010,77
52,2011,0
52,2012,0
52,2013,0
52,2016,1
52,2019,0
5200,1961,1593
5200,1962,1865
5200,1963,2335
5200,1964,2010
5200,1965,3083
5200,1966,2774
5200,1967,1955
5200,1968,2153
5200,1969,3168
5200,1970,2402
5200,1971,2865
5200,1972,2722
5200,1973,3050
5200,1974,4291
5200,1975,4379
5200,1976,5126
5200,1977,5792
5200,1978,13104
5200,1979,16145
5200,1980,18353
5200,1981,17061
5200,1982,16941
5200,1983,19676
5200,1984,28010
5200,1985,26912
5200,1986,33379
5200,1987,43497
5200,1988,51082
5200,1989,63625
5200,1990,76522
5200,1991,79633
5200,1992,74599
5200,1993,85908
5200,1994,90878
5200,1995,91664
5200,1996,104421
5200,1997,137879
5200,1998,166584
5200,1999,186834
5200,2000,172920
5200,2001,213793
5200,2002,250111
5200,2003,309592
5200,2004,409724
5200,2005,513153
5200,2006,551293
5200,2007,703161
5200,2008,814171
5200,2009,839997
5200,2010,919344
5200,2011,962068
5200,2012,1058930
5200,2013,1077037
5200,2014,1123995
5200,2015,1064460
5200,2016,1160941
5200,2017,1304379
5200,2018,1275052
5200,2019,1254632
5203,1961,0
5203,1962,0
5203,1963,0
5203,1964,0
5203,1965,0
5203,1966,0
5203,1967,0
5203,1968,0
5203,1969,0
5203,1970,0
5203,1971,0
5203,1972,0
5203,1973,0
5203,1974,0
5203,1975,0
5203,1976,0
5203,1977,0
5203,1978,0
5203,1979,0
5203,1980,0
5203,1981,0
5203,1982,0
5203,1983,0
5203,1984,0
5203,1985,0
5203,1986,0
5203,1987,0
5203,1988,66
5203,1989,1779
5203,1990,8826
5203,1991,10883
5203,1992,10906
5203,1993,11217
5203,1994,9647
5203,1995,9212
5203,1996,10936
5203,1997,15615
5203,1998,18211
5203,1999,22133
5203,2000,28022
5203,2001,32722
5203,2002,40661
5203,2003,54084
5203,2004,68446
5203,2005,81497
5203,2006,16482
5203,2007,88670
5203,2008,93737
5203,2009,89295
5203,2010,102828
5203,2011,107911
5203,2012,111889
5203,2013,111605
5203,2014,115732
5203,2015,104199
5203,2016,102244
5203,2017,97836
5203,2018,91729
5203,2019,93914
5204,1961,518
5204,1962,842
5204,1963,1664
5204,1964,748
5204,1965,692
5204,1966,554
5204,1967,342
5204,1968,285
5204,1969,453
5204,1970,364
5204,1971,650
5204,1972,979
5204,1973,989
5204,1974,1063
5204,1975,1822
5204,1976,2985
5204,1977,2702
5204,1978,9071
5204,1979,8790
5204,1980,10186
5204,1981,9383
5204,1982,10629
5204,1983,14372
5204,1984,20824
5204,1985,20126
5204,1986,26114
5204,1987,35980
5204,1988,44668
5204,1989,50849
5204,1990,55767
5204,1991,53654
5204,1992,47509
5204,1993,54990
5204,1994,67987
5204,1995,72575
5204,1996,82151
5204,1997,114049
5204,1998,140659
5204,1999,155371
5204,2000,136642
5204,2001,171088
5204,2002,193265
5204,2003,229353
5204,2004,308216
5204,2005,393317
5204,2006,495265
5204,2007,561246
5204,2008,665456
5204,2009,693141
5204,2010,769441
5204,2011,802277
5204,2012,909282
5204,2013,930627
5204,2014,970790
5204,2015,914560
5204,2016,1000847
5204,2017,1143010
5204,2018,1125914
5204,2019,1099500
5206,1961,46
5206,1962,299
5206,1963,311
5206,1964,25
5206,1965,17
5206,1966,11
5206,1967,19
5206,1968,30
5206,1969,112
5206,1970,187
5206,1971,15
5206,1972,439
5206,1973,14
5206,1974,35
5206,1975,22
5206,1976,25
5206,1977,68
5206,1978,26
5206,1979,45
5206,1980,8
5206,1981,8
5206,1982,1281
5206,1983,1319
5206,1984,1081
5206,1985,1176
5206,1986,2143
5206,1987,1954
5206,1988,2216
5206,1989,5187
5206,1990,7243
5206,1991,8729
5206,1992,9130
5206,1993,7219
5206,1994,4238
5206,1995,3757
5206,1996,3491
5206,1997,980
5206,1998,738
5206,1999,664
5206,2000,898
5206,2001,1069
5206,2002,779
5206,2003,973
5206,2004,717
5206,2005,590
5206,2006,443
5206,2007,600
5206,2008,625
5206,2009,1402
5206,2010,3144
5206,2011,4844
5206,2012,2921
5206,2013,4586
5206,2014,3965
5206,2015,6114
5206,2016,6666
5206,2017,5068
5206,2018,5295
5206,2019,10145
5207,1961,1029
5207,1962,724
5207,1963,360
5207,1964,1237
5207,1965,2374
5207,1966,2209
5207,1967,1594
5207,1968,1838
5207,1969,2603
5207,1970,1851
5207,1971,2200
5207,1972,1304
5207,1973,2047
5207,1974,3193
5207,1975,2535
5207,1976,2116
5207,1977,3022
5207,1978,4007
5207,1979,7310
5207,1980,8159
5207,1981,7670
5207,1982,5031
5207,1983,3985
5207,1984,6105
5207,1985,5610
5207,1986,5122
5207,1987,5563
5207,1988,4132
5207,1989,5810
5207,1990,4686
5207,1991,6367
5207,1992,7054
5207,1993,12482
5207,1994,9006
5207,1995,6120
5207,1996,7843
5207,1997,7235
5207,1998,6976
5207,1999,8666
5207,2000,7358
5207,2001,8914
5207,2002,15406
5207,2003,25182
5207,2004,32345
5207,2005,37749
5207,2006,39103
5207,2007,52645
5207,2008,54353
5207,2009,56159
5207,2010,43931
5207,2011,47036
5207,2012,34838
5207,2013,30219
5207,2014,33508
5207,2015,39587
5207,2016,51184
5207,2017,58465
5207,2018,52114
5207,2019,51073
53,1961,0
53,1962,0
53,1963,0
53,1964,0
53,1965,0
53,1966,0
53,1967,0
53,1968,0
53,1969,0
53,1970,0
53,1971,0
53,1972,0
53,1973,1
53,1974,61
53,1975,30
53,1976,32
53,1977,0
53,1978,0
53,1979,0
53,1980,0
53,1981,0
53,1982,0
53,1983,0
53,1984,5
53,1985,6
53,1986,3
53,1987,4
53,1988,1
53,1989,17
53,1990,0
53,1991,30
53,1992,100
53,1993,240
53,1994,640
53,1995,810
53,1996,550
53,1997,200
53,1998,210
53,1999,45
53,2000,57
53,2001,76
53,2002,124
53,2003,133
53,2004,169
53,2005,177
53,2006,2255
53,2007,187
53,2008,309
53,2009,42
53,2010,45
53,2011,2166
53,2012,6
53,2013,159
53,2014,191
53,2015,59
53,2016,360
53,2017,279
53,2018,236
53,2019,304
5300,1961,1421
5300,1962,1594
5300,1963,1657
5300,1964,1735
5300,1965,2528
5300,1966,2986
5300,1967,3290
5300,1968,3012
5300,1969,3181
5300,1970,4863
5300,1971,6206
5300,1972,8297
5300,1973,7403
5300,1974,4773
5300,1975,8829
5300,1976,10827
5300,1977,13230
5300,1978,19726
5300,1979,18575
5300,1980,20844
5300,1981,25737
5300,1982,23607
5300,1983,20256
5300,1984,21960
5300,1985,26832
5300,1986,35007
5300,1987,41996
5300,1988,32460
5300,1989,30407
5300,1990,27848
5300,1991,32767
5300,1992,27249
5300,1993,27714
5300,1994,29736
5300,1995,31360
5300,1996,36345
5300,1997,36335
5300,1998,25453
5300,1999,29018
5300,2000,33333
5300,2001,36364
5300,2002,40045
5300,2003,49997
5300,2004,54229
5300,2005,55944
5300,2006,67745
5300,2007,78520
5300,2008,80557
5300,2009,70583
5300,2010,63916
5300,2011,89479
5300,2012,124740
5300,2013,182871
5300,2014,193638
5300,2015,165266
5300,2016,298501
5300,2017,289242
5300,2018,297937
5300,2019,461776
5301,1995,2
5301,1996,0
5301,2000,0
5301,2001,0
5301,2002,0
5301,2003,0
5301,2004,0
5301,2005,0
5301,2006,0
5301,2007,0
5301,2008,0
5301,2009,0
5301,2010,0
5301,2011,24
5301,2012,0
5301,2013,2
5301,2014,13
5301,2015,13
5301,2016,4
5301,2017,446
5301,2018,44
5301,2019,23
5302,1961,500
5302,1962,625
5302,1963,624
5302,1964,623
5302,1965,1496
5302,1966,2124
5302,1967,2437
5302,1968,2463
5302,1969,2583
5302,1970,4091
5302,1971,5225
5302,1972,7300
5302,1973,6299
5302,1974,2684
5302,1975,5911
5302,1976,5346
5302,1977,5613
5302,1978,7447
5302,1979,6898
5302,1980,7697
5302,1981,7279
5302,1982,4763
5302,1983,4384
5302,1984,4261
5302,1985,3888
5302,1986,5279
5302,1987,7965
5302,1988,7231
5302,1989,4579
5302,1990,2701
5302,1991,2352
5302,1992,2157
5302,1993,1174
5302,1994,1790
5302,1995,1074
5302,1996,1104
5302,1997,1037
5302,1998,1283
5302,1999,1340
5302,2000,1280
5302,2001,1483
5302,2002,965
5302,2003,2380
5302,2004,2533
5302,2005,2404
5302,2006,2471
5302,2007,2550
5302,2008,1869
5302,2009,3013
5302,2010,5076
5302,2011,8505
5302,2012,10405
5302,2013,10772
5302,2014,16399
5302,2015,33447
5302,2016,44563
5302,2017,44506
5302,2018,50068
5302,2019,72682
5303,1961,14
5303,1962,2
5303,1963,9
5303,1964,10
5303,1965,4
5303,1966,0
5303,1967,1
5303,1968,2
5303,1969,4
5303,1970,3
5303,1971,35
5303,1972,6
5303,1973,10
5303,1974,2
5303,1975,34
5303,1976,76
5303,1977,62
5303,1978,343
5303,1979,218
5303,1980,247
5303,1981,862
5303,1982,593
5303,1983,312
5303,1984,196
5303,1985,313
5303,1986,468
5303,1987,224
5303,1988,272
5303,1989,449
5303,1990,419
5303,1991,1548
5303,1992,546
5303,1993,338
5303,1994,313
5303,1995,506
5303,1996,496
5303,1997,940
5303,1998,965
5303,1999,1286
5303,2000,1689
5303,2001,2204
5303,2002,1929
5303,2003,2480
5303,2004,2852
5303,2005,3290
5303,2006,3287
5303,2007,3326
5303,2008,4648
5303,2009,2808
5303,2010,2781
5303,2011,3091
5303,2012,2970
5303,2013,4999
5303,2014,7795
5303,2015,7567
5303,2016,7114
5303,2017,9855
5303,2018,10164
5303,2019,5771
5304,1961,907
5304,1962,967
5304,1963,1024
5304,1964,1102
5304,1965,1028
5304,1966,862
5304,1967,852
5304,1968,547
5304,1969,594
5304,1970,769
5304,1971,946
5304,1972,991
5304,1973,1094
5304,1974,2009
5304,1975,2878
5304,1976,5394
5304,1977,7462
5304,1978,11742
5304,1979,11298
5304,1980,12643
5304,1981,17251
5304,1982,18107
5304,1983,15560
5304,1984,17187
5304,1985,22600
5304,1986,29108
5304,1987,33746
5304,1988,24753
5304,1989,25281
5304,1990,24656
5304,1991,28764
5304,1992,24519
5304,1993,26196
5304,1994,27601
5304,1995,29671
5304,1996,34717
5304,1997,34304
5304,1998,23064
5304,1999,26385
5304,2000,30232
5304,2001,32508
5304,2002,36259
5304,2003,44292
5304,2004,46771
5304,2005,47993
5304,2006,60703
5304,2007,69453
5304,2008,70062
5304,2009,60413
5304,2010,52178
5304,2011,75796
5304,2012,109584
5304,2013,161360
5304,2014,158286
5304,2015,116121
5304,2016,239862
5304,2017,221995
5304,2018,219322
5304,2019,365390
5305,1961,0
5305,1962,0
5305,1963,0
5305,1964,0
5305,1965,0
5305,1966,0
5305,1967,0
5305,1968,0
5305,1969,0
5305,1970,0
5305,1971,0
5305,1972,0
5305,1973,0
5305,1974,78
5305,1975,6
5305,1976,11
5305,1977,93
5305,1978,194
5305,1979,161
5305,1980,257
5305,1981,345
5305,1982,144
5305,1983,0
5305,1984,316
5305,1985,31
5305,1986,152
5305,1987,61
5305,1988,204
5305,1989,98
5305,1990,72
5305,1991,103
5305,1992,27
5305,1993,6
5305,1994,32
5305,1995,107
5305,1996,28
5305,1997,54
5305,1998,141
5305,1999,7
5305,2000,132
5305,2001,169
5305,2002,892
5305,2003,845
5305,2004,2073
5305,2005,2257
5305,2006,1284
5305,2007,3191
5305,2008,3978
5305,2009,4349
5305,2010,3881
5305,2011,2063
5305,2012,1781
5305,2013,5738
5305,2014,11145
5305,2015,8118
5305,2016,6958
5305,2017,12440
5305,2018,18339
5305,2019,17910
54,1961,0
54,1962,0
54,1963,0
54,1964,0
54,1965,0
54,1966,1
54,1967,3
54,1968,1
54,1969,13
54,1970,14
54,1971,4
54,1972,3
54,1973,3
54,1974,9
54,1975,5
54,1976,21
54,1977,29
54,1978,13
54,1979,14
54,1980,22
54,1981,32
54,1982,41
54,1983,28
54,1984,32
54,1985,68
54,1986,22
54,1987,19
54,1988,7
54,1989,21
54,1990,29
54,1991,169
54,1992,68
54,1993,26
54,1994,31
54,1995,38
54,1996,51
54,1997,154
54,1998,106
54,1999,78
54,2000,107
54,2001,148
54,2002,150
54,2003,69
54,2004,135
54,2005,266
54,2006,423
54,2007,770
54,2008,1180
54,2009,654
54,2010,327
54,2011,893
54,2012,490
54,2013,403
54,2014,427
54,2015,857
54,2016,840
54,2017,759
54,2018,881
54,2019,415
5400,1961,446
5400,1962,463
5400,1963,589
5400,1964,643
5400,1965,872
5400,1966,963
5400,1967,1349
5400,1968,967
5400,1969,937
5400,1970,1417
5400,1971,1880
5400,1972,2354
5400,1973,3843
5400,1974,2784
5400,1975,2735
5400,1976,3332
5400,1977,5467
5400,1978,9830
5400,1979,10275
5400,1980,10000
5400,1981,10048
5400,1982,10747
5400,1983,8611
5400,1984,10912
5400,1985,11059
5400,1986,17836
5400,1987,33630
5400,1988,24016
5400,1989,26879
5400,1990,21398
5400,1991,22233
5400,1992,22230
5400,1993,59337
5400,1994,94277
5400,1995,120636
5400,1996,133728
5400,1997,131479
5400,1998,131160
5400,1999,150182
5400,2000,134941
5400,2001,190748
5400,2002,267948
5400,2003,358942
5400,2004,436581
5400,2005,486281
5400,2006,542052
5400,2007,595033
5400,2008,617493
5400,2009,567270
5400,2010,527379
5400,2011,584230
5400,2012,475431
5400,2013,469478
5400,2014,428615
5400,2015,403558
5400,2016,484417
5400,2017,480023
5400,2018,501782
5400,2019,478440
5401,1993,38
5401,1994,59
5401,1995,241
5401,1996,408
5401,1997,369
5401,1998,201
5401,1999,127
5401,2000,120
5401,2001,173
5401,2002,225
5401,2003,202
5401,2004,1577
5401,2005,3252
5401,2006,4462
5401,2007,5935
5401,2008,5527
5401,2009,5001
5401,2010,5929
5401,2011,5435
5401,2012,7585
5401,2013,7386
5401,2014,5191
5401,2015,4144
5401,2016,5015
5401,2017,5570
5401,2018,7393
5401,2019,9906
5402,1961,29
5402,1962,17
5402,1963,8
5402,1964,17
5402,1965,5
5402,1966,8
5402,1967,15
5402,1968,7
5402,1969,38
5402,1970,19
5402,1971,8
5402,1972,15
5402,1973,1723
5402,1974,803
5402,1975,109
5402,1976,101
5402,1977,164
5402,1978,164
5402,1979,182
5402,1980,234
5402,1981,204
5402,1982,257
5402,1983,336
5402,1984,479
5402,1985,259
5402,1986,242
5402,1987,310
5402,1988,521
5402,1989,423
5402,1990,362
5402,1991,708
5402,1992,485
5402,1993,953
5402,1994,2750
5402,1995,1409
5402,1996,423
5402,1997,538
5402,1998,543
5402,1999,576
5402,2000,434
5402,2001,484
5402,2002,1232
5402,2003,475
5402,2004,11742
5402,2005,7204
5402,2006,11355
5402,2007,13692
5402,2008,19910
5402,2009,24961
5402,2010,30602
5402,2011,40981
5402,2012,26026
5402,2013,27247
5402,2014,6861
5402,2015,13671
5402,2016,15336
5402,2017,16667
5402,2018,22645
5402,2019,23932
5403,1961,371
5403,1962,402
5403,1963,480
5403,1964,385
5403,1965,445
5403,1966,377
5403,1967,407
5403,1968,372
5403,1969,313
5403,1970,308
5403,1971,256
5403,1972,285
5403,1973,114
5403,1974,175
5403,1975,262
5403,1976,150
5403,1977,194
5403,1978,129
5403,1979,82
5403,1980,204
5403,1981,58
5403,1982,42
5403,1983,72
5403,1984,159
5403,1985,192
5403,1986,359
5403,1987,893
5403,1988,1853
5403,1989,563
5403,1990,608
5403,1991,1080
5403,1992,2161
5403,1993,2421
5403,1994,5161
5403,1995,9784
5403,1996,6696
5403,1997,8551
5403,1998,9062
5403,1999,13744
5403,2000,11855
5403,2001,25192
5403,2002,46471
5403,2003,57709
5403,2004,48755
5403,2005,43608
5403,2006,46418
5403,2007,50074
5403,2008,66299
5403,2009,58316
5403,2010,69157
5403,2011,87268
5403,2012,46703
5403,2013,57103
5403,2014,52905
5403,2015,44569
5403,2016,54273
5403,2017,85150
5403,2018,86258
5403,2019,83555
5404,1961,46
5404,1962,44
5404,1963,101
5404,1964,241
5404,1965,422
5404,1966,578
5404,1967,927
5404,1968,588
5404,1969,586
5404,1970,1090
5404,1971,1616
5404,1972,2054
5404,1973,2006
5404,1974,1806
5404,1975,2364
5404,1976,3081
5404,1977,5109
5404,1978,9537
5404,1979,10011
5404,1980,9562
5404,1981,9786
5404,1982,10448
5404,1983,8203
5404,1984,10274
5404,1985,10608
5404,1986,17235
5404,1987,32427
5404,1988,21642
5404,1989,25893
5404,1990,20428
5404,1991,20445
5404,1992,19584
5404,1993,55925
5404,1994,86307
5404,1995,109202
5404,1996,126201
5404,1997,122021
5404,1998,121354
5404,1999,135735
5404,2000,122532
5404,2001,164899
5404,2002,220020
5404,2003,300556
5404,2004,374507
5404,2005,432217
5404,2006,479817
5404,2007,525332
5404,2008,525757
5404,2009,478992
5404,2010,421691
5404,2011,450546
5404,2012,395117
5404,2013,377742
5404,2014,363658
5404,2015,341174
5404,2016,409793
5404,2017,372636
5404,2018,385486
5404,2019,361047
55,1995,4
55,1996,3
55,1997,8
55,1998,8
55,1999,10
55,2000,27
55,2001,33
55,2002,31
55,2003,86
55,2004,135
55,2005,120
55,2006,134
55,2007,188
55,2008,191
55,2009,4
55,2010,33
55,2011,43
55,2012,67
55,2013,66
55,2014,33
55,2015,40
55,2016,19
55,2017,24
55,2018,722
55,2019,1853
5500,1961,4
5500,1962,16
5500,1963,19
5500,1964,15
5500,1965,28
5500,1966,26
5500,1967,10
5500,1968,1
5500,1969,1
5500,1970,13
5500,1971,0
5500,1972,0
5500,1973,0
5500,1974,9
5500,1975,7
5500,1976,22
5500,1977,15
5500,1978,89
5500,1979,48
5500,1980,155
5500,1981,78
5500,1982,509
5500,1983,886
5500,1984,1505
5500,1985,817
5500,1986,1304
5500,1987,1349
5500,1988,1004
5500,1989,626
5500,1990,636
5500,1991,499
5500,1992,515
5500,1993,410
5500,1994,281
5500,1995,187
5500,1996,225
5500,1997,148
5500,1998,281
5500,1999,115
5500,2000,5
5500,2001,20
5500,2002,9
5500,2003,8
5500,2004,20
5500,2005,46
5500,2006,100
5500,2007,41
5500,2008,54
5500,2009,175
5500,2010,146
5500,2011,152
5500,2012,145
5500,2013,172
5500,2014,251
5500,2015,104
5500,2016,62
5500,2017,158
5500,2018,138
5500,2019,125
5501,1961,0
5501,1962,0
5501,1963,0
5501,1964,0
5501,1965,0
5501,1966,0
5501,1967,0
5501,1968,0
5501,1969,0
5501,1970,0
5501,1971,0
5501,1972,0
5501,1973,0
5501,1974,0
5501,1975,0
5501,1976,0
5501,1977,0
5501,1978,0
5501,1979,0
5501,1980,0
5501,1981,0
5501,1982,432
5501,1983,814
5501,1984,1449
5501,1985,775
5501,1986,1287
5501,1987,1325
5501,1988,984
5501,1989,607
5501,1990,478
5501,1991,496
5501,1992,411
5501,1993,399
5501,1994,248
5501,1995,185
5501,1996,220
5501,1997,146
5501,1998,278
5501,1999,112
5501,2000,1
5501,2001,17
5501,2002,9
5501,2003,8
5501,2004,18
5501,2005,45
5501,2006,94
5501,2007,41
5501,2008,54
5501,2009,175
5501,2010,142
5501,2011,143
5501,2012,136
5501,2013,167
5501,2014,231
5501,2015,98
5501,2016,61
5501,2017,145
5501,2018,134
5501,2019,121
5502,1961,0
5502,1962,0
5502,1963,1
5502,1964,1
5502,1965,3
5502,1966,2
5502,1967,0
5502,1968,1
5502,1969,1
5502,1970,0
5502,1971,0
5502,1972,0
5502,1973,0
5502,1974,9
5502,1975,7
5502,1976,22
5502,1977,15
5502,1978,40
5502,1979,15
5502,1980,18
5502,1981,41
5502,1982,51
5502,1983,28
5502,1984,26
5502,1985,21
5502,1986,16
5502,1987,9
5502,1988,12
5502,1989,5
5502,1990,1
5502,1991,3
5502,1992,0
5502,1993,1
5502,1994,24
5502,1995,0
5502,1996,3
5502,1997,0
5502,1998,1
5502,1999,1
5502,2000,3
5502,2001,1
5502,2002,0
5502,2003,0
5502,2004,2
5502,2005,1
5502,2006,6
5502,2007,0
5502,2008,0
5502,2009,0
5502,2010,2
5502,2011,9
5502,2012,9
5502,2013,5
5502,2014,18
5502,2015,6
5502,2016,1
5502,2017,1
5502,2018,3
5502,2019,4
5504,1961,4
5504,1962,16
5504,1963,18
5504,1964,14
5504,1965,25
5504,1966,24
5504,1967,10
5504,1968,0
5504,1969,0
5504,1970,13
5504,1971,0
5504,1972,0
5504,1973,0
5504,1974,0
5504,1975,0
5504,1976,0
5504,1977,0
5504,1978,49
5504,1979,33
5504,1980,137
5504,1981,37
5504,1982,26
5504,1983,44
5504,1984,30
5504,1985,21
5504,1986,1
5504,1987,15
5504,1988,8
5504,1989,14
5504,1990,157
5504,1991,0
5504,1992,104
5504,1993,10
5504,1994,9
5504,1995,2
5504,1996,2
5504,1997,2
5504,1998,2
5504,1999,2
5504,2000,1
5504,2001,2
5504,2002,0
5504,2003,0
5504,2004,0
5504,2005,0
5504,2006,0
5504,2007,0
5504,2008,0
5504,2009,0
5504,2010,2
5504,2011,0
5504,2012,0
5504,2013,0
5504,2014,2
5504,2015,0
5504,2016,0
5504,2017,12
5504,2018,1
5504,2019,0
56,1961,25
56,1962,25
56,1963,290
56,1964,10
56,1965,1
56,1966,1
56,1967,5
56,1968,3
56,1969,102
56,1970,4
56,1971,6
56,1972,3
56,1973,5
56,1974,16
56,1975,7
56,1976,13
56,1977,55
56,1978,16
56,1979,29
56,1980,2
56,1981,0
56,1982,1259
56,1983,1314
56,1984,1054
56,1985,1169
56,1986,2132
56,1987,1950
56,1988,2210
56,1989,5184
56,1990,7236
56,1991,8726
56,1992,9120
56,1993,7217
56,1994,4073
56,1995,3686
56,1996,3450
56,1997,962
56,1998,719
56,1999,618
56,2000,797
56,2001,1006
56,2002,687
56,2003,830
56,2004,407
56,2005,177
56,2006,130
56,2007,237
56,2008,350
56,2009,1239
56,2010,2936
56,2011,4772
56,2012,2499
56,2013,4495
56,2014,3690
56,2015,4979
56,2016,5110
56,2017,4354
56,2018,4055
56,2019,7984
57,2002,46
57,2003,16
57,2004,46
57,2005,4
57,2006,0
57,2007,0
57,2008,0
57,2009,0
57,2010,0
57,2011,1
57,2012,39
57,2013,134
57,2014,318
57,2015,310
57,2016,8
57,2017,2
57,2018,2
57,2019,12
5706,1961,446
5706,1962,463
5706,1963,589
5706,1964,643
5706,1965,872
5706,1966,963
5706,1967,1349
5706,1968,966
5706,1969,937
5706,1970,1416
5706,1971,1879
5706,1972,2353
5706,1973,3837
5706,1974,2782
5706,1975,2731
5706,1976,3332
5706,1977,5445
5706,1978,9821
5706,1979,10263
5706,1980,9971
5706,1981,10048
5706,1982,10747
5706,1983,8606
5706,1984,10887
5706,1985,10961
5706,1986,17752
5706,1987,33600
5706,1988,23986
5706,1989,26700
5706,1990,21248
5706,1991,22078
5706,1992,22128
5706,1993,59306
5706,1994,94236
5706,1995,120522
5706,1996,133648
5706,1997,131421
5706,1998,131133
5706,1999,150157
5706,2000,134906
5706,2001,190657
5706,2002,267707
5706,2003,358739
5706,2004,436400
5706,2005,486111
5706,2006,541572
5706,2007,594677
5706,2008,616925
5706,2009,566792
5706,2010,526887
5706,2011,583708
5706,2012,475201
5706,2013,469005
5706,2014,427814
5706,2015,402718
5706,2016,483879
5706,2017,479550
5706,2018,501139
5706,2019,477840
5707,1961,417
5707,1962,446
5707,1963,581
5707,1964,626
5707,1965,867
5707,1966,957
5707,1967,1343
5707,1968,961
5707,1969,913
5707,1970,1416
5707,1971,1879
5707,1972,2353
5707,1973,2141
5707,1974,2029
5707,1975,2654
5707,1976,3265
5707,1977,5332
5707,1978,9687
5707,1979,10102
5707,1980,9759
5707,1981,9876
5707,1982,10551
5707,1983,8312
5707,1984,10560
5707,1985,10788
5707,1986,17543
5707,1987,33318
5707,1988,23556
5707,1989,26389
5707,1990,20985
5707,1991,21647
5707,1992,21921
5707,1993,59234
5707,1994,93933
5707,1995,119706
5707,1996,133432
5707,1997,131182
5707,1998,130820
5707,1999,149804
5707,2000,134721
5707,2001,190419
5707,2002,266944
5707,2003,358507
5707,2004,425287
5707,2005,480355
5707,2006,532715
5707,2007,587504
5707,2008,606965
5707,2009,549307
5707,2010,511079
5707,2011,561563
5707,2012,469795
5707,2013,462810
5707,2014,422573
5707,2015,391253
5707,2016,471269
5707,2017,465087
5707,2018,480977
5707,2019,455698
58,1961,165
58,1962,162
58,1963,83
58,1964,92
58,1965,156
58,1966,223
58,1967,165
58,1968,166
58,1969,195
58,1970,260
58,1971,237
58,1972,281
58,1973,62
58,1974,160
58,1975,141
58,1976,236
58,1977,118
58,1978,145
58,1979,193
58,1980,166
58,1981,258
58,1982,118
58,1983,75
58,1984,118
58,1985,78
58,1986,106
58,1987,177
58,1988,239
58,1989,473
58,1990,547
58,1991,602
58,1992,495
58,1993,695
58,1994,1171
58,1995,1581
58,1996,2763
58,1997,2599
58,1998,2129
58,1999,3771
58,2000,2608
58,2001,4659
58,2002,12753
58,2003,21241
58,2004,24627
58,2005,29913
58,2006,30369
58,2007,33580
58,2008,36590
58,2009,44189
58,2010,41238
58,2011,41805
58,2012,30317
58,2013,25863
58,2014,26948
58,2015,31967
58,2016,37474
58,2017,44189
58,2018,40621
58,2019,42694
5801,1961,1450
5801,1962,800
5801,1963,1490
5801,1964,1932
5801,1965,2479
5801,1966,1238
5801,1967,1834
5801,1968,3454
5801,1969,3554
5801,1970,4082
5801,1971,4237
5801,1972,4820
5801,1973,4003
5801,1974,4109
5801,1975,3983
5801,1976,2107
5801,1977,1481
5801,1978,1808
5801,1979,2000
5801,1980,1918
5801,1981,1800
5801,1982,335
5801,1983,260
5801,1984,263
5801,1985,333
5801,1986,458
5801,1987,538
5801,1988,803
5801,1989,1038
5801,1990,1322
5801,1991,1812
5801,1992,1203
5801,1993,1108
5801,1994,1592
5801,1995,1957
5801,1996,1498
5801,1997,282
5801,1998,389
5801,1999,344
5801,2000,965
5801,2001,443
5801,2002,263
5801,2003,212
5801,2004,442
5801,2005,1257
5801,2006,5299
5801,2007,796
5801,2008,922
5801,2009,493
5801,2010,894
5801,2011,3650
5801,2012,1356
5801,2013,1862
5801,2014,2213
5801,2015,2736
5801,2016,3129
5801,2017,3658
5801,2018,6943
5801,2019,11976
5802,1961,0
5802,1962,34
5802,1963,87
5802,1964,164
5802,1965,110
5802,1966,115
5802,1967,24
5802,1968,78
5802,1969,83
5802,1970,48
5802,1971,256
5802,1972,199
5802,1973,178
5802,1974,557
5802,1975,751
5802,1976,429
5802,1977,386
5802,1978,243
5802,1979,320
5802,1980,263
5802,1981,293
5802,1982,238
5802,1983,126
5802,1984,32
5802,1985,52
5802,1986,447
5802,1987,925
5802,1988,452
5802,1989,1221
5802,1990,472
5802,1991,204
5802,1992,22
5802,1993,42
5802,1994,460
5802,1995,239
5802,1996,304
5802,1997,194
5802,1998,324
5802,1999,91
5802,2000,850
5802,2001,188
5802,2002,83
5802,2003,267
5802,2004,630
5802,2005,851
5802,2006,877
5802,2007,1172
5802,2008,1209
5802,2009,1212
5802,2010,1388
5802,2011,2319
5802,2012,1946
5802,2013,1145
5802,2014,1998
5802,2015,1991
5802,2016,2644
5802,2017,2648
5802,2018,2379
5802,2019,9042
5803,1961,67
5803,1962,335
5803,1963,352
5803,1964,52
5803,1965,53
5803,1966,37
5803,1967,29
5803,1968,31
5803,1969,113
5803,1970,200
5803,1971,19
5803,1972,442
5803,1973,17
5803,1974,47
5803,1975,35
5803,1976,48
5803,1977,86
5803,1978,125
5803,1979,98
5803,1980,176
5803,1981,89
5803,1982,1397
5803,1983,1442
5803,1984,1138
5803,1985,1227
5803,1986,2172
5803,1987,2226
5803,1988,2564
5803,1989,5620
5803,1990,7798
5803,1991,9093
5803,1992,9830
5803,1993,7893
5803,1994,4934
5803,1995,5072
5803,1996,4540
5803,1997,1908
5803,1998,1506
5803,1999,1948
5803,2000,1515
5803,2001,1928
5803,2002,1762
5803,2003,1872
5803,2004,2200
5803,2005,2127
5803,2006,1618
5803,2007,2685
5803,2008,2114
5803,2009,2715
5803,2010,3419
5803,2011,8367
5803,2012,7087
5803,2013,8966
5803,2014,8207
5803,2015,9766
5803,2016,10113
5803,2017,8479
5803,2018,8359
5803,2019,12859
5815,1961,2002
5815,1962,1415
5815,1963,2239
5815,1964,2946
5815,1965,3530
5815,1966,2693
5815,1967,3803
5815,1968,6090
5815,1969,6022
5815,1970,6946
5815,1971,7459
5815,1972,12418
5815,1973,13940
5815,1974,17103
5815,1975,19274
5815,1976,16016
5815,1977,15383
5815,1978,25327
5815,1979,24509
5815,1980,31808
5815,1981,42266
5815,1982,31316
5815,1983,27111
5815,1984,35959
5815,1985,54451
5815,1986,68973
5815,1987,67806
5815,1988,65605
5815,1989,42614
5815,1990,50638
5815,1991,48198
5815,1992,50912
5815,1993,46894
5815,1994,44006
5815,1995,51461
5815,1996,68587
5815,1997,61089
5815,1998,50661
5815,1999,68380
5815,2000,60389
5815,2001,54445
5815,2002,60028
5815,2003,84694
5815,2004,123794
5815,2005,66704
5815,2006,129725
5815,2007,52235
5815,2008,40069
5815,2009,32409
5815,2010,29268
5815,2011,85547
5815,2012,31027
5815,2013,31986
5815,2014,61476
5815,2015,50419
5815,2016,16087
5815,2017,33452
5815,2018,32954
5815,2019,39252
5817,1961,1897
5817,1962,1574
5817,1963,2336
5817,1964,2766
5817,1965,3344
5817,1966,2524
5817,1967,3711
5817,1968,6205
5817,1969,6139
5817,1970,7249
5817,1971,7957
5817,1972,13526
5817,1973,14385
5817,1974,17453
5817,1975,19896
5817,1976,16000
5817,1977,14943
5817,1978,28186
5817,1979,30196
5817,1980,37865
5817,1981,49377
5817,1982,42214
5817,1983,40414
5817,1984,50374
5817,1985,67045
5817,1986,79745
5817,1987,81320
5817,1988,78545
5817,1989,56317
5817,1990,70561
5817,1991,66240
5817,1992,66850
5817,1993,68380
5817,1994,52983
5817,1995,62223
5817,1996,72745
5817,1997,58802
5817,1998,59904
5817,1999,77432
5817,2000,57591
5817,2001,67274
5817,2002,55893
5817,2003,70797
5817,2004,81482
5817,2005,73932
5817,2006,99144
5817,2007,65074
5817,2008,59778
5817,2009,50487
5817,2010,50735
5817,2011,69178
5817,2012,79454
5817,2013,56206
5817,2014,53755
5817,2015,55909
5817,2016,52882
5817,2017,58763
5817,2018,66501
5817,2019,79814
59,1961,0
59,1962,0
59,1963,0
59,1964,0
59,1965,0
59,1966,0
59,1967,0
59,1968,0
59,1969,0
59,1970,0
59,1971,0
59,1972,0
59,1973,0
59,1974,0
59,1975,0
59,1976,0
59,1977,0
59,1978,0
59,1979,0
59,1980,0
59,1981,0
59,1982,0
59,1983,0
59,1984,0
59,1985,3
59,1986,3
59,1987,5
59,1988,1
59,1989,1
59,1990,3
59,1991,3
59,1992,2
59,1993,1
59,1994,0
59,1995,0
59,1996,10
59,1997,1
59,1998,0
59,1999,0
59,2000,3
59,2001,0
59,2002,26
59,2003,0
59,2004,0
59,2005,6
59,2006,0
59,2007,0
59,2008,88
59,2009,170
59,2010,39
59,2011,55
59,2012,88
59,2013,51
59,2014,73
59,2015,15
59,2016,54
59,2017,9
59,2018,27
59,2019,59
60,1961,0
60,1962,0
60,1963,3
60,1964,0
60,1965,0
60,1966,0
60,1967,0
60,1968,0
60,1969,0
60,1970,0
60,1971,0
60,1972,4
60,1973,0
60,1974,0
60,1975,0
60,1976,0
60,1977,0
60,1978,0
60,1979,0
60,1980,2
60,1981,0
60,1982,0
60,1983,0
60,1984,0
60,1985,0
60,1986,0
60,1987,0
60,1988,0
60,1989,0
60,1990,0
60,1991,0
60,1992,0
60,1993,0
60,1994,80
60,1995,542
60,1996,572
60,1997,600
60,1998,482
60,1999,0
60,2000,0
60,2001,0
60,2002,0
60,2003,0
60,2004,0
60,2005,0
60,2006,0
60,2007,0
60,2008,0
60,2009,0
60,2010,1
60,2011,4
60,2012,4
60,2013,8
60,2014,8
60,2015,4
60,2016,5
60,2017,6
60,2018,6
60,2019,3
61,2019,1
62,1961,0
62,1962,0
62,1963,0
62,1964,0
62,1965,0
62,1966,0
62,1967,0
62,1968,0
62,1969,0
62,1970,0
62,1971,0
62,1972,0
62,1973,0
62,1974,0
62,1975,0
62,1976,0
62,1977,0
62,1978,0
62,1979,0
62,1980,16
62,1981,0
62,1982,0
62,1983,0
62,1984,33
62,1985,0
62,1986,0
62,1987,0
62,1988,1
62,1989,0
62,1990,1
62,1991,0
62,1992,0
62,1993,0
62,1994,0
62,1995,0
62,1996,0
62,1997,0
62,1998,0
62,1999,0
62,2000,0
62,2001,0
62,2002,0
62,2003,0
62,2004,0
62,2005,0
62,2006,0
62,2007,0
62,2008,0
62,2009,0
62,2010,0
62,2011,0
62,2012,0
63,1961,0
63,1962,0
63,1963,0
63,1964,0
63,1965,0
63,1966,0
63,1967,0
63,1968,0
63,1969,0
63,1970,0
63,1971,0
63,1972,0
63,1973,0
63,1974,0
63,1975,0
63,1976,0
63,1977,0
63,1978,0
63,1979,0
63,1980,0
63,1981,0
63,1982,0
63,1983,0
63,1984,0
63,1985,0
63,1986,0
63,1987,0
63,1988,0
63,1989,0
63,1990,0
63,1991,0
63,1993,8
63,1994,1
63,1995,0
63,1996,1
63,1999,7
63,2000,1
63,2001,0
63,2002,19
63,2003,19
63,2004,1
63,2005,1
63,2006,1
63,2007,3
63,2008,0
63,2009,11
63,2010,2
63,2011,15
63,2012,2
63,2013,4
63,2014,9
63,2015,20
63,2016,17
63,2017,13
63,2018,13
63,2019,27
66,1961,0
66,1962,0
66,1963,1
66,1964,1
66,1965,3
66,1966,2
66,1967,0
66,1968,1
66,1969,1
66,1970,0
66,1971,0
66,1972,0
66,1973,0
66,1974,9
66,1975,7
66,1976,22
66,1977,15
66,1978,40
66,1979,15
66,1980,18
66,1981,41
66,1982,51
66,1983,28
66,1984,26
66,1985,21
66,1986,16
66,1987,9
66,1988,12
66,1989,5
66,1990,1
66,1991,3
66,1992,0
66,1993,1
66,1994,24
66,1995,0
66,1996,3
66,1997,0
66,1998,0
66,1999,0
66,2000,2
66,2001,0
66,2002,0
66,2003,0
66,2004,2
66,2005,1
66,2006,1
66,2007,0
66,2008,0
66,2009,0
66,2010,0
66,2011,2
66,2012,9
66,2013,5
66,2014,18
66,2015,6
66,2016,1
66,2017,1
66,2018,3
66,2019,4
67,1961,0
67,1962,0
67,1963,0
67,1964,0
67,1965,0
67,1966,0
67,1967,0
67,1968,0
67,1969,0
67,1970,0
67,1971,0
67,1972,0
67,1973,0
67,1974,0
67,1975,0
67,1976,3
67,1977,10
67,1978,0
67,1979,0
67,1980,0
67,1981,0
67,1982,0
67,1983,6
67,1984,36
67,1985,5
67,1986,1
67,1987,1
67,1988,17
67,1989,14
67,1990,26
67,1991,49
67,1992,150
67,1993,751
67,1994,2042
67,1995,307
67,1996,94
67,1997,35
67,1998,34
67,1999,9
67,2000,3
67,2001,4
67,2002,1
67,2003,1
67,2004,0
67,2005,0
67,2006,9
67,2007,5
67,2008,4
67,2009,5
67,2010,5
67,2011,2
67,2012,0
67,2013,2
67,2014,4
67,2015,2
67,2016,366
67,2017,52
67,2018,10
67,2019,34
68,1961,39
68,1962,33
68,1963,90
68,1964,225
68,1965,409
68,1966,559
68,1967,868
68,1968,503
68,1969,451
68,1970,696
68,1971,1077
68,1972,814
68,1973,722
68,1974,569
68,1975,647
68,1976,1338
68,1977,2673
68,1978,5334
68,1979,5528
68,1980,5119
68,1981,4557
68,1982,4801
68,1983,2810
68,1984,3702
68,1985,3233
68,1986,6428
68,1987,11984
68,1988,4411
68,1989,4574
68,1990,4841
68,1991,4285
68,1992,4217
68,1993,21724
68,1994,37234
68,1995,42789
68,1996,55467
68,1997,59753
68,1998,55494
68,1999,63926
68,2000,53737
68,2001,60024
68,2002,84815
68,2003,75502
68,2004,67429
68,2005,53744
68,2006,38651
68,2007,24710
68,2008,19925
68,2009,17704
68,2010,17198
68,2011,18694
68,2012,11202
68,2013,10474
68,2014,9105
68,2015,10338
68,2016,9286
68,2017,9619
68,2018,6128
68,2019,6867
7,1961,0
7,1962,0
7,1963,0
7,1964,0
7,1965,0
7,1966,38
7,1967,34
7,1968,52
7,1969,54
7,1970,82
7,1971,237
7,1972,320
7,1973,202
7,1974,248
7,1975,260
7,1976,270
7,1977,300
7,1978,300
7,1979,300
7,1980,0
7,1981,0
7,1982,0
7,1983,0
7,1984,0
7,1985,0
7,1986,0
7,1987,0
7,1988,0
7,1989,0
7,1990,0
7,1991,0
7,1992,0
7,1993,0
7,1994,0
7,1995,0
7,1996,0
7,1997,0
7,1998,0
7,1999,0
7,2000,0
7,2001,0
7,2002,0
7,2003,0
7,2004,0
7,2005,0
7,2006,0
7,2007,0
7,2008,0
7,2009,0
7,2010,0
7,2011,0
7,2012,0
7,2013,0
7,2016,0
7,2017,5
7,2018,6
7,2019,4
70,1961,0
70,1962,0
70,1963,0
70,1964,0
70,1965,0
70,1966,0
70,1967,0
70,1968,0
70,1969,0
70,1970,0
70,1971,0
70,1972,0
70,1973,0
70,1974,0
70,1975,0
70,1976,0
70,1977,0
70,1978,0
70,1979,0
70,1980,0
70,1981,0
70,1982,0
70,1983,0
70,1984,0
70,1985,0
70,1986,0
70,1987,0
70,1988,0
70,1989,0
70,1990,153
70,1991,0
70,1992,104
70,1993,10
70,1994,9
70,1995,2
70,1996,2
70,1997,2
70,1998,2
70,1999,2
70,2000,1
70,2001,2
70,2002,0
70,2003,0
70,2004,0
70,2005,0
70,2006,0
70,2007,0
70,2008,0
70,2009,0
70,2010,0
70,2011,0
70,2012,0
70,2013,0
70,2016,0
70,2017,0
70,2018,0
70,2019,0
73,2013,64
73,2014,360
73,2015,641
73,2016,571
73,2017,514
73,2018,482
73,2019,896
74,2014,234
74,2015,150
74,2016,15
79,1961,7
79,1962,9
79,1963,9
79,1964,11
79,1965,5
79,1966,12
79,1967,51
79,1968,76
79,1969,32
79,1970,106
79,1971,258
79,1972,300
79,1973,323
79,1974,236
79,1975,225
79,1976,201
79,1977,284
79,1978,505
79,1979,247
79,1980,187
79,1981,353
79,1982,477
79,1983,324
79,1984,335
79,1985,559
79,1986,687
79,1987,938
79,1988,755
79,1989,1852
79,1990,1836
79,1991,2801
79,1992,2977
79,1993,1411
79,1994,1838
79,1995,2424
79,1996,4949
79,1997,3074
79,1998,3695
79,1999,6284
79,2000,5916
79,2001,7086
79,2002,9871
79,2003,16661
79,2004,22252
79,2005,33223
79,2006,29907
79,2007,36181
79,2008,37588
79,2009,35887
79,2010,42407
79,2011,47804
79,2012,32841
79,2013,29887
79,2014,25974
79,2015,23318
79,2016,18245
79,2017,17287
79,2018,23017
79,2019,19021
8,2005,1
8,2006,1
8,2007,1
8,2008,1
8,2009,1
8,2010,1
8,2011,1
8,2012,327
8,2013,2
8,2016,0
8,2017,0
8,2018,0
8,2019,1
80,2003,7
80,2004,10
80,2005,1
80,2006,0
80,2007,0
80,2008,0
80,2009,0
80,2010,0
80,2011,0
80,2012,0
80,2013,0
80,2017,3
80,2018,1
80,2019,4
81,1961,0
81,1962,0
81,1963,0
81,1964,0
81,1965,0
81,1966,0
81,1967,0
81,1968,0
81,1969,0
81,1970,0
81,1971,0
81,1972,0
81,1973,0
81,1974,0
81,1975,0
81,1976,0
81,1977,0
81,1978,0
81,1979,0
81,1980,0
81,1981,0
81,1982,0
81,1983,0
81,1984,210
81,1985,340
81,1986,520
81,1987,750
81,1988,1600
81,1989,2097
81,1990,3830
81,1991,5070
81,1992,4390
81,1993,5180
81,1994,5260
81,1995,5630
81,1996,9051
81,1997,9998
81,1998,11676
81,1999,11593
81,2000,11514
81,2001,7933
81,2002,15520
81,2003,33403
81,2004,68343
81,2005,15644
81,2006,51367
81,2007,9950
81,2008,6260
81,2009,6692
81,2010,3531
81,2011,51144
81,2012,3066
81,2013,4510
81,2014,40000
81,2015,33143
81,2016,739
81,2017,12361
81,2018,10401
81,2019,9798
84,1961,0
84,1962,0
84,1963,0
84,1964,0
84,1965,0
84,1966,0
84,1967,0
84,1968,0
84,1969,0
84,1970,0
84,1971,0
84,1972,0
84,1973,0
84,1974,0
84,1975,3
84,1976,0
84,1977,0
84,1978,0
84,1979,1
84,1980,0
84,1981,0
84,1982,0
84,1983,4
84,1984,6
84,1985,3
84,1986,22
84,1987,2
84,1988,1
84,1989,0
84,1990,43
84,1991,0
84,1992,0
84,1993,42
84,1994,21
84,1995,59
84,1996,46
84,1997,101
84,1998,120
84,1999,128
84,2000,176
84,2001,119
84,2002,108
84,2003,71
84,2004,79
84,2005,230
84,2006,415
84,2007,1034
84,2008,609
84,2009,789
84,2010,1159
84,2011,1292
84,2012,768
84,2013,599
84,2014,562
84,2015,647
84,2016,818
84,2017,1088
84,2018,1626
84,2019,1758
89,1961,10
89,1962,4
89,1963,7
89,1964,3
89,1965,6
89,1966,10
89,1967,3
89,1968,3
89,1969,1
89,1970,2
89,1971,3
89,1972,4
89,1973,3
89,1974,0
89,1975,5
89,1976,1
89,1977,12
89,1978,30
89,1979,54
89,1980,203
89,1981,130
89,1982,174
89,1983,120
89,1984,120
89,1985,135
89,1986,180
89,1987,265
89,1988,77
89,1989,22
89,1990,21
89,1991,6
89,1992,10
89,1993,19
89,1994,29
89,1995,28
89,1996,92
89,1997,90
89,1998,230
89,1999,424
89,2000,310
89,2001,897
89,2002,1104
89,2003,1875
89,2004,5488
89,2005,11769
89,2006,7573
89,2007,12872
89,2008,13731
89,2009,9038
89,2010,6266
89,2011,7042
89,2012,7598
89,2013,7506
89,2014,7939
89,2015,8512
89,2016,12278
89,2017,14421
89,2018,11337
89,2019,45214
9,1994,9
9,1995,0
9,1996,0
9,1997,0
9,1998,0
9,1999,0
9,2000,0
9,2001,0
9,2002,0
9,2003,0
9,2004,0
9,2005,0
9,2006,0
9,2007,4
9,2008,0
9,2009,0
9,2010,0
9,2011,0
9,2012,0
9,2013,0
90,1961,1450
90,1962,800
90,1963,1490
90,1964,1932
90,1965,2479
90,1966,1200
90,1967,1800
90,1968,3402
90,1969,3500
90,1970,4000
90,1971,4000
90,1972,4500
90,1973,3800
90,1974,3800
90,1975,3693
90,1976,1800
90,1977,1170
90,1978,1500
90,1979,1700
90,1980,1900
90,1981,1800
90,1982,331
90,1983,260
90,1984,225
90,1985,309
90,1986,80
90,1987,200
90,1988,540
90,1989,600
90,1990,1050
90,1991,521
90,1992,1000
90,1993,830
90,1994,900
90,1995,1100
90,1996,881
90,1997,62
90,1998,120
90,1999,227
90,2000,6
90,2001,173
90,2002,14
90,2003,3
90,2004,20
90,2005,872
90,2006,816
90,2007,196
90,2008,136
90,2009,72
90,2010,71
90,2011,45
90,2012,37
90,2013,19
90,2014,57
90,2016,3
90,2017,18
90,2018,16
90,2019,12
91,1961,1
91,1962,1
91,1963,1
91,1964,0
91,1965,0
91,1966,0
91,1967,0
91,1968,0
91,1969,0
91,1970,0
91,1971,2
91,1972,1
91,1973,3
91,1974,2
91,1975,4
91,1976,0
91,1977,2
91,1978,4
91,1979,3
91,1980,9
91,1981,0
91,1982,33
91,1983,44
91,1984,0
91,1985,0
91,1986,0
91,1987,230
91,1988,270
91,1989,240
91,1990,190
91,1991,220
91,1992,210
91,1993,170
91,1994,200
91,1995,250
91,1996,240
91,1997,146
91,1998,43
91,1999,181
91,2000,158
91,2001,178
91,2002,277
91,2003,220
91,2004,352
91,2005,152
91,2006,122
91,2007,162
91,2008,125
91,2009,125
91,2010,149
91,2011,146
91,2012,112
91,2013,126
91,2014,148
91,2015,180
91,2016,201
91,2017,169
91,2018,228
91,2019,119
93,1999,2
95,1961,33
95,1962,47
95,1963,8
95,1964,13
95,1965,10
95,1966,23
95,1967,37
95,1968,62
95,1969,152
95,1970,154
95,1971,423
95,1972,593
95,1973,514
95,1974,556
95,1975,835
95,1976,1749
95,1977,1322
95,1978,6767
95,1979,6187
95,1980,7721
95,1981,7285
95,1982,8777
95,1983,12227
95,1984,14137
95,1985,12746
95,1986,10209
95,1987,13217
95,1988,12650
95,1989,10463
95,1990,16277
95,1991,14007
95,1992,10477
95,1993,18532
95,1994,9481
95,1995,11750
95,1996,8744
95,1997,5645
95,1998,18500
95,1999,19200
95,2000,6330
95,2001,17559
95,2002,8674
95,2003,16594
95,2004,22767
95,2005,20695
95,2006,19026
95,2007,20361
95,2008,23241
95,2009,23720
95,2010,22791
95,2011,27646
95,2012,45894
95,2013,23130
95,2014,22050
95,2015,26156
95,2016,26430
95,2017,29352
95,2018,32175
95,2019,33389
96,1961,0
96,1962,0
96,1963,0
96,1964,0
96,1965,0
96,1966,4
96,1967,2
96,1968,0
96,1969,0
96,1970,4
96,1971,4
96,1972,0
96,1973,0
96,1974,0
96,1975,0
96,1976,0
96,1977,0
96,1978,0
96,1979,0
96,1980,0
96,1981,0
96,1982,0
96,1983,0
96,1984,2
96,1985,0
96,1986,4
96,1987,2
96,1988,7
96,1989,0
96,1990,1
96,1991,17
96,1992,33
96,1993,4
96,1994,119
96,1995,259
96,1996,696
96,1997,286
96,1998,279
96,1999,190
96,2000,137
96,2001,39
96,2002,10
96,2003,41
96,2004,1
96,2005,28
96,2006,33
96,2007,94
96,2008,90
96,2009,94
96,2010,1239
96,2011,3632
96,2012,4915
96,2013,3405
96,2014,5291
96,2015,4559
96,2016,1264
96,2017,439
96,2018,291
96,2019,494
97,1995,1
97,1996,0
97,1997,0
97,1998,1
97,1999,0
97,2000,0
97,2001,27
97,2002,0
97,2003,30
97,2004,0
97,2005,0
97,2006,38
97,2007,3
97,2008,25
97,2009,29
97,2010,4
97,2011,146
97,2012,299
97,2013,258
97,2014,411
97,2015,371
97,2016,444
97,2017,266
97,2018,332
97,2019,1823
98,1961,0
98,1962,0
98,1963,0
98,1964,0
98,1965,0
98,1966,0
98,1967,0
98,1968,0
98,1969,0
98,1970,0
98,1971,0
98,1972,0
98,1973,0
98,1974,0
98,1975,0
98,1976,0
98,1977,0
98,1978,0
98,1979,0
98,1980,0
98,1981,0
98,1982,0
98,1983,0
98,1984,0
98,1985,0
98,1986,0
98,1987,0
98,1988,0
98,1989,0
98,1990,0
98,1991,0
98,1992,2
98,1993,0
98,1994,3
98,1995,8
98,1996,1
98,1997,3
98,1998,0
98,1999,2
98,2000,2
98,2001,3
98,2002,4
98,2003,7
98,2004,1
98,2005,0
98,2006,1
98,2007,0
98,2008,0
98,2009,3
98,2010,0
98,2011,2
98,2012,0
98,2013,5
98,2014,13
98,2015,556
98,2016,497
98,2017,778
98,2018,660
98,2019,522
99,2000,0
99,2001,0
99,2002,0
99,2003,0
99,2004,0
99,2005,0
99,2006,0
99,2007,0
99,2008,0
99,2009,0
99,2010,0
99,2011,0
99,2012,1
99,2013,1
99,2014,1
99,2015,4
99,2016,5
99,2017,2
99,2018,4
99,2019,1
