geo,year,turkeys_manure_left_on_pasture_that_leaches_n_content_eam1
1,1992,156485.136
1,1993,117363.852
1,1994,117363.852
1,1995,78242.568
1,1996,78242.568
1,1997,78242.568
1,1998,78242.568
1,1999,74330.4396
1,2000,60637.9902
1,2001,48901.605
1,2002,46945.5408
1,2003,80198.6322
1,2004,111104.4466
1,2005,106409.8925
1,2006,109539.5952
1,2007,89196.5275
1,2008,88022.889
1,2009,93108.6559
1,2010,88022.889
1,2011,73939.2268
1,2012,87240.4633
1,2013,88022.889
1,2014,88414.1018
1,2015,71983.1626
1,2016,66897.3956
1,2017,62202.8416
1,2018,57508.2875
1,2019,53596.1591
1,2030,176818.0321
1,2050,237381.6919
10,1961,2810.1204
10,1962,2975.4216
10,1963,2975.4216
10,1964,2975.4216
10,1965,3140.7228
10,1966,3801.9276
10,1967,4628.4336
10,1968,4463.1324
10,1969,6116.1444
10,1970,8760.9636
10,1971,8265.06
10,1972,9769.3009
10,1973,10661.9274
10,1974,8926.2648
10,1975,6826.9396
10,1976,5504.53
10,1977,5735.9516
10,1978,5322.6986
10,1979,7405.4938
10,1980,16794.6019
10,1981,12397.59
10,1982,11785.9756
10,1983,7719.566
10,1984,8843.6142
10,1985,10794.1684
10,1986,9570.9395
10,1987,20646.1199
10,1988,26200.2402
10,1989,18596.385
10,1990,20497.3488
10,1991,23571.9511
10,1992,21770.168
10,1993,18067.4212
10,1994,13868.7707
10,1995,16530.12
10,1996,20199.8066
10,1997,20017.9753
10,1998,20960.1922
10,1999,22001.5897
10,2000,22480.9632
10,2001,11852.096
10,2002,9653.5901
10,2003,12761.2526
10,2004,11257.0117
10,2005,10380.9154
10,2006,19274.1199
10,2007,32646.987
10,2008,24795.18
10,2009,19885.7344
10,2010,19836.144
10,2011,19885.7344
10,2012,19918.7946
10,2013,19968.385
10,2014,20001.4452
10,2015,20001.4452
10,2016,19918.7946
10,2017,19968.385
10,2018,19489.0115
10,2019,18364.9633
10,2030,30699.3587
10,2050,34289.0395
102,1961,85818.873
102,1962,87044.8569
102,1963,88270.8408
102,1964,89496.8247
102,1965,90722.8086
102,1966,93174.7764
102,1967,95626.7442
102,1968,98078.712
102,1969,100530.6798
102,1970,104208.6315
102,1971,107886.5832
102,1972,111564.5349
102,1973,115242.4866
102,1974,119165.6351
102,1975,118184.848
102,1976,125050.3578
102,1977,131915.8676
102,1978,134858.229
102,1979,139762.1646
102,1980,143440.1163
102,1981,147118.068
102,1982,151531.61
102,1983,159377.907
102,1984,171637.746
102,1985,196157.424
102,1986,220677.102
102,1987,255740.2415
102,1988,269716.458
102,1989,294236.136
102,1990,343275.492
102,1991,392314.848
102,1992,441354.204
102,1993,496033.0859
102,1994,539432.916
102,1995,539432.916
102,1996,563952.594
102,1997,563952.594
102,1998,514913.238
102,1999,490393.56
102,2000,490393.56
102,2001,490393.56
102,2002,490393.56
102,2003,490393.56
102,2004,490393.56
102,2005,490393.56
102,2006,490393.56
102,2007,490393.56
102,2008,490393.56
102,2009,490393.56
102,2010,490393.56
102,2011,490393.56
102,2012,490393.56
102,2013,490393.56
102,2014,490393.56
102,2015,490393.56
102,2016,500201.4312
102,2017,498730.2505
102,2018,499465.8409
102,2019,500201.4312
102,2030,740083.571
102,2050,873295.3036
104,1961,10777.6382
104,1962,9025.4455
104,1963,7824.2568
104,1964,6975.7106
104,1965,6634.0882
104,1966,5587.1806
104,1967,5796.5621
104,1968,6248.3854
104,1969,5730.4416
104,1970,5895.7428
104,1971,6799.3894
104,1972,5543.1002
104,1973,6435.7267
104,1974,7163.052
104,1975,6479.807
104,1976,6083.0842
104,1977,6744.289
104,1978,7196.1122
104,1979,7405.4938
104,1980,6490.8271
104,1981,7658.9556
104,1982,7703.0359
104,1983,8738.9234
104,1984,7824.2568
104,1985,7857.317
104,1986,8540.562
104,1987,7901.3974
104,1988,9400.1282
104,1989,8617.7026
104,1990,10942.9394
104,1991,13708.9795
104,1992,13598.7787
104,1993,11317.6222
104,1994,15262.8108
104,1995,17367.6461
104,1996,16486.0397
104,1997,17896.6099
104,1998,17940.6902
104,1999,18117.0115
104,2000,19362.2806
104,2001,17510.9071
104,2002,18723.1159
104,2003,17874.5698
104,2004,18183.132
104,2005,18183.132
104,2006,18734.136
104,2007,18183.132
104,2008,18183.132
104,2009,18183.132
104,2010,18734.136
104,2011,19285.14
104,2012,19615.7424
104,2013,19836.144
104,2014,19725.9432
104,2015,19891.2444
104,2016,20475.3086
104,2017,20563.4693
104,2030,17748.0592
104,2050,16124.3827
105,1961,312970.272
105,1962,234727.704
105,1963,254288.346
105,1964,234727.704
105,1965,254288.346
105,1966,293409.63
105,1967,332530.914
105,1968,371652.198
105,1969,391212.84
105,1970,418597.7388
105,1971,704183.112
105,1972,520313.0772
105,1973,637676.9292
105,1974,978032.1
105,1975,1173638.52
105,1976,1369244.94
105,1977,1682215.212
105,1978,1760457.78
105,1979,1916942.916
105,1980,1916942.916
105,1981,978032.1
105,1982,2269034.472
105,1983,3168824.004
105,1984,2190791.904
105,1985,1995185.484
105,1986,2777611.164
105,1987,2503762.176
105,1988,1760457.78
105,1989,958471.458
105,1990,715919.4972
105,1991,1107132.3372
105,1992,1459223.8932
105,1993,1525730.076
105,1994,1533554.3328
105,1995,1447487.508
105,1996,1611796.9008
105,1997,1740897.138
105,1998,1733072.8812
105,1999,1916942.916
105,2000,1871953.4394
105,2001,1992055.7813
105,2002,1663045.7828
105,2003,1756936.8644
105,2004,1620012.3704
105,2005,1641137.8638
105,2006,1596148.3872
105,2007,1728769.54
105,2008,1454529.3391
105,2009,1328558.8046
105,2010,1486608.792
105,2011,1441619.3154
105,2012,1370418.5785
105,2013,1284351.7537
105,2014,1389979.2205
105,2015,1521426.7348
105,2016,1373157.0684
105,2017,1373157.0684
105,2018,1328167.5918
105,2019,1115739.0197
105,2030,1865278.5659
105,2050,2072112.7944
106,1961,14326.104
106,1962,16530.12
106,1963,18183.132
106,1964,19836.144
106,1965,22040.16
106,1966,23693.172
106,1967,27550.2
106,1968,31958.232
106,1969,38570.28
106,1970,59508.432
106,1971,101384.736
106,1972,119016.864
106,1973,142159.032
106,1974,150975.096
106,1975,155934.132
106,1976,159791.16
106,1977,169709.232
106,1978,179076.3
106,1979,187341.36
106,1980,206626.5
106,1981,209381.52
106,1982,216544.572
106,1983,222054.612
106,1984,214891.56
106,1985,214891.56
106,1986,218197.584
106,1987,220401.6
106,1988,231421.68
106,1989,236931.72
106,1990,257869.872
106,1991,251257.824
106,1992,247951.8
106,1993,244645.776
106,1994,247951.8
106,1995,273297.984
106,1996,297542.16
106,1997,275502
106,1998,286522.08
106,1999,275502
106,2000,253461.84
106,2001,275502
106,2002,275502
106,2003,275502
106,2004,275502
106,2005,286522.08
106,2006,275502
106,2007,275502
106,2008,275502
106,2009,268889.952
106,2010,264481.92
106,2011,269991.96
106,2012,275502
106,2013,277706.016
106,2014,269991.96
106,2015,272460.4579
106,2016,276956.6506
106,2017,276383.6064
106,2030,269770.4564
106,2050,245090.5354
108,1992,154964.365
108,1993,106170.2057
108,1994,95136.3506
108,1995,65222.3435
108,1996,38250.6977
108,1997,20106.136
108,1998,20106.136
108,1999,33101.5653
108,2000,34817.9428
108,2001,38250.6977
108,2002,41438.2558
108,2003,46832.585
108,2004,12259.839
108,2005,19615.7424
108,2006,24519.678
108,2007,24519.678
108,2008,25990.8587
108,2009,36289.1234
108,2010,45606.6011
108,2011,147118.068
108,2012,245196.78
108,2013,465873.882
108,2014,318755.814
108,2015,465873.882
108,2016,441109.0072
108,2017,437185.8587
108,2018,458272.7818
108,2019,470287.424
108,2030,39782.442
108,2050,53408.7626
11,1961,407.743
11,1962,407.743
11,1963,418.763
11,1964,418.763
11,1965,429.7831
11,1966,429.7831
11,1967,473.8634
11,1968,528.9638
11,1969,584.0642
11,1970,639.1646
11,1971,683.245
11,1972,749.3654
11,1973,804.4658
11,1974,683.245
11,1975,694.265
11,1976,661.2048
11,1977,1135.0682
11,1978,1068.9478
11,1979,1454.6506
11,1980,1686.0722
11,1981,1619.9518
11,1982,2082.7951
11,1983,1785.253
11,1984,2688.8995
11,1985,2799.1003
11,1986,2732.9798
11,1987,2942.3614
11,1988,4154.5702
11,1989,4485.1726
11,1990,5344.7388
11,1991,5785.542
11,1992,8364.2407
11,1993,7394.4737
11,1994,8738.9234
11,1995,8617.7026
11,1996,7504.6745
11,1997,7085.9114
11,1998,7636.9154
11,1999,7107.9516
11,2000,7714.056
11,2001,6490.8271
11,2002,6027.9838
11,2003,5972.8834
11,2004,6061.044
11,2005,7714.056
11,2006,8265.06
11,2007,6259.4054
11,2008,6380.6263
11,2009,6501.8472
11,2010,6788.3693
11,2011,6678.1685
11,2012,6612.048
11,2013,6612.048
11,2014,5840.6424
11,2015,6380.6263
11,2016,6501.8472
11,2017,6612.048
11,2018,6612.048
11,2019,6612.048
11,2030,7163.1181
11,2050,6507.798
110,1961,3923.1485
110,1962,3923.1485
110,1963,3923.1485
110,1964,4168.3453
110,1965,4168.3453
110,1966,4168.3453
110,1967,4413.542
110,1968,4413.542
110,1969,4413.542
110,1970,4413.542
110,1971,4413.542
110,1972,4413.542
110,1973,4658.7388
110,1974,4658.7388
110,1975,4658.7388
110,1976,4658.7388
110,1977,4903.9356
110,1978,4903.9356
110,1979,4903.9356
110,1980,5149.1324
110,1981,4903.9356
110,1982,5149.1324
110,1983,3923.1485
110,1984,1961.5742
110,1985,1961.5742
110,1986,1961.5742
110,1987,1961.5742
110,1988,2942.3614
110,1989,1716.3775
110,1990,1961.5742
110,1991,980.7871
110,1992,980.7871
110,1993,980.7871
110,1994,980.7871
110,1995,980.7871
110,1996,980.7871
110,1997,980.7871
110,1998,735.5903
110,1999,735.5903
110,2000,735.5903
110,2001,735.5903
110,2002,735.5903
110,2003,735.5903
110,2004,735.5903
110,2005,735.5903
110,2006,735.5903
110,2007,735.5903
110,2008,735.5903
110,2009,735.5903
110,2010,735.5903
110,2011,490.3936
110,2012,490.3936
110,2013,490.3936
110,2014,490.3936
110,2015,490.3936
110,2016,490.3936
110,2017,490.3936
110,2018,490.3936
110,2019,490.3936
110,2030,807.6782
110,2050,891.7807
112,1961,5476.9798
112,1962,9780.321
112,1963,8606.6825
112,1964,11345.1724
112,1965,12518.8109
112,1966,12518.8109
112,1967,8215.4696
112,1968,7824.2568
112,1969,9780.321
112,1970,8997.8953
112,1971,8606.6825
112,1972,7433.044
112,1973,7824.2568
112,1974,6650.6183
112,1975,6259.4054
112,1976,7433.044
112,1977,9780.321
112,1978,10562.7467
112,1980,4303.3412
112,1981,4694.5541
112,1982,2738.4899
112,1983,2738.4899
112,1984,2347.277
112,1985,2347.277
112,1986,2347.277
112,1987,2347.277
112,1988,2347.277
112,1989,2347.277
112,1990,2738.4899
112,1991,3129.7027
112,1992,3912.1284
112,1993,3912.1284
112,1994,3912.1284
112,1995,3912.1284
112,1996,3912.1284
112,1997,3912.1284
112,1998,3912.1284
112,1999,3912.1284
112,2000,3912.1284
112,2001,4303.3412
112,2002,4303.3412
112,2003,23863.9832
112,2004,4303.3412
112,2005,4303.3412
112,2006,4303.3412
112,2007,1173.6385
112,2008,1173.6385
112,2009,1173.6385
112,2010,1173.6385
112,2011,1173.6385
112,2012,1173.6385
112,2013,1173.6385
112,2014,1173.6385
112,2015,2347.277
112,2016,2347.277
112,2017,2347.277
112,2018,2347.277
112,2019,2347.277
112,2030,5346.3147
112,2050,7087.2118
113,1992,132406.2612
113,1993,102982.6476
113,1994,68655.0984
113,1995,22067.7102
113,1996,19615.7424
113,1997,22067.7102
113,1998,22067.7102
113,1999,26971.6458
113,2000,29423.6136
113,2001,29423.6136
113,2002,30159.2039
113,2003,31630.3846
113,2004,36534.3202
113,2005,37760.3041
113,2006,36779.517
113,2007,42664.2397
113,2008,52226.9141
113,2009,34572.746
113,2010,38250.6977
113,2011,40702.6655
113,2012,42909.4365
113,2013,46096.9946
113,2014,42664.2397
113,2015,44871.0107
113,2016,44871.0107
113,2017,44871.0107
113,2018,44871.0107
113,2019,46096.9946
113,2030,67914.3589
113,2050,91176.4226
117,1965,490.3936
117,1966,490.3936
117,1967,490.3936
117,1968,490.3936
117,1969,490.3936
117,1970,490.3936
117,1971,490.3936
117,1972,980.7871
117,1973,2942.3614
117,1974,1716.3775
117,1975,1471.1807
117,1976,1961.5742
117,1977,2451.9678
117,1978,10053.068
117,1979,43399.8301
117,1980,8581.8873
117,1981,3923.1485
117,1982,1716.3775
117,1983,1225.9839
117,1984,1225.9839
117,1985,980.7871
117,1986,1225.9839
117,1987,1225.9839
117,1988,1225.9839
117,1989,1225.9839
117,1990,1471.1807
117,1991,2451.9678
117,1992,2697.1646
117,1993,2206.771
117,1994,2206.771
117,1995,2697.1646
117,1996,2451.9678
117,1997,1961.5742
117,1998,1961.5742
117,1999,2206.771
117,2000,3187.5581
117,2001,3923.1485
117,2002,5884.7227
117,2003,3923.1485
117,2004,4658.7388
117,2005,3923.1485
117,2006,2697.1646
117,2007,2697.1646
117,2008,1961.5742
117,2009,1471.1807
117,2010,1716.3775
117,2011,1225.9839
117,2012,4658.7388
117,2013,2697.1646
117,2014,2697.1646
117,2015,2206.771
117,2016,2206.771
117,2017,2451.9678
117,2018,2451.9678
117,2019,2451.9678
117,2030,3747.0972
117,2050,4553.3042
119,1992,110.2008
119,1993,110.2008
119,1994,110.2008
119,1995,110.2008
119,1996,110.2008
119,1997,110.2008
119,1998,121.2209
119,1999,110.2008
119,2000,110.2008
119,2001,143.261
119,2002,132.241
119,2003,176.3213
119,2004,165.3012
119,2005,154.2811
119,2006,165.3012
119,2007,99.1807
119,2008,88.1606
119,2009,33.0602
119,2010,11.0201
119,2011,11.0201
119,2012,11.0201
119,2013,11.0201
119,2014,22.0402
119,2015,22.0402
119,2016,33.0602
119,2017,198.3614
119,2018,33.0602
119,2019,44.0803
119,2030,134.8858
119,2050,122.5433
121,1980,391.2128
121,1981,391.2128
121,1982,391.2128
121,1983,391.2128
121,1984,391.2128
121,1990,0
121,1991,0
121,1992,0
126,1992,1322.4096
126,1993,650.1847
126,1994,749.3654
126,1995,661.2048
126,1996,639.1646
126,1997,352.6426
126,1998,473.8634
126,1999,407.743
126,2000,473.8634
126,2001,352.6426
126,2002,473.8634
126,2003,506.9237
126,2004,1079.9678
126,2005,1024.8674
126,2006,1135.0682
126,2007,1289.3494
126,2008,1146.0883
126,2009,2137.8955
126,2010,2347.277
126,2011,2270.1365
126,2012,2292.1766
126,2013,2270.1365
126,2014,947.7269
126,2015,947.7269
126,2016,2016.6746
126,2017,1608.9317
126,2018,1531.7911
126,2019,2479.518
126,2030,1111.0334
126,2050,1009.3842
129,1961,178525.296
129,1962,200840.958
129,1963,223156.62
129,1964,245472.282
129,1965,267787.944
129,1966,290103.606
129,1967,312419.268
129,1968,357050.592
129,1969,401681.916
129,1970,446313.24
129,1971,490944.564
129,1972,535575.888
129,1973,580207.212
129,1974,490944.564
129,1975,535575.888
129,1976,490944.564
129,1977,490944.564
129,1978,602522.874
129,1979,624838.536
129,1980,490944.564
129,1981,535575.888
129,1982,490944.564
129,1983,446313.24
129,1984,446313.24
129,1985,580207.212
129,1986,624838.536
129,1987,490944.564
129,1988,580207.212
129,1989,535575.888
129,1990,624838.536
129,1991,624838.536
129,1992,624838.536
129,1993,624838.536
129,1994,669469.86
129,1995,691785.522
129,1996,714101.184
129,1997,758732.508
129,1998,803363.832
129,1999,847995.156
129,2000,892626.48
129,2001,847995.156
129,2002,892626.48
129,2003,892626.48
129,2004,892626.48
129,2005,892626.48
129,2006,892626.48
129,2007,892626.48
129,2008,937257.804
129,2009,959573.466
129,2010,981889.128
129,2011,1004204.79
129,2012,1004204.79
129,2013,981889.128
129,2014,1004204.79
129,2015,1018933.1269
129,2016,1036785.6565
129,2017,1040356.1624
129,2018,1048836.114
129,2019,1057316.0656
129,2030,1333038.12
129,2050,2272646.6559
134,1961,33.0602
134,1962,22.0402
134,1963,22.0402
134,1964,22.0402
134,1965,22.0402
134,1966,22.0402
134,1967,22.0402
134,1968,33.0602
134,1969,22.0402
134,1970,44.0803
134,1971,11.0201
134,1972,33.0602
134,1973,44.0803
134,1974,44.0803
134,1975,88.1606
134,1976,88.1606
134,1977,88.1606
134,1978,132.241
134,1979,275.502
134,1980,187.3414
134,1981,165.3012
134,1982,187.3414
134,1983,198.3614
134,1984,198.3614
134,1985,198.3614
134,1986,198.3614
134,1987,198.3614
134,1988,198.3614
134,1989,198.3614
134,1990,198.3614
134,1991,198.3614
134,1992,165.3012
134,1993,165.3012
134,1994,165.3012
134,1995,165.3012
134,1996,110.2008
134,1997,110.2008
134,1998,110.2008
134,1999,110.2008
134,2000,110.2008
134,2001,110.2008
134,2002,110.2008
134,2003,110.2008
134,2004,110.2008
134,2005,110.2008
134,2006,165.3012
134,2007,143.261
134,2008,165.3012
134,2009,165.3012
134,2010,165.3012
134,2011,165.3012
134,2012,143.261
134,2013,143.261
134,2014,143.261
134,2015,143.261
134,2016,132.241
134,2017,0
134,2030,134.8858
134,2050,122.5433
137,1961,892.6265
137,1962,892.6265
137,1963,892.6265
137,1964,892.6265
137,1965,892.6265
137,1966,892.6265
137,1967,892.6265
137,1968,892.6265
137,1969,892.6265
137,1970,892.6265
137,1971,892.6265
137,1972,892.6265
137,1973,892.6265
137,1974,892.6265
137,1975,892.6265
137,1976,892.6265
137,1977,892.6265
137,1978,892.6265
137,1979,892.6265
137,1980,892.6265
137,1981,892.6265
137,1982,892.6265
137,1983,892.6265
137,1984,892.6265
137,1985,892.6265
137,1986,892.6265
137,1987,892.6265
137,1988,892.6265
137,1989,892.6265
137,1990,892.6265
137,1991,892.6265
137,1992,892.6265
137,1993,892.6265
137,1994,892.6265
137,1995,892.6265
137,1996,892.6265
137,1997,892.6265
137,1998,892.6265
137,1999,892.6265
137,2000,892.6265
137,2001,892.6265
137,2002,892.6265
137,2003,892.6265
137,2004,892.6265
137,2005,892.6265
137,2006,892.6265
137,2007,892.6265
137,2008,892.6265
137,2009,892.6265
137,2010,892.6265
137,2011,892.6265
137,2012,892.6265
137,2013,892.6265
137,2014,892.6265
137,2015,892.6265
137,2016,892.6265
137,2017,892.6265
137,2018,892.6265
137,2019,892.6265
137,2030,1294.3084
137,2050,1418.3835
138,1961,1388530.08
138,1962,1388530.08
138,1963,1388530.08
138,1964,1504240.92
138,1965,1504240.92
138,1966,1619951.76
138,1967,1619951.76
138,1968,1735662.6
138,1969,1735662.6
138,1970,1851373.44
138,1971,1851373.44
138,1972,1497992.5346
138,1973,1628282.9405
138,1974,1772458.6471
138,1975,1931908.1846
138,1976,2108714.3482
138,1977,2152684.4674
138,1978,2185083.5026
138,1979,2190406.2012
138,1980,2231367.8386
138,1981,2274875.1144
138,1982,2319539.4986
138,1983,2367675.2081
138,1984,2474360.6026
138,1985,2597939.7797
138,1986,2239004.754
138,1987,2070761.1926
138,1988,2028179.6035
138,1989,1634299.9042
138,1990,1619951.76
138,1991,1470453.3547
138,1992,925686.72
138,1993,856260.216
138,1994,647980.704
138,1995,763691.544
138,1996,775262.628
138,1997,763691.544
138,1998,1092078.9079
138,1999,1125635.0515
138,2000,1141834.5691
138,2001,1151785.7014
138,2002,1140446.039
138,2003,1112212.5941
138,2004,1103881.4136
138,2005,1030057.8977
138,2006,1061531.2462
138,2007,992799.0072
138,2008,972896.7427
138,2009,944200.4544
138,2010,933092.2138
138,2011,943737.611
138,2012,929389.4669
138,2013,876162.4805
138,2014,907172.9856
138,2015,898610.3834
138,2016,865748.5049
138,2017,851400.3607
138,2018,873616.842
138,2019,877551.0106
138,2030,1818535.8607
138,2050,2452269.7833
14,1997,7636.9154
14,1998,8562.6022
14,1999,4628.4336
14,2000,9951.1322
14,2001,9951.1322
14,2002,11802.5057
14,2003,13191.0358
14,2004,10876.819
14,2005,12728.1924
14,2006,12728.1924
14,2007,12728.1924
14,2008,12033.9274
14,2009,10876.819
14,2010,12728.1924
14,2011,13885.3008
14,2012,15042.4092
14,2013,16199.5176
14,2014,16199.5176
14,2015,16199.5176
14,2016,16662.361
14,2017,16662.361
14,2018,17125.2043
14,2019,17588.0477
14,2030,26666.9516
14,2050,50466.1258
143,1990,1383571.044
143,1991,1383571.044
143,1992,1383571.044
143,1993,1383571.044
143,1994,1383571.044
143,1995,1383571.044
143,1996,1383571.044
143,1997,1383571.044
143,1998,1383571.044
143,1999,1383571.044
143,2000,1383571.044
143,2001,1383571.044
143,2002,1383571.044
143,2003,1383571.044
143,2004,1428202.368
143,2005,1450518.03
143,2006,2242277.7178
143,2007,2901036.06
143,2008,3347349.3
143,2009,3570505.92
143,2010,4016819.16
143,2011,4463132.4
143,2012,4463132.4
143,2013,4463132.4
143,2014,4463132.4
143,2015,4460900.8338
143,2016,5386554.4936
143,2017,5789575.3493
143,2018,6095299.9187
143,2019,6401024.4881
143,2030,3830794.0163
143,2050,4882667.2919
144,1999,37936.6254
144,2000,58467.0344
144,2001,58467.0344
144,2002,37043.9989
144,2003,27225.1076
144,2004,8926.2648
144,2005,28117.7341
144,2006,42846.071
144,2007,33919.8062
144,2008,39275.5651
144,2009,50433.3961
144,2010,50879.7094
144,2011,44631.324
144,2012,33919.8062
144,2013,35705.0592
144,2014,50433.3961
144,2015,70071.1787
144,2016,71410.1184
144,2017,75873.2508
144,2018,77658.5038
144,2019,56681.7815
144,2030,39758.0297
144,2050,73363.1851
146,1992,247.9518
146,1993,292.0321
146,1994,330.6024
146,1995,330.6024
146,1996,297.5422
146,1997,187.3414
146,1998,192.8514
146,1999,247.9518
146,2000,220.4016
146,2001,214.8916
146,2002,231.4217
146,2003,303.0522
146,2004,330.6024
146,2005,551.004
146,2006,743.8554
146,2007,721.8152
146,2008,589.5743
146,2009,595.0843
146,2010,644.6747
146,2011,661.2048
146,2012,843.0361
146,2013,881.6064
146,2014,991.8072
146,2015,1102.008
146,2016,980.7871
146,2017,705.2851
146,2018,738.3454
146,2019,743.8554
146,2030,1095.17
146,2050,1567.6174
15,1961,253.4618
15,1962,220.4016
15,1963,319.5823
15,1964,319.5823
15,1965,473.8634
15,1966,617.1245
15,1967,595.0843
15,1968,573.0442
15,1969,980.7871
15,1970,1256.2891
15,1971,2567.6786
15,1972,1785.253
15,1973,2259.1164
15,1974,2567.6786
15,1975,2898.281
15,1976,2876.2409
15,1977,3008.4818
15,1978,2832.1606
15,1979,2479.518
15,1980,3206.8433
15,1981,2358.2971
15,1982,2192.9959
15,1983,2413.3975
15,1984,1774.2329
15,1985,2192.9959
15,1986,2281.1566
15,1987,2369.3172
15,1988,3295.0039
15,1989,3647.6465
15,1990,3173.783
15,1991,3636.6264
15,1992,3945.1886
15,1993,3041.5421
15,1994,2688.8995
15,1995,2997.4618
15,1996,3283.9838
15,1997,3272.9638
15,1998,3735.8071
15,1999,4143.5501
150,1969,8816.064
150,1970,10975.9997
150,1971,14546.5056
150,1972,13510.6181
150,1973,15604.4333
150,1974,18425.5738
150,1975,16970.9232
150,1976,14877.108
150,1977,11637.2045
150,1978,8805.0439
150,1979,10380.9154
150,1980,9697.6704
150,1981,6678.1685
150,1982,6094.1042
150,1983,6512.8673
150,1984,6237.3653
150,1985,7581.815
150,1986,9896.0318
150,1987,11262.5218
150,1988,22040.16
150,1989,10237.6543
150,1990,11604.1442
150,1991,13620.8189
150,1992,15031.3891
150,1993,14579.5658
150,1994,14271.0036
150,1995,13301.2366
150,1996,13775.1
150,1997,14954.2486
150,1998,16530.12
150,1999,15284.851
150,2000,17015.0035
150,2001,16783.5818
150,2002,15990.1361
150,2003,12254.329
150,2004,13642.859
150,2005,13719.9996
150,2006,12562.8912
150,2007,13576.7386
150,2008,13466.5378
150,2009,11681.2848
150,2010,11416.8029
150,2011,10909.8792
150,2012,9113.6062
150,2013,9267.8873
150,2014,8749.9435
150,2015,9510.329
150,2016,8397.301
150,2017,7394.4737
150,2030,12838.9442
150,2050,11664.38
156,1961,1090.9879
156,1962,1124.0482
156,1963,1140.5783
156,1964,1157.1084
156,1965,1239.759
156,1966,1372
156,1967,1372
156,1968,1487.7108
156,1969,1454.6506
156,1970,1421.5903
156,1971,1405.0602
156,1972,1388.5301
156,1973,1372
156,1974,1438.1204
156,1975,1338.9397
156,1976,1372
156,1977,1884.4337
156,1978,1487.7108
156,1979,1801.7831
156,1980,1619.9518
156,1981,3322.5541
156,1982,545.494
156,1983,826.506
156,1984,991.8072
156,1985,991.8072
156,1986,991.8072
156,1987,991.8072
156,1988,1322.4096
156,1989,1074.4578
156,1990,1322.4096
156,1991,1900.9638
156,1992,1405.0602
156,1993,925.6867
156,1994,1157.1084
156,1995,1157.1084
156,1996,1157.1084
156,1997,1157.1084
156,1998,991.8072
156,1999,991.8072
156,2000,991.8072
156,2001,1157.1084
156,2002,1157.1084
156,2003,1239.759
156,2004,1239.759
156,2005,1239.759
156,2006,1239.759
156,2007,1256.2891
156,2008,1256.2891
156,2009,1256.2891
156,2010,1256.2891
156,2011,1256.2891
156,2012,1256.2891
156,2013,1272.8192
156,2014,1272.8192
156,2015,1256.2891
156,2016,1272.8192
156,2017,1272.8192
156,2018,1289.3494
156,2019,1289.3494
156,2030,1505.4476
156,2050,1551.6493
162,1998,1653.012
162,1999,3515.4055
162,2000,3195.8232
162,2001,2082.7951
162,2002,2986.4417
162,2003,3901.1083
162,2004,4132.53
162,2005,4209.6706
162,2006,4011.3091
162,2007,6545.9275
162,2008,5432.8994
162,2009,6909.5902
162,2010,4529.2529
162,2011,5047.1966
162,2012,6788.3693
162,2013,4793.7348
162,2014,6050.0239
162,2015,6578.9878
162,2016,6094.1042
162,2017,7383.4536
162,2018,5796.5621
162,2019,4892.9155
162,2030,6987.5021
162,2050,8639.4452
166,1961,7405.4938
166,1962,7174.0721
166,1963,7174.0721
166,1964,6942.6504
166,1965,6942.6504
166,1966,6711.2287
166,1967,6479.807
166,1968,6248.3854
166,1969,6016.9637
166,1970,5785.542
166,1971,5322.6986
166,1972,5322.6986
166,1973,5322.6986
166,1974,5091.277
166,1975,5091.277
166,1976,5091.277
166,1977,4859.8553
166,1978,4859.8553
166,1979,4859.8553
166,1980,4628.4336
166,1981,4628.4336
166,1982,4628.4336
166,1983,4628.4336
166,1984,4397.0119
166,1985,4397.0119
166,1986,4397.0119
166,1987,4397.0119
166,1988,4628.4336
166,1989,4859.8553
166,1990,5091.277
166,1991,4165.5902
166,1992,5322.6986
166,1993,5554.1203
166,1994,5554.1203
166,1995,5785.542
166,1996,5785.542
166,1997,5785.542
166,1998,5785.542
166,1999,5785.542
166,2000,5785.542
166,2001,5554.1203
166,2002,5554.1203
166,2003,5554.1203
166,2004,5322.6986
166,2005,5091.277
166,2006,5091.277
166,2007,4859.8553
166,2008,4859.8553
166,2009,4628.4336
166,2010,4397.0119
166,2011,4165.5902
166,2012,4165.5902
166,2013,4165.5902
166,2014,4628.4336
166,2015,4397.0119
166,2016,4165.5902
166,2017,4165.5902
166,2018,4165.5902
166,2019,3934.1686
166,2030,7682.5055
166,2050,9097.1862
167,1993,2253.6064
167,1994,1889.9437
167,1995,2903.7911
167,1996,3812.9477
167,1997,3526.4256
167,1998,3515.4055
167,1999,3383.1646
167,2000,3686.2168
167,2001,3983.7589
167,2002,4887.4055
167,2003,3691.7268
167,2004,4611.9035
167,2005,4496.1926
167,2006,2512.5782
167,2007,3118.6826
167,2008,3840.4979
167,2009,2633.7991
167,2010,2071.775
167,2011,2011.1646
167,2012,1763.2128
167,2013,2424.4176
167,2014,2181.9758
167,2015,2292.1766
167,2016,2066.265
167,2017,1873.4136
167,2018,1895.4538
167,2019,1911.9839
167,2030,3262.0925
167,2050,2963.6632
168,1961,16.5301
168,1962,16.5301
168,1963,16.5301
168,1964,16.5301
168,1965,16.5301
168,1966,16.5301
168,1967,16.5301
168,1968,16.5301
168,1969,16.5301
168,1970,16.5301
168,1971,16.5301
168,1972,16.5301
168,1973,16.5301
168,1974,16.5301
168,1975,16.5301
168,1976,16.5301
168,1977,16.5301
168,1978,16.5301
168,1979,16.5301
168,1980,115.7108
168,1981,66.1205
168,1982,66.1205
168,1983,49.5904
168,1984,66.1205
168,1985,82.6506
168,1986,66.1205
168,1987,82.6506
168,1988,66.1205
168,1989,66.1205
168,1990,66.1205
168,1991,66.1205
168,1992,66.1205
168,1993,82.6506
168,1994,82.6506
168,1995,82.6506
168,1996,99.1807
168,1997,99.1807
168,1998,115.7108
168,1999,132.241
168,2000,132.241
168,2001,148.7711
168,2002,165.3012
168,2003,165.3012
168,2004,181.8313
168,2005,181.8313
168,2006,181.8313
168,2007,181.8313
168,2008,198.3614
168,2009,198.3614
168,2010,214.8916
168,2011,231.4217
168,2012,247.9518
168,2013,247.9518
168,2014,247.9518
168,2015,247.9518
168,2016,264.4819
168,2017,264.4819
168,2018,281.012
168,2019,281.012
168,2030,380.9531
168,2050,720.9447
169,1961,8562.6022
169,1962,9025.4455
169,1963,9256.8672
169,1964,9488.2889
169,1965,9951.1322
169,1966,10413.9756
169,1967,10876.819
169,1968,9256.8672
169,1969,8099.7588
169,1970,7174.0721
169,1971,6711.2287
169,1972,8331.1805
169,1973,9025.4455
169,1974,9488.2889
169,1975,9951.1322
169,1976,9719.7106
169,1977,9719.7106
169,1978,9951.1322
169,1979,9951.1322
169,1980,11108.2406
169,1981,11802.5057
169,1982,12265.349
169,1983,12265.349
169,1984,12496.7707
169,1985,12496.7707
169,1986,12959.6141
169,1987,13653.8791
169,1988,13885.3008
169,1989,14116.7225
169,1990,14348.1442
169,1991,15968.0959
169,1992,16199.5176
169,1993,20133.6862
169,1994,20596.5295
169,1995,19902.2645
169,1996,19670.8428
169,1997,20365.1078
169,1998,20827.9512
169,1999,20827.9512
169,2000,20827.9512
169,2001,21985.0596
169,2002,21985.0596
169,2003,23142.168
169,2004,24299.2764
169,2005,25456.3848
169,2006,25456.3848
169,2007,34713.252
169,2008,41424.4807
169,2009,42813.0108
169,2010,43970.1192
169,2011,45127.2276
169,2012,46284.336
169,2013,46747.1794
169,2014,46978.601
169,2015,47441.4444
169,2016,50218.5046
169,2017,50912.7696
169,2018,51838.4563
169,2019,52532.7214
169,2030,52898.8305
169,2050,83624.6869
171,1961,9807.8712
171,1962,17899.3649
171,1963,24519.678
171,1964,22803.3005
171,1965,23048.4973
171,1966,31139.9911
171,1967,29178.4168
171,1968,31875.5814
171,1969,30404.4007
171,1970,34572.746
171,1971,31875.5814
171,1972,33101.5653
171,1973,34327.5492
171,1974,36779.517
171,1975,38986.288
171,1976,41438.2558
171,1977,43645.0268
171,1978,46587.3882
171,1979,49039.356
171,1980,50265.3399
171,1981,51491.3238
171,1982,53943.2916
171,1983,58847.2272
171,1984,58847.2272
171,1985,58847.2272
171,1986,63751.1628
171,1987,68655.0984
171,1988,73559.034
171,1989,85818.873
171,1990,90722.8086
171,1991,95626.7442
171,1992,98078.712
171,1993,102982.6476
171,1994,110338.551
171,1995,112790.5188
171,1996,115242.4866
171,1997,117694.4544
171,1998,117694.4544
171,1999,122598.39
171,2000,122598.39
171,2001,122598.39
171,2002,122598.39
171,2003,122598.39
171,2004,137310.1968
171,2005,147118.068
171,2006,142214.1324
171,2007,139271.771
171,2008,139762.1646
171,2009,140988.1485
171,2010,139762.1646
171,2011,139762.1646
171,2012,140988.1485
171,2013,139762.1646
171,2014,139762.1646
171,2015,140252.5582
171,2016,143930.5099
171,2017,143194.9195
171,2018,143685.3131
171,2019,144175.7066
171,2030,237027.8041
171,2050,456717.989
173,1961,4457.6224
173,1962,4408.032
173,1963,7377.9436
173,1964,8066.6986
173,1965,8116.2889
173,1966,8171.3893
173,1967,8518.5218
173,1968,8628.7226
173,1969,9196.2568
173,1970,8997.8953
173,1971,9196.2568
173,1972,9515.8391
173,1973,9940.1122
173,1974,9581.9596
173,1975,9951.1322
173,1976,6336.546
173,1977,3272.9638
173,1978,3432.7549
173,1979,3884.5782
173,1980,2760.53
173,1981,2231.5662
173,1982,2490.5381
173,1983,2832.1606
173,1984,3217.8634
173,1985,3311.534
173,1986,3383.1646
173,1987,3278.4738
173,1988,2909.3011
173,1989,3019.5019
173,1990,4722.1043
173,1991,4452.1123
173,1992,4667.0039
173,1993,4936.9958
173,1994,5890.2328
173,1995,5036.1766
173,1996,2507.0682
173,1997,2600.7389
173,1998,3702.7469
173,1999,3928.6585
173,2000,4419.0521
173,2001,4286.8111
173,2002,63541.7813
173,2003,31170.2963
173,2004,24602.3286
173,2005,27594.2803
173,2006,37771.3242
173,2007,36823.5973
173,2008,35098.9548
173,2009,46796.7697
173,2010,55822.2152
173,2011,45044.577
173,2012,50449.9262
173,2013,44967.4364
173,2014,52064.368
173,2015,56863.6128
173,2016,64500.5282
173,2017,67376.7691
173,2018,78093.7969
173,2019,85912.5437
173,2030,32915.5463
173,2050,29904.2709
174,1974,3857.028
174,1975,3857.028
174,1976,6061.044
174,1977,9918.072
174,1978,9918.072
174,1979,19836.144
174,1980,25346.184
174,1981,38570.28
174,1982,35264.256
174,1983,38570.28
174,1984,37468.272
174,1985,41876.304
174,1986,46284.336
174,1987,53998.392
174,1988,53998.392
174,1989,57855.42
174,1990,57855.42
174,1991,57855.42
174,1992,57855.42
174,1993,59508.432
174,1994,59508.432
174,1995,59508.432
174,1996,71630.52
174,1997,77140.56
174,1998,77140.56
174,1999,82650.6
174,2000,82650.6
174,2001,77140.56
174,2002,77140.56
174,2003,66120.48
174,2004,77140.56
174,2005,77140.56
174,2006,79344.576
174,2007,82650.6
174,2008,79344.576
174,2009,74936.544
174,2010,71630.52
174,2011,70528.512
174,2012,71079.516
174,2013,70528.512
174,2014,71630.52
174,2015,71707.6606
174,2016,71399.0983
174,2017,70528.512
174,2030,77026.5683
174,2050,69979.8002
181,1961,5802.0721
181,1962,5802.0721
181,1963,5802.0721
181,1964,5802.0721
181,1965,5802.0721
181,1966,5802.0721
181,1967,6248.3854
181,1968,6248.3854
181,1969,6694.6986
181,1970,6694.6986
181,1971,6248.3854
181,1972,5802.0721
181,1973,5802.0721
181,1974,4909.4456
181,1975,6694.6986
181,1976,3570.5059
181,1977,1785.253
181,1978,2677.8794
181,1979,2677.8794
181,1980,3124.1927
181,1981,3124.1927
181,1982,3124.1927
181,1983,3570.5059
181,1984,3570.5059
181,1985,3570.5059
181,1986,3570.5059
181,1987,3570.5059
181,1988,6248.3854
181,1989,6248.3854
181,1990,8033.6383
181,1991,8033.6383
181,1992,9818.8913
181,1993,7141.0118
181,1994,8033.6383
181,1995,8033.6383
181,1996,7141.0118
181,1997,7587.3251
181,1998,8479.9516
181,1999,8926.2648
181,2000,9372.578
181,2001,9818.8913
181,2002,9818.8913
181,2003,10711.5178
181,2004,10711.5178
181,2005,11157.831
181,2006,11604.1442
181,2007,11604.1442
181,2008,12050.4575
181,2009,12050.4575
181,2010,12496.7707
181,2011,12496.7707
181,2012,12496.7707
181,2013,12496.7707
181,2014,12496.7707
181,2015,12943.084
181,2016,12943.084
181,2017,12943.084
181,2018,13389.3972
181,2019,13389.3972
181,2030,28414.0861
181,2050,41578.0951
182,1986,4463.1324
182,1987,17406.2164
182,1988,19637.7826
182,1989,23208.2885
182,1990,64715.4198
182,1991,125860.3337
182,1992,121843.5145
182,1993,120504.5748
182,1994,120504.5748
182,1995,120504.5748
182,1996,120504.5748
182,1997,120504.5748
182,1998,116041.4424
182,1999,116041.4424
182,2000,116041.4424
182,2001,116041.4424
182,2002,111578.31
182,2003,111578.31
182,2004,111578.31
182,2005,107115.1776
182,2006,107115.1776
182,2007,102652.0452
182,2008,100866.7922
182,2009,102652.0452
182,2010,104883.6114
182,2011,107115.1776
182,2012,109346.7438
182,2013,109346.7438
182,2014,108007.8041
182,2015,108007.8041
182,2016,108454.1173
182,2017,108454.1173
182,2018,108454.1173
182,2019,108007.8041
182,2030,221300.4032
182,2050,418803.3845
183,1961,4187.6304
183,1962,4959.036
183,1963,3746.8272
183,1964,4187.6304
183,1965,4408.032
183,1966,4363.9517
183,1967,5300.6585
183,1968,6204.305
183,1969,5697.3814
183,1970,6920.6102
183,1971,7455.0841
183,1972,7984.048
183,1973,9036.4656
183,1974,8816.064
183,1975,9367.068
183,1976,8265.06
183,1977,9918.072
183,1978,9367.068
183,1979,9918.072
183,1980,8265.06
183,1981,9367.068
183,1982,10711.5178
183,1983,5124.3372
183,1984,5510.04
183,1985,5510.04
183,1986,6061.044
183,1987,6612.048
183,1988,5510.04
183,1989,5510.04
183,1990,4959.036
183,1991,5234.538
183,1992,5510.04
183,1993,4959.036
183,1994,4959.036
183,1995,4518.2328
183,1996,5151.8874
183,1997,5069.2368
183,1998,4959.036
183,1999,4738.6344
183,2000,4683.534
183,2001,4738.6344
183,2002,4738.6344
183,2003,4738.6344
183,2004,4959.036
183,2005,5510.04
183,2006,5510.04
183,2007,5510.04
183,2008,5510.04
183,2009,5510.04
183,2010,5510.04
183,2011,5510.04
183,2012,5510.04
183,2013,5510.04
183,2014,5510.04
183,2015,5499.0199
183,2016,5510.04
183,2017,5521.0601
183,2030,5324.4178
183,2050,4837.3137
185,1992,19285.14
185,1993,27550.2
185,1994,27550.2
185,1995,16530.12
185,1996,14326.104
185,1997,13775.1
185,1998,11020.08
185,1999,13224.096
185,2000,11020.08
185,2001,13775.1
185,2002,16530.12
185,2003,13775.1
185,2004,15202.2004
185,2005,14612.6261
185,2006,13896.3209
185,2007,10303.7748
185,2008,10783.1483
185,2009,11179.8712
185,2010,12050.4575
185,2011,12375.5498
185,2012,12948.594
185,2013,13659.3892
185,2014,13604.2888
185,2015,14568.5458
185,2016,48141.2195
185,2017,48499.3721
185,2018,49375.4684
185,2019,47766.5368
185,2030,30541.9093
185,2050,30690.5757
186,1992,7174.0721
186,1993,6501.8472
186,1994,6061.044
186,1995,7163.052
186,1996,7383.4536
186,1997,7383.4536
186,1998,7383.4536
186,1999,7383.4536
186,2000,7383.4536
186,2001,7383.4536
186,2002,7383.4536
186,2003,7383.4536
186,2004,7383.4536
186,2005,7714.056
19,1961,14810.9875
19,1962,20365.1078
19,1963,22447.903
19,1964,22447.903
19,1965,22679.3246
19,1966,22679.3246
19,1967,22910.7463
19,1968,22910.7463
19,1969,22679.3246
19,1970,22910.7463
19,1971,22679.3246
19,1972,23142.168
19,1973,23142.168
19,1974,23142.168
19,1975,23142.168
19,1976,23142.168
19,1977,23142.168
19,1978,24299.2764
19,1979,24762.1198
19,1980,25224.9631
19,1981,25224.9631
19,1982,25687.8065
19,1983,27770.6016
19,1984,27770.6016
19,1985,27770.6016
19,1986,30084.8184
19,1987,30084.8184
19,1988,32399.0352
19,1989,32399.0352
19,1990,33556.1436
19,1991,33556.1436
19,1992,34713.252
19,1993,34713.252
19,1994,34713.252
19,1995,34713.252
19,1996,34713.252
19,1997,34713.252
19,1998,34713.252
19,1999,34713.252
19,2000,34713.252
19,2001,34713.252
19,2002,34713.252
19,2003,35870.3604
19,2004,35870.3604
19,2005,35870.3604
19,2006,35870.3604
19,2007,35870.3604
19,2008,35870.3604
19,2009,35870.3604
19,2010,35870.3604
19,2011,35870.3604
19,2012,35870.3604
19,2013,35870.3604
19,2014,36333.2038
19,2015,36333.2038
19,2016,36333.2038
19,2017,36333.2038
19,2018,36333.2038
19,2019,36333.2038
19,2030,48836.4543
19,2050,67363.1483
193,1961,892.6265
193,1962,892.6265
193,1963,892.6265
193,1964,892.6265
193,1965,892.6265
193,1966,892.6265
193,1967,892.6265
193,1968,892.6265
193,1969,892.6265
193,1970,892.6265
193,1971,892.6265
193,1972,892.6265
193,1973,892.6265
193,1974,892.6265
193,1975,892.6265
193,1976,892.6265
193,1977,892.6265
193,1978,892.6265
193,1979,892.6265
193,1980,892.6265
193,1981,1338.9397
193,1982,892.6265
193,1983,892.6265
193,1984,892.6265
193,1985,892.6265
193,1986,892.6265
193,1987,892.6265
193,1988,892.6265
193,1989,892.6265
193,1990,446.3132
193,1991,446.3132
193,1992,446.3132
193,1993,446.3132
193,1994,446.3132
193,1995,446.3132
193,1996,446.3132
193,1997,892.6265
193,1998,892.6265
193,1999,892.6265
193,2000,892.6265
193,2001,892.6265
193,2002,892.6265
193,2003,892.6265
193,2004,892.6265
193,2005,892.6265
193,2006,892.6265
193,2007,892.6265
193,2008,892.6265
193,2009,892.6265
193,2010,1338.9397
193,2011,1338.9397
193,2012,1338.9397
193,2013,1338.9397
193,2014,1338.9397
193,2015,1338.9397
193,2016,1338.9397
193,2017,1338.9397
193,2018,1338.9397
193,2019,1338.9397
193,2030,1870.0525
193,2050,3539.264
198,1992,5510.04
198,1993,5289.6384
198,1994,4408.032
198,1995,3857.028
198,1996,3085.6224
198,1997,3217.8634
198,1998,3140.7228
198,1999,3030.522
198,2000,2865.2208
198,2001,2777.0602
198,2002,2766.0401
198,2003,4595.3734
198,2004,2303.1967
198,2005,1432.6104
198,2006,1487.7108
198,2007,1212.2088
198,2008,1741.1726
198,2009,1597.9116
198,2010,1035.8875
198,2011,760.3855
198,2012,1057.9277
198,2013,1223.2289
198,2014,1057.9277
198,2015,1333.4297
198,2016,1190.1686
198,2017,1719.1325
198,2018,1630.9718
198,2019,1641.9919
198,2030,1331.1044
198,2050,1209.3326
199,1993,1046.9076
199,1994,826.506
199,1995,881.6064
199,1996,1327.9196
199,1997,947.7269
199,1998,1256.2891
199,1999,1322.4096
199,2000,1041.3976
199,2001,1162.6184
199,2002,1923.004
199,2003,1570.3614
199,2004,898.1365
199,2005,920.1767
199,2006,991.8072
199,2007,903.6466
199,2008,881.6064
199,2009,694.265
199,2010,677.7349
199,2011,639.1646
199,2012,677.7349
199,2013,721.8152
199,2014,765.8956
199,2015,650.1847
199,2016,694.265
199,2017,749.3654
199,2018,859.5662
199,2019,688.755
199,2030,906.925
199,2050,823.9549
202,1961,89262.648
202,1962,91494.2142
202,1963,93725.7804
202,1964,95957.3466
202,1965,98188.9128
202,1966,124967.7072
202,1967,102652.0452
202,1968,104883.6114
202,1969,107115.1776
202,1970,109793.057
202,1971,112024.6232
202,1972,114256.1894
202,1973,116487.7556
202,1974,118273.0086
202,1975,118273.0086
202,1976,118273.0086
202,1977,118273.0086
202,1978,118273.0086
202,1979,119165.6351
202,1980,120504.5748
202,1981,122736.141
202,1982,124967.7072
202,1983,127199.2734
202,1984,129430.8396
202,1985,131662.4058
202,1986,131662.4058
202,1987,133893.972
202,1988,136125.5382
202,1989,138357.1044
202,1990,138357.1044
202,1991,140588.6706
202,1992,140588.6706
202,1993,140588.6706
202,1994,142820.2368
202,1995,145051.803
202,1996,147283.3692
202,1997,149514.9354
202,1998,151746.5016
202,1999,153978.0678
202,2000,151746.5016
202,2001,153085.4413
202,2002,169599.0312
202,2003,182988.4284
202,2004,223156.62
202,2005,223156.62
202,2006,223156.62
202,2007,223156.62
202,2008,227619.7524
202,2009,229851.3186
202,2010,232082.8848
202,2011,232082.8848
202,2012,234314.451
202,2013,236546.0172
202,2014,236546.0172
202,2015,236546.0172
202,2016,240562.8364
202,2017,240116.5231
202,2018,241009.1496
202,2019,242348.0893
202,2030,371947.6353
202,2050,419541.5866
203,1961,2611.759
203,1962,2578.6987
203,1963,3636.6264
203,1964,3482.3453
203,1965,3283.9838
203,1966,4551.293
203,1967,5278.6183
203,1968,5333.7187
203,1969,5664.3211
203,1970,5025.1565
203,1971,4738.6344
203,1972,4936.9958
203,1973,5642.281
203,1974,5664.3211
203,1975,5432.8994
203,1976,4760.6746
203,1977,4727.6143
203,1978,4463.1324
203,1979,5950.8432
203,1980,7163.052
203,1981,7714.056
203,1982,8265.06
203,1983,8265.06
203,1984,8816.064
203,1985,9918.072
203,1986,9929.0921
203,1987,10469.076
203,1988,10799.6784
203,1989,11791.4856
203,1990,14877.108
21,1961,161532.3326
21,1962,170094.9348
21,1963,185368.7657
21,1964,198096.9581
21,1965,216147.8491
21,1966,235587.2702
21,1967,242529.9206
21,1968,250398.2578
21,1969,259192.2816
21,1970,263820.7152
21,1971,266134.932
21,1972,300848.184
21,1973,335561.436
21,1974,423733.0961
21,1975,458446.3481
21,1976,343198.3514
21,1977,376060.23
21,1978,403367.9882
21,1979,455206.4446
21,1980,479505.721
21,1981,636178.1983
21,1982,627384.1745
21,1983,683156.7994
21,1984,742863.5928
21,1985,771791.3028
21,1986,837977.9033
21,1987,864822.8182
21,1988,884725.0826
21,1989,1064539.728
21,1990,1087681.896
21,1991,1110824.064
21,1992,1133966.232
21,1993,1226534.904
21,1994,1319103.576
21,1995,1388530.08
21,1996,1550525.256
21,1997,1735662.6
21,1998,1897657.776
21,1999,2013368.616
21,2000,2429927.64
21,2001,2915913.168
21,2002,3101050.512
21,2003,3425040.864
21,2004,3749031.216
21,2005,3749031.216
21,2006,3887884.224
21,2007,5091276.96
21,2008,5947537.176
21,2009,5970679.344
21,2010,6225243.192
21,2011,6271527.528
21,2012,6549233.544
21,2013,6688086.552
21,2014,6688086.552
21,2015,6702203.2745
21,2016,7515881.9014
21,2017,7597110.911
21,2018,7806778.9531
21,2019,8016678.4169
21,2030,5661509.005
21,2050,6074337.7429
210,1961,771.4056
210,1962,771.4056
210,1963,958.747
210,1964,1267.3092
210,1965,1884.4337
210,1966,2677.8794
210,1967,2755.02
210,1968,2810.1204
210,1969,2865.2208
210,1970,2810.1204
210,1971,2865.2208
210,1972,2865.2208
210,1973,2865.2208
210,1974,3085.6224
210,1975,3140.7228
210,1976,2865.2208
210,1977,2755.02
210,1978,3085.6224
210,1979,3085.6224
210,1980,3140.7228
210,1981,3140.7228
210,1982,3140.7228
210,1983,3140.7228
210,1984,3085.6224
210,1985,3085.6224
210,1986,3140.7228
210,1987,3140.7228
210,1988,3195.8232
210,1989,3195.8232
210,1990,3195.8232
210,1991,3206.8433
210,1992,3217.8634
210,1993,1917.4939
210,1994,2204.016
210,1995,2204.016
210,1996,2204.016
210,1997,2204.016
210,1998,1653.012
210,1999,1322.4096
210,2000,1653.012
210,2001,2204.016
210,2002,2204.016
210,2003,2204.016
210,2004,2204.016
210,2005,1344.4498
210,2006,1212.2088
210,2007,1113.0281
210,2008,1223.2289
210,2009,1234.249
210,2010,1278.3293
210,2011,1476.6907
210,2012,1201.1887
210,2013,881.6064
210,2014,914.6666
210,2015,914.6666
210,2016,936.7068
210,2017,1102.008
210,2030,1182.0248
210,2050,1073.8848
211,1990,6612.048
211,1991,1653.012
211,1992,1763.2128
211,1993,1741.1726
211,1994,1741.1726
211,1995,1719.1325
211,1996,1917.4939
211,1997,2027.6947
211,1998,1741.1726
211,1999,1708.1124
211,2000,1906.4738
211,2001,1355.4698
211,2002,1366.4899
211,2003,1476.6907
211,2004,1531.7911
211,2005,1454.6506
211,2006,1509.751
211,2007,1234.249
211,2008,595.0843
211,2009,573.0442
211,2010,639.1646
211,2011,639.1646
211,2012,562.0241
211,2013,606.1044
211,2014,628.1446
211,2015,539.9839
211,2016,782.4257
211,2017,848.5462
211,2018,925.6867
211,2019,826.506
211,2030,1986.7441
211,2050,2456.442
212,1961,74330.4396
212,1962,85284.3991
212,1963,92717.4431
212,1964,101324.1256
212,1965,89587.7404
212,1966,94282.2944
212,1967,106801.1053
212,1968,95064.7201
212,1969,93891.0816
212,1970,102106.5512
212,1971,100541.6999
212,1972,89587.7404
212,1973,92717.4431
212,1974,112669.2979
212,1975,131838.7271
212,1976,127144.173
212,1977,129882.6629
212,1978,133403.5784
212,1979,132229.9399
212,1980,130273.8757
212,1981,141227.8352
212,1982,149443.3049
212,1983,134186.0041
212,1984,121275.9804
212,1985,90761.3789
212,1986,84893.1863
212,1987,88414.1018
212,1988,89196.5275
212,1989,98194.4228
212,1990,101324.1256
212,1991,96629.5715
212,1992,100150.487
212,1993,100541.6999
212,1994,107583.531
212,1995,111886.8722
212,1996,111886.8722
212,1997,108757.1695
212,1998,103671.4026
212,1999,99759.2742
212,2000,98585.6357
212,2001,89978.9532
212,2002,92326.2302
212,2003,90761.3789
212,2004,93499.8688
212,2005,86849.2505
212,2006,84501.9734
212,2007,91543.8046
212,2008,93891.0816
212,2009,89587.7404
212,2010,89978.9532
212,2011,85284.3991
212,2012,80589.845
212,2013,76286.5038
212,2014,73548.0139
212,2015,70418.3112
212,2016,66897.3956
212,2017,62594.0544
212,2018,63767.6929
212,2019,58290.7132
212,2030,375466.5232
212,2050,636244.699
213,1992,73559.034
213,1993,73559.034
213,1994,49039.356
213,1995,49039.356
213,1996,73559.034
213,1997,73559.034
213,1998,61299.195
213,1999,61299.195
213,2000,61299.195
213,2001,49039.356
213,2002,49039.356
213,2003,49039.356
213,2004,49039.356
213,2005,49039.356
213,2006,49039.356
213,2007,49039.356
213,2008,147118.068
213,2009,122598.39
213,2010,122598.39
213,2011,122598.39
213,2012,122598.39
213,2013,122598.39
213,2014,122598.39
213,2015,121372.4061
213,2016,123333.9803
213,2017,126766.7353
213,2018,128483.1127
213,2019,130444.687
213,2030,85248.0549
213,2050,114447.3134
214,1961,76501.3954
214,1962,80669.7406
214,1963,81160.1342
214,1964,85573.6762
214,1965,90232.415
214,1966,100530.6798
214,1967,110338.551
214,1968,117204.0608
214,1969,123088.7836
214,1970,127992.7192
214,1971,133877.4419
214,1972,134613.0322
214,1973,147853.6583
214,1974,148589.2487
214,1975,156680.7424
214,1976,165507.8265
214,1977,172128.1396
214,1978,170411.7621
214,1979,172373.3363
214,1980,173108.9267
214,1981,165507.8265
214,1982,156435.5456
214,1983,157661.5295
214,1984,157906.7263
214,1985,146382.4777
214,1986,136819.8032
214,1987,138045.7871
214,1988,129709.0966
214,1989,113771.3059
214,1990,96852.7281
214,1991,85573.6762
214,1992,69635.8855
214,1993,65467.5403
214,1994,65712.737
214,1995,52717.3077
214,1996,50020.1431
214,1997,44135.4204
214,1998,51736.5206
214,1999,56150.0626
214,2000,64241.5564
214,2001,61544.3918
214,2002,57621.2433
214,2003,46832.585
214,2004,45606.6011
214,2005,48303.7657
214,2006,43890.2236
214,2007,39967.0751
214,2008,38250.6977
214,2009,36043.9267
214,2010,32365.975
214,2011,32120.7782
214,2012,34082.3524
214,2013,27707.2361
214,2014,28933.22
214,2015,27216.8426
214,2016,25010.0716
214,2017,19860.9392
214,2018,20351.3327
214,2019,22067.7102
214,2030,51775.5069
214,2050,59409.4634
222,1984,44631.324
222,1985,89262.648
222,1986,133893.972
222,1987,178525.296
222,1988,226727.1259
222,1989,333395.9903
222,1990,411500.8073
222,1991,419534.4456
222,1992,669469.86
222,1993,1046604.5478
222,1994,1197012.1097
222,1995,1160414.424
222,1996,1216203.579
222,1997,1459444.2948
222,1998,1400084.6339
222,1999,1554955.3282
222,2000,1900401.7759
222,2001,2131592.0342
222,2002,1950388.8588
222,2003,1723661.7329
222,2004,2190059.0687
222,2005,2309224.7038
222,2006,1993234.9298
222,2007,2812219.7252
222,2008,2850602.6639
222,2009,3000117.5993
222,2010,3534354.5476
222,2011,3091611.8135
222,2012,4480538.6164
222,2013,4422964.2084
222,2014,4746541.3074
222,2015,4893378.3634
222,2016,5197763.993
222,2017,5122337.0555
222,2018,5332996.9048
222,2019,5551244.0791
222,2030,4142129.1895
222,2050,5666976.2264
223,1961,655281.507
223,1962,659976.0611
223,1963,671321.2334
223,1964,668191.5307
223,1965,652934.23
223,1966,685013.6828
223,1967,702618.2606
223,1968,693620.3653
223,1969,764821.1022
223,1970,791423.5753
223,1971,775775.0617
223,1972,812940.2815
223,1973,848540.65
223,1974,918567.7483
223,1975,917785.3226
223,1976,881011.3157
223,1977,974902.3973
223,1978,992506.9751
223,1979,978032.1
223,1980,1058230.7322
223,1981,1121215.9994
223,1982,1136864.513
223,1983,1201805.8445
223,1984,1237015.0001
223,1985,1286307.8179
223,1986,1296870.5646
223,1987,1254619.5779
223,1988,1152513.0266
223,1989,1163466.9862
223,1990,1213151.0168
223,1991,1225669.8277
223,1992,1303912.3957
223,1993,1306650.8856
223,1994,1346554.5953
223,1995,1287481.4564
223,1996,1198676.1418
223,1997,2084382.0115
223,1998,1488564.8562
223,1999,1472133.9169
223,2000,1440445.6769
223,2001,1273006.5814
223,2002,1209630.1013
223,2003,1562504.083
223,2004,1526512.5017
223,2005,1446313.8695
223,2006,1262443.8347
223,2007,1046494.347
223,2008,1263617.4732
223,2009,1077791.3742
223,2010,1150948.1753
223,2011,1002678.5089
223,2012,1080138.6512
223,2013,1144297.557
223,2014,1169726.3916
223,2015,1106349.9115
223,2016,1245230.4697
223,2017,1514776.1165
223,2018,1581673.5121
223,2019,1776497.5064
223,2030,2061751.1312
223,2050,2685000.1308
228,1961,374682.72
228,1962,299195.172
228,1963,212136.54
228,1964,123424.896
228,1965,93516.3989
228,1966,91670.5355
228,1967,71999.6927
228,1968,65822.9378
228,1969,67332.6888
228,1970,101258.0051
228,1971,174381.7459
228,1972,179522.6132
228,1973,159262.1962
228,1974,181721.1192
228,1975,209381.52
228,1976,115710.84
228,1977,220401.6
228,1978,303052.2
228,1979,330602.4
228,1980,352642.56
228,1981,358152.6
228,1982,341622.48
228,1983,336112.44
228,1984,341622.48
228,1985,309664.248
228,1986,306358.224
228,1987,269991.96
228,1988,264481.92
228,1989,258971.88
228,1990,208830.516
228,1991,206626.5
229,1961,43859.9184
229,1962,37104.6094
229,1963,42019.565
229,1964,42934.2317
229,1965,48818.9544
229,1966,43760.7377
229,1967,44664.3842
229,1968,47981.4283
229,1969,49303.8379
229,1970,52852.3037
229,1971,50152.3841
229,1972,58274.183
229,1973,71795.8212
229,1974,68258.3755
229,1975,55122.4402
229,1976,65073.5724
229,1977,56290.5686
229,1978,59243.9501
229,1979,70076.6887
229,1980,71839.9015
229,1981,90000.9934
229,1982,84546.0538
229,1983,90342.6158
229,1984,78617.2507
229,1985,86661.9091
229,1986,98651.7562
229,1987,97417.5072
229,1988,103621.8122
229,1989,106101.3302
229,1990,105748.6877
229,1991,107544.9607
229,1992,112426.8562
229,1993,112680.318
229,1994,133409.0885
229,1995,136737.1526
229,1996,145465.056
229,1997,144363.048
229,1998,133342.968
229,1999,116812.848
229,2000,134610.2772
229,2001,141090.0842
229,2002,123347.7554
229,2003,82893.0418
229,2004,80413.5238
229,2005,76424.2548
229,2006,67475.9498
229,2007,42228.9466
229,2008,60764.7211
229,2009,48488.352
229,2010,42978.312
229,2011,43308.9144
229,2012,41292.2398
229,2013,45182.328
229,2014,41876.304
229,2015,47386.344
229,2016,46284.336
229,2017,45182.328
229,2018,45182.328
229,2019,42978.312
229,2030,59952.9379
229,2050,54468.145
23,1961,2314.2168
23,1962,2314.2168
23,1963,2314.2168
23,1964,2545.6385
23,1965,2777.0602
23,1966,2777.0602
23,1967,3008.4818
23,1968,3008.4818
23,1969,3008.4818
23,1970,3008.4818
23,1971,3008.4818
23,1972,3008.4818
23,1973,3008.4818
23,1974,3239.9035
23,1975,3239.9035
23,1976,3239.9035
23,1977,3239.9035
23,1978,3471.3252
23,1979,3471.3252
23,1980,3471.3252
23,1981,3471.3252
23,1982,3471.3252
23,1983,3471.3252
23,1984,3471.3252
23,1985,3471.3252
23,1986,3471.3252
23,1987,3471.3252
23,1988,3471.3252
23,1989,3471.3252
23,1990,3471.3252
23,1991,3471.3252
23,1992,3471.3252
23,1993,3471.3252
23,1994,3471.3252
23,1995,3471.3252
23,1996,3471.3252
23,1997,3471.3252
23,1998,4165.5902
23,1999,5785.542
23,2000,5554.1203
23,2001,7405.4938
23,2002,8331.1805
23,2003,6942.6504
23,2004,6479.807
23,2005,6942.6504
23,2006,7636.9154
23,2007,6248.3854
23,2008,7636.9154
23,2009,10645.3973
23,2010,10413.9756
23,2011,10645.3973
23,2012,10645.3973
23,2013,10876.819
23,2014,10645.3973
23,2015,10876.819
23,2016,12033.9274
23,2017,12033.9274
23,2018,12265.349
23,2019,12728.1924
23,2030,14545.5469
23,2050,27526.9146
230,1992,17296.0156
230,1993,15240.7706
230,1994,14552.0156
230,1995,13031.2446
230,1996,12325.9595
230,1997,12177.1884
230,1998,11901.6864
230,1999,12595.9514
230,2000,12485.7506
230,2001,12518.8109
230,2002,12943.084
230,2003,13576.7386
230,2004,12761.2526
230,2005,13036.7546
230,2006,10375.4053
230,2007,12287.3892
230,2008,11444.3531
230,2009,12188.2085
230,2010,9978.6824
230,2011,10380.9154
230,2012,9598.4897
230,2013,9780.321
230,2014,10915.3892
230,2015,11653.7346
230,2016,10055.823
230,2017,8678.313
230,2018,10750.088
230,2019,9405.6383
230,2030,19386.8884
230,2050,27750.231
231,1961,592307.2598
231,1962,506025.5435
231,1963,517111.744
231,1964,555918.9557
231,1965,582427.7581
231,1966,640735.0014
231,1967,695995.1926
231,1968,586885.3805
231,1969,586979.0512
231,1970,639930.5356
231,1971,659314.8563
231,1972,708943.7866
231,1973,728598.0992
231,1974,726823.8664
231,1975,684154.1166
231,1976,771521.3108
231,1977,751514.3556
231,1978,765559.4476
231,1979,862084.3283
231,1980,910495.5397
231,1981,941533.595
231,1982,911713.2586
231,1983,940690.5589
231,1984,943847.8118
231,1985,1021710.1871
231,1986,1141856.6093
231,1987,1324822.9975
231,1988,1335749.4068
231,1989,1440291.3958
231,1990,1556283.2478
231,1991,1569865.4964
231,1992,1597250.3952
231,1993,1584963.006
231,1994,1579094.8134
231,1995,1610893.2542
231,1996,1667960.7385
231,1997,1659905.06
231,1998,1573683.9541
231,1999,1488768.7277
231,2000,1490278.4786
231,2001,1502367.5064
231,2002,1517889.2891
231,2003,1485264.3422
231,2004,1410498.6095
231,2005,1375669.6466
231,2006,1412410.5934
231,2007,1470232.9531
231,2008,1504725.8035
231,2009,1362957.9844
231,2010,1345485.6475
231,2011,1369244.94
231,2012,1396795.14
231,2013,1322409.6
231,2014,1308634.5
231,2015,1284390.324
231,2016,1344449.76
231,2017,1351061.808
231,2018,1311389.52
231,2019,1261799.16
231,2030,1712368.0959
231,2050,1957458.3724
234,1961,28233.445
234,1962,25456.3848
234,1963,23142.168
234,1964,20827.9512
234,1965,18513.7344
234,1966,17125.2043
234,1967,15505.2526
234,1968,16199.5176
234,1969,18513.7344
234,1970,21290.7946
234,1971,20827.9512
234,1972,19670.8428
234,1973,20365.1078
234,1974,20827.9512
234,1975,21290.7946
234,1976,21753.6379
234,1977,21753.6379
234,1978,22216.4813
234,1979,22679.3246
234,1980,22679.3246
234,1981,23142.168
234,1982,23142.168
234,1983,23142.168
234,1984,23142.168
234,1985,23142.168
234,1986,24299.2764
234,1987,24299.2764
234,1988,25456.3848
234,1989,25456.3848
234,1990,25456.3848
234,1991,25456.3848
234,1992,25456.3848
234,1993,26613.4932
234,1994,26613.4932
234,1995,26613.4932
234,1996,26613.4932
234,1997,26613.4932
234,1998,26613.4932
234,1999,26613.4932
234,2000,26613.4932
234,2001,27770.6016
234,2002,27770.6016
234,2003,27770.6016
234,2004,27770.6016
234,2005,27770.6016
234,2006,27770.6016
234,2007,27770.6016
234,2008,30084.8184
234,2009,30084.8184
234,2010,30084.8184
234,2011,30084.8184
234,2012,30084.8184
234,2013,30084.8184
234,2014,30084.8184
234,2015,30316.2401
234,2016,30779.0834
234,2017,30779.0834
234,2018,31010.5051
234,2019,31241.9268
234,2030,37212.8376
234,2050,44434.8139
235,1992,294236.136
235,1993,289577.3972
235,1994,167959.7943
235,1995,152022.0036
235,1996,90722.8086
235,1997,114997.2898
235,1998,68409.9016
235,1999,82140.9213
235,2000,103227.8444
235,2001,100530.6798
235,2002,105189.4186
235,2003,87044.8569
235,2004,116713.6673
235,2005,81895.7245
235,2006,107886.5832
235,2007,119656.0286
235,2008,114997.2898
235,2009,123824.3739
235,2010,111074.1413
235,2011,122598.39
235,2012,151531.61
235,2013,167959.7943
235,2014,162565.4651
235,2015,165753.0233
235,2016,159132.7102
235,2017,154964.365
235,2018,160358.6941
235,2019,165507.8265
235,2030,179305.0493
235,2050,240720.958
248,1961,9543.3893
248,1962,9356.0479
248,1963,5058.2167
248,1964,5366.779
248,1965,6931.6303
248,1966,8904.2246
248,1967,9907.0519
248,1968,9510.329
248,1969,8595.6624
248,1970,9896.0318
248,1971,12397.59
248,1972,11317.6222
248,1973,14094.6823
248,1974,15670.5538
248,1975,15758.7144
248,1976,21103.4532
248,1977,22899.7262
248,1978,23296.4491
248,1979,17621.1079
248,1980,18072.9312
248,1981,18822.2966
248,1982,19318.2002
248,1983,23031.9672
248,1984,24299.2764
248,1985,21731.5978
248,1986,19075.7585
248,1987,20739.7906
248,1988,20387.148
248,1989,19395.3408
248,1990,19042.6982
248,1991,18734.136
255,2000,2755.02
255,2001,3085.6224
255,2002,2755.02
255,2003,2755.02
255,2004,2788.0802
255,2005,2369.3172
255,2006,1961.5742
255,2007,2104.8353
255,2008,2093.8152
255,2009,2259.1164
255,2010,2093.8152
255,2011,2170.9558
255,2012,2148.9156
255,2013,2170.9558
255,2014,2027.6947
255,2015,2578.6987
255,2016,3724.787
255,2017,2975.4216
255,2018,3306.024
255,2019,3306.024
255,2030,2072.9762
255,2050,1883.3317
27,1961,2215.0361
27,1962,2496.0481
27,1963,2628.2891
27,1964,3857.028
27,1965,4683.534
27,1966,4667.0039
27,1967,5625.7508
27,1968,7124.4817
27,1969,6110.6344
27,1970,6457.7669
27,1971,7576.305
27,1972,8039.1484
27,1973,7901.3974
27,1974,8143.8391
27,1975,6920.6102
27,1976,5763.5018
27,1977,5735.9516
27,1978,5515.55
27,1979,5184.9476
27,1980,4793.7348
27,1981,4463.1324
27,1982,4446.6023
27,1983,4253.7509
27,1984,4127.02
27,1985,3620.0963
27,1986,3063.5822
27,1987,3162.763
27,1988,2931.3413
27,1989,3493.3654
27,1990,3333.5742
27,1991,2755.02
27,1992,2204.016
27,1993,2204.016
27,1994,2755.02
27,1995,3239.9035
27,1996,3140.7228
27,1997,2755.02
27,1998,2479.518
27,1999,2755.02
27,2000,3306.024
27,2001,3857.028
27,2002,4408.032
27,2003,5124.3372
27,2004,5124.3372
27,2005,3245.4136
27,2006,2391.3574
27,2007,2870.7308
27,2008,1493.2208
27,2009,1823.8232
27,2010,1360.9799
27,2011,870.5863
27,2012,462.8434
27,2013,258.9719
27,2014,236.9317
27,2015,247.9518
27,2016,154.2811
27,2017,176.3213
27,2018,165.3012
27,2019,192.8514
27,2030,2740.2972
27,2050,2489.6014
272,2006,2909.3011
272,2007,2622.779
272,2008,1730.1526
272,2009,1906.4738
272,2010,1653.012
272,2011,1421.5903
272,2012,1586.8915
272,2013,1223.2289
272,2014,2038.7148
272,2015,2248.0963
272,2016,1752.1927
272,2017,1730.1526
272,2018,2281.1566
272,2019,969.767
272,2030,4506.3532
272,2050,6450.3504
28,1961,490.3936
28,1962,490.3936
28,1963,490.3936
28,1964,490.3936
28,1965,980.7871
28,1966,735.5903
28,1967,735.5903
28,1968,735.5903
28,1969,735.5903
28,1970,735.5903
28,1971,735.5903
28,1972,735.5903
28,1973,980.7871
28,1974,735.5903
28,1975,735.5903
28,1976,735.5903
28,1977,735.5903
28,1978,735.5903
28,1979,735.5903
28,1980,735.5903
28,1981,980.7871
28,1982,980.7871
28,1983,980.7871
28,1984,980.7871
28,1985,1225.9839
28,1986,1225.9839
28,1987,1225.9839
28,1988,1225.9839
28,1989,980.7871
28,1990,980.7871
28,1991,735.5903
28,1992,980.7871
28,1993,490.3936
28,1994,490.3936
28,1995,490.3936
28,1996,490.3936
28,1997,490.3936
28,1998,490.3936
28,1999,490.3936
28,2000,490.3936
28,2001,490.3936
28,2002,490.3936
28,2003,490.3936
28,2004,490.3936
28,2005,490.3936
28,2006,490.3936
28,2007,490.3936
28,2008,490.3936
28,2009,490.3936
28,2010,735.5903
28,2011,735.5903
28,2012,735.5903
28,2013,735.5903
28,2014,735.5903
28,2015,735.5903
28,2016,735.5903
28,2017,735.5903
28,2018,735.5903
28,2019,735.5903
28,2030,995.7441
28,2050,1064.6444
3,1994,6523.8874
3,1995,6678.1685
3,1996,6733.2689
3,1997,6193.285
3,1998,5653.301
3,1999,5510.04
3,2000,6612.048
3,2001,6281.4456
3,2002,7603.8552
3,2003,7427.5339
3,2004,9686.6503
3,2005,9697.6704
3,2006,8816.064
3,2007,12122.088
3,2008,14326.104
3,2009,14326.104
3,2010,14326.104
3,2011,14326.104
3,2012,8000.5781
3,2013,7703.0359
3,2014,8320.1604
3,2015,6325.5259
3,2016,4595.3734
3,2017,4507.2127
3,2018,4441.0922
3,2019,4452.1123
3,2030,16636.9927
3,2050,23814.0513
33,1961,19285.14
33,1962,16530.12
33,1963,16530.12
33,1964,17081.124
33,1965,18734.136
33,1966,22040.16
33,1967,21489.156
33,1968,20938.152
33,1969,22591.164
33,1970,25346.184
33,1971,23693.172
33,1972,22591.164
33,1973,23693.172
33,1974,25897.188
33,1975,20387.148
33,1976,22040.16
33,1977,22591.164
33,1978,20794.891
33,1979,25511.4852
33,1980,29688.0955
33,1981,23814.3929
33,1982,24921.9109
33,1983,25693.3165
33,1984,26172.69
33,1985,28652.208
33,1986,30305.22
33,1987,32509.236
33,1988,25346.184
33,1989,26999.196
33,1990,23693.172
33,1991,28652.208
33,1992,31958.232
33,1993,30856.224
33,1994,31407.228
33,1995,32509.236
33,1996,31407.228
33,1997,29754.216
33,1998,31407.228
33,1999,28652.208
33,2000,29754.216
33,2001,35649.9588
33,2002,32509.236
33,2003,30856.224
33,2004,30415.4208
33,2005,30856.224
33,2006,30856.224
33,2007,30856.224
33,2008,32399.0352
33,2009,30856.224
33,2010,29754.216
33,2011,30305.22
33,2012,30305.22
33,2013,31407.228
33,2014,31407.228
33,2015,31412.738
33,2016,31401.718
33,2017,31335.5975
33,2018,31368.6577
33,2019,31401.718
33,2030,39728.6282
33,2050,46730.4013
351,1961,76746.5921
351,1962,80914.9374
351,1963,81405.331
351,1964,85573.6762
351,1965,90232.415
351,1966,100530.6798
351,1967,110338.551
351,1968,117204.0608
351,1969,123088.7836
351,1970,127992.7192
351,1971,133877.4419
351,1972,134613.0322
351,1973,147853.6583
351,1974,148589.2487
351,1975,156680.7424
351,1976,165507.8265
351,1977,172128.1396
351,1978,170411.7621
351,1979,172373.3363
351,1980,173108.9267
351,1981,165507.8265
351,1982,156435.5456
351,1983,157661.5295
351,1984,157906.7263
351,1985,146382.4777
351,1986,136819.8032
351,1987,138045.7871
351,1988,129709.0966
351,1989,113771.3059
351,1990,96852.7281
351,1991,85573.6762
351,1992,69635.8855
351,1993,65467.5403
351,1994,65712.737
351,1995,52717.3077
351,1996,50020.1431
351,1997,44135.4204
351,1998,51736.5206
351,1999,56150.0626
351,2000,64241.5564
351,2001,61544.3918
351,2002,57621.2433
351,2003,46832.585
351,2004,45606.6011
351,2005,48303.7657
351,2006,43890.2236
351,2007,39967.0751
351,2008,38250.6977
351,2009,36043.9267
351,2010,32365.975
351,2011,32120.7782
351,2012,34082.3524
351,2013,27707.2361
351,2014,28933.22
351,2015,27216.8426
351,2016,25010.0716
351,2017,19860.9392
351,2018,20351.3327
351,2019,22067.7102
351,2030,51775.5069
351,2050,59409.4634
4,1961,12050.4575
4,1962,11604.1442
4,1963,11157.831
4,1964,11604.1442
4,1965,11604.1442
4,1966,11604.1442
4,1967,11604.1442
4,1968,11604.1442
4,1969,12050.4575
4,1970,12050.4575
4,1971,12050.4575
4,1972,12050.4575
4,1973,12050.4575
4,1974,12050.4575
4,1975,12050.4575
4,1976,12050.4575
4,1977,12496.7707
4,1978,12496.7707
4,1979,12496.7707
4,1980,12496.7707
4,1981,12496.7707
4,1982,12496.7707
4,1983,13389.3972
4,1984,17852.5296
4,1985,17852.5296
4,1986,18745.1561
4,1987,18745.1561
4,1988,19637.7826
4,1989,20084.0958
4,1990,20976.7223
4,1991,22315.662
4,1992,23208.2885
4,1993,23208.2885
4,1994,24547.2282
4,1995,25439.8547
4,1996,26332.4812
4,1997,26778.7944
4,1998,27671.4209
4,1999,28564.0474
4,2000,29456.6738
4,2001,30349.3003
4,2002,31241.9268
4,2003,31241.9268
4,2004,31241.9268
4,2005,31241.9268
4,2006,31241.9268
4,2007,31241.9268
4,2008,31241.9268
4,2009,31241.9268
4,2010,35705.0592
4,2011,37936.6254
4,2012,38829.2519
4,2013,40168.1916
4,2014,40168.1916
4,2015,40168.1916
4,2016,41507.1313
4,2017,42399.7578
4,2018,42846.071
4,2019,43738.6975
4,2030,40060.1838
4,2050,60582.5592
40,1994,1967084.28
40,1995,2314216.8
40,1996,2915913.168
40,1997,2892771
40,1998,3239903.52
40,1999,3656462.544
40,2000,4466438.424
40,2001,4697860.104
40,2002,4813570.944
40,2003,5044992.624
40,2004,5947537.176
40,2005,6132674.52
40,2006,6248385.36
40,2007,6479807.04
40,2008,6595517.88
40,2009,6595517.88
40,2010,6942650.4
40,2011,7405493.76
40,2012,7405493.76
40,2013,7405493.76
40,2014,7405493.76
40,2015,7013465.4341
40,2016,6652447.6133
40,2017,6016963.68
40,2018,5978084.8378
40,2019,7663991.7766
40,2030,8202048.8025
40,2050,8958566.5059
50,1961,39121.284
50,1962,41077.3482
50,1963,43033.4124
50,1964,39121.284
50,1965,19560.642
50,1966,19560.642
50,1967,19560.642
50,1968,21516.7062
50,1969,21125.4934
50,1970,21125.4934
50,1971,20343.0677
50,1972,19951.8548
50,1973,4694.5541
50,1974,3912.1284
50,1975,4694.5541
50,1976,7824.2568
50,1977,9389.1082
50,1978,11736.3852
50,1979,13692.4494
50,1980,13692.4494
50,1981,15648.5136
50,1982,15648.5136
50,1983,15648.5136
50,1984,15648.5136
50,1985,15648.5136
50,1986,15648.5136
50,1987,15648.5136
50,1988,15648.5136
50,1989,15648.5136
50,1990,15648.5136
50,1991,15648.5136
50,1992,23472.7704
50,1993,27384.8988
50,1994,39121.284
50,1995,58681.926
50,1996,66506.1828
50,1997,66506.1828
50,1998,82154.6964
50,1999,78242.568
50,2000,82154.6964
50,2001,86066.8248
50,2002,86066.8248
50,2003,78242.568
50,2004,62594.0544
50,2005,64550.1186
50,2006,58681.926
50,2007,48901.605
50,2008,41077.3482
50,2009,35209.1556
50,2010,31297.0272
50,2011,29340.963
50,2012,28167.3245
50,2013,27384.8988
50,2014,27384.8988
50,2015,28558.5373
50,2016,5085.7669
50,2017,32861.8786
50,2030,55445.031
50,2050,50372.5653
5000,1961,4734928.8981
5000,1962,4573823.5936
5000,1963,4610663.721
5000,1964,4723713.2117
5000,1965,4772490.8408
5000,1966,5128196.983
5000,1967,5184512.3468
5000,1968,5300214.9218
5000,1969,5494454.8519
5000,1970,5872046.873
5000,1971,6344483.2126
5000,1972,6049809.0284
5000,1973,6535348.2432
5000,1974,7200253.0351
5000,1975,7609133.8183
5000,1976,7825821.6514
5000,1977,8423647.2163
5000,1978,8877018.8175
5000,1979,9352579.3498
5000,1980,9516883.2326
5000,1981,9053676.2099
5000,1982,10422841.2544
5000,1983,11701622.3576
5000,1984,11096214.9777
5000,1985,11464282.8947
5000,1986,12256411.7551
5000,1987,12013815.714
5000,1988,11361760.3354
5000,1989,10575943.2258
5000,1990,12254171.9239
5000,1991,12408808.4414
5000,1992,14255958.4358
5000,1993,14673244.7851
5000,1994,16643169.4907
5000,1995,16824995.3006
5000,1996,17664251.5332
5000,1997,19093878.2465
5000,1998,18944027.1987
5000,1999,19865763.22
5000,2000,21381321.7622
5000,2001,22419625.4347
5000,2002,22255577.7688
5000,2003,23009764.4938
5000,2004,24621693.6356
5000,2005,24709669.6892
5000,2006,25122495.6611
5000,2007,28040464.0741
5000,2008,29596234.8881
5000,2009,29527188.5769
5000,2010,31477932.8333
5000,2011,32071421.9967
5000,2012,33834425.4152
5000,2013,34625432.9825
5000,2014,35104913.9083
5000,2015,35104335.3541
5000,2016,36778632.6386
5000,2017,36789063.1443
5000,2018,37108623.4241
5000,2019,39473094.544
5000,2030,37670072.2201
5000,2050,46333263.5959
51,1961,617.1245
51,1962,606.1044
51,1963,617.1245
51,1964,688.755
51,1965,699.7751
51,1966,672.2249
51,1967,727.3253
51,1968,754.8755
51,1969,876.0964
51,1970,925.6867
51,1971,1228.7389
51,1972,1383.02
51,1973,1515.261
51,1974,1531.7911
51,1975,2137.8955
51,1976,2198.506
51,1977,2595.2288
51,1978,3961.7188
51,1979,4077.4296
51,1980,4496.1926
51,1981,5080.2569
51,1982,5592.6906
51,1983,5003.1163
51,1984,5487.9998
51,1985,5515.55
51,1986,5581.6705
51,1987,6121.6544
51,1988,6512.8673
51,1989,6281.4456
51,1990,6859.9998
51,1991,6347.5661
51,1992,2799.1003
5100,1961,541377.9601
5100,1962,569495.6942
5100,1963,597613.4284
5100,1964,627070.1022
5100,1965,655634.1496
5100,1966,708745.4251
5100,1967,713208.5575
5100,1968,764534.5801
5100,1969,816306.916
5100,1970,867632.9386
5100,1971,918066.3347
5100,1972,968499.7308
5100,1973,1018933.1269
5100,1974,934579.9246
5100,1975,985013.3207
5100,1976,941274.6232
5100,1977,944398.8158
5100,1978,1060886.5715
5100,1979,1088111.6791
5100,1980,960019.7792
5100,1981,1011345.8018
5100,1982,972962.8632
5100,1983,1102840.016
5100,1984,1191210.0376
5100,1985,1380893.1646
5100,1986,1484437.8362
5100,1987,1419276.1032
5100,1988,1573700.4842
5100,1989,1650912.6748
5100,1990,3254962.4593
5100,1991,3312983.1805
5100,1992,3583895.3172
5100,1993,3980667.7876
5100,1994,4204270.7208
5100,1995,4213196.9856
5100,1996,4189096.0706
5100,1997,4611308.3957
5100,1998,4414930.5701
5100,1999,4696107.9113
5100,2000,4976392.626
5100,2001,5357544.133
5100,2002,5185713.5356
5100,2003,4972375.8068
5100,2004,5337906.3504
5100,2005,5714594.725
5100,2006,6175189.9886
5100,2007,7680604.5472
5100,2008,8129595.6666
5100,2009,8520119.7516
5100,2010,9700171.9582
5100,2011,9850133.2068
5100,2012,11203801.2637
5100,2013,11790256.8611
5100,2014,12202650.2948
5100,2015,12287003.4972
5100,2016,13550962.5929
5100,2017,13901764.7995
5100,2018,14457871.0966
5100,2019,14988091.2257
5100,2030,11058019.7386
5100,2050,15435242.6419
5101,1961,185219.9946
5101,1962,207535.6566
5101,1963,229851.3186
5101,1964,252166.9806
5101,1965,274482.6426
5101,1966,296798.3046
5101,1967,319560.2798
5101,1968,364191.6038
5101,1969,409269.2411
5101,1970,453900.5651
5101,1971,498085.5758
5101,1972,542270.5866
5101,1973,586901.9106
5101,1974,496746.6361
5101,1975,543163.2131
5101,1976,495407.6964
5101,1977,493622.4434
5101,1978,606093.3799
5101,1979,628409.0419
5101,1980,494961.3832
5101,1981,539592.7072
5101,1982,494961.3832
5101,1983,450776.3724
5101,1984,450776.3724
5101,1985,584670.3444
5101,1986,633764.8008
5101,1987,512813.9128
5101,1988,606986.0064
5101,1989,565925.1883
5101,1990,698480.2206
5101,1991,759625.1345
5101,1992,757393.5683
5101,1993,753376.7491
5101,1994,798900.6996
5101,1995,821216.3616
5101,1996,842639.3971
5101,1997,887717.0344
5101,1998,928777.8524
5101,1999,1011792.1151
5101,2000,1077400.1614
5101,2001,1033215.1506
5101,2002,1051960.3067
5101,2003,1043034.0419
5101,2004,1024735.199
5101,2005,1039909.8492
5101,2006,1055084.4994
5101,2007,1041695.1022
5101,2008,1090343.2453
5101,2009,1125601.9913
5101,2010,1151041.846
5101,2011,1169340.6888
5101,2012,1160860.7372
5101,2013,1140330.3282
5101,2014,1176035.3874
5101,2015,1210847.8201
5101,2016,1230485.6027
5101,2017,1238519.241
5101,2018,1249230.7588
5101,2019,1236287.6748
5101,2030,1623804.9475
5101,2050,2807809.7041
5102,1961,892.6265
5102,1962,892.6265
5102,1963,892.6265
5102,1964,892.6265
5102,1965,892.6265
5102,1966,892.6265
5102,1967,892.6265
5102,1968,892.6265
5102,1969,892.6265
5102,1970,892.6265
5102,1971,892.6265
5102,1972,892.6265
5102,1973,892.6265
5102,1974,892.6265
5102,1975,892.6265
5102,1976,892.6265
5102,1977,892.6265
5102,1978,892.6265
5102,1979,892.6265
5102,1980,892.6265
5102,1981,1338.9397
5102,1982,892.6265
5102,1983,892.6265
5102,1984,892.6265
5102,1985,892.6265
5102,1986,892.6265
5102,1987,892.6265
5102,1988,892.6265
5102,1989,892.6265
5102,1990,446.3132
5102,1991,446.3132
5102,1992,446.3132
5102,1993,446.3132
5102,1994,446.3132
5102,1995,446.3132
5102,1996,446.3132
5102,1997,892.6265
5102,1998,892.6265
5102,1999,892.6265
5102,2000,892.6265
5102,2001,892.6265
5102,2002,892.6265
5102,2003,892.6265
5102,2004,892.6265
5102,2005,892.6265
5102,2006,892.6265
5102,2007,892.6265
5102,2008,892.6265
5102,2009,892.6265
5102,2010,1338.9397
5102,2011,1338.9397
5102,2012,1338.9397
5102,2013,1338.9397
5102,2014,1338.9397
5102,2015,1338.9397
5102,2016,1338.9397
5102,2017,1338.9397
5102,2018,1338.9397
5102,2019,1338.9397
5102,2030,1870.0525
5102,2050,3539.264
5103,1961,266002.691
5103,1962,269573.197
5103,1963,273143.7029
5103,1964,278053.1485
5103,1965,282069.9677
5103,1966,286086.7868
5103,1967,290103.606
5103,1968,294566.7384
5103,1969,299029.8708
5103,1970,303046.69
5103,1971,307063.5091
5103,1972,311080.3283
5103,1973,314650.8342
5103,1974,318667.6534
5103,1975,322684.4725
5103,1976,326701.2917
5103,1977,331610.7373
5103,1978,335627.5565
5103,1979,339644.3756
5103,1980,343661.1948
5103,1981,347678.014
5103,1982,352141.1464
5103,1983,523971.7438
5103,1984,610110.1991
5103,1985,663667.7879
5103,1986,718118.0032
5103,1987,771675.592
5103,1988,829696.3132
5103,1989,945737.7556
5103,1990,2417678.8211
5103,1991,2412323.0622
5103,1992,2685466.7651
5103,1993,3086256.0546
5103,1994,3262103.4712
5103,1995,3246482.5078
5103,1996,3198726.9911
5103,1997,3573183.7994
5103,1998,3333513.5896
5103,1999,3529445.1019
5103,2000,3746353.3366
5103,2001,4170350.9146
5103,2002,3963261.5712
5103,2003,3745460.7101
5103,2004,4089121.9049
5103,2005,4450635.6293
5103,2006,4896056.2428
5103,2007,6414860.1985
5103,2008,6810740.0424
5103,2009,7163773.8152
5103,2010,8315708.2877
5103,2011,8447370.6935
5103,2012,9807287.1358
5103,2013,10412041.576
5103,2014,10788729.9505
5103,2015,10838270.7202
5103,2016,12078575.2141
5103,2017,12421790.0957
5103,2018,12966292.2485
5103,2019,13508116.5218
5103,2030,9060397.1033
5103,2050,12204352.0872
5104,1961,89262.648
5104,1962,91494.2142
5104,1963,93725.7804
5104,1964,95957.3466
5104,1965,98188.9128
5104,1966,124967.7072
5104,1967,102652.0452
5104,1968,104883.6114
5104,1969,107115.1776
5104,1970,109793.057
5104,1971,112024.6232
5104,1972,114256.1894
5104,1973,116487.7556
5104,1974,118273.0086
5104,1975,118273.0086
5104,1976,118273.0086
5104,1977,118273.0086
5104,1978,118273.0086
5104,1979,119165.6351
5104,1980,120504.5748
5104,1981,122736.141
5104,1982,124967.7072
5104,1983,127199.2734
5104,1984,129430.8396
5104,1985,131662.4058
5104,1986,131662.4058
5104,1987,133893.972
5104,1988,136125.5382
5104,1989,138357.1044
5104,1990,138357.1044
5104,1991,140588.6706
5104,1992,140588.6706
5104,1993,140588.6706
5104,1994,142820.2368
5104,1995,145051.803
5104,1996,147283.3692
5104,1997,149514.9354
5104,1998,151746.5016
5104,1999,153978.0678
5104,2000,151746.5016
5104,2001,153085.4413
5104,2002,169599.0312
5104,2003,182988.4284
5104,2004,223156.62
5104,2005,223156.62
5104,2006,223156.62
5104,2007,223156.62
5104,2008,227619.7524
5104,2009,229851.3186
5104,2010,232082.8848
5104,2011,232082.8848
5104,2012,234314.451
5104,2013,236546.0172
5104,2014,236546.0172
5104,2015,236546.0172
5104,2016,240562.8364
5104,2017,240116.5231
5104,2018,241009.1496
5104,2019,242348.0893
5104,2030,371947.6353
5104,2050,419541.5866
52,1992,391212.84
52,1993,391212.84
52,1994,391212.84
52,1995,319620.8903
52,1996,247637.7277
52,1997,207734.018
52,1998,201083.3998
52,1999,185434.8862
52,2000,199909.7612
52,2001,211646.1464
52,2002,215558.2748
52,2003,210081.2951
52,2004,252332.2818
52,2005,294583.2685
52,2006,174480.9266
52,2007,297712.9712
52,2008,334095.7654
52,2009,353265.1945
52,2010,348961.8533
52,2011,356786.1101
52,2012,368522.4953
52,2013,373999.475
52,2014,352091.556
52,2015,505838.2021
52,2016,469455.408
52,2017,454589.3201
52,2018,429160.4855
52,2019,424857.1442
52,2030,444311.7676
52,2050,596497.8657
5200,1961,2426401.2144
5200,1962,2360738.0677
5200,1963,2403760.46
5200,1964,2581277.4187
5200,1965,2637904.0998
5200,1966,2845313.0255
5200,1967,2830132.8653
5200,1968,2857010.8404
5200,1969,2880048.3176
5200,1970,3058176.8908
5200,1971,3076833.8862
5200,1972,2842563.5155
5200,1973,3041514.5298
5200,1974,3310162.04
5200,1975,3434159.9802
5200,1976,3608343.3647
5200,1977,3642577.2432
5200,1978,3763131.4084
5200,1979,3964347.0491
5200,1980,4125703.0604
5200,1981,4422556.4654
5200,1982,4509785.9087
5200,1983,4715415.0914
5200,1984,4978938.2645
5200,1985,5284916.2957
5200,1986,5143126.4364
5200,1987,5234339.6386
5200,1988,5219126.4181
5200,1989,5110330.6783
5200,1990,5301931.2992
5200,1991,4947420.8357
5200,1992,4672866.5626
5200,1993,4694421.839
5200,1994,6466885.9962
5200,1995,6922593.8544
5200,1996,7707306.201
5200,1997,7856352.783
5200,1998,8611613.9658
5200,1999,9110366.2565
5200,2000,10381631.6652
5200,2001,11158448.1245
5200,2002,11483248.4524
5200,2003,12006465.3206
5200,2004,13458641.8727
5200,2005,13202320.3219
5200,2006,13521164.2966
5200,2007,14974922.2301
5200,2008,15998202.7786
5200,2009,15851189.4013
5200,2010,16422971.7622
5200,2011,16976312.0191
5200,2012,17230655.4655
5200,2013,17263363.063
5200,2014,17372010.0317
5200,2015,16879142.4637
5200,2016,17361998.289
5200,2017,16790221.4382
5200,2018,16948216.3252
5200,2019,18802565.1868
5200,2030,18842863.4153
5200,2050,21285245.9552
5203,1961,611592.3998
5203,1962,522555.6635
5203,1963,533641.864
5203,1964,573000.0797
5203,1965,601161.8941
5203,1966,662775.1614
5203,1967,717484.3486
5203,1968,607823.5325
5203,1969,609570.2152
5203,1970,665276.7196
5203,1971,683008.0283
5203,1972,731534.9506
5203,1973,752291.2712
5203,1974,752721.0544
5203,1975,704541.2646
5203,1976,793561.4708
5203,1977,774105.5196
5203,1978,786354.3385
5203,1979,887595.8135
5203,1980,940183.6352
5203,1981,965347.9879
5203,1982,936635.1695
5203,1983,966383.8754
5203,1984,970020.5018
5203,1985,1050362.3951
5203,1986,1172161.8293
5203,1987,1357332.2335
5203,1988,1361095.5908
5203,1989,1467290.5918
5203,1990,1579976.4198
5203,1991,1598517.7044
5203,1992,1629208.6272
5203,1993,1615819.23
5203,1994,1610502.0414
5203,1995,1643402.4902
5203,1996,1699367.9665
5203,1997,1689659.276
5203,1998,1605091.1821
5203,1999,1517420.9357
5203,2000,1520032.6946
5203,2001,1538017.4652
5203,2002,1550398.5251
5203,2003,1516120.5662
5203,2004,1440914.0303
5203,2005,1406525.8706
5203,2006,1443266.8174
5203,2007,1501089.1771
5203,2008,1537124.8387
5203,2009,1393814.2084
5203,2010,1375239.8635
5203,2011,1399550.16
5203,2012,1427100.36
5203,2013,1353816.828
5203,2014,1340041.728
5203,2015,1315803.062
5203,2016,1375851.478
5203,2017,1382397.4055
5203,2018,1342758.1777
5203,2019,1293200.878
5203,2030,1752096.7241
5203,2050,2004188.7736
5204,1961,1398249.7906
5204,1962,1398018.3689
5204,1963,1398018.3689
5204,1964,1513729.2089
5204,1965,1513960.6306
5204,1966,1629440.0489
5204,1967,1629440.0489
5204,1968,1744919.4672
5204,1969,1744688.0455
5204,1970,1860167.4638
5204,1971,1859704.6205
5204,1972,1506323.7151
5204,1973,1636614.121
5204,1974,1780789.8276
5204,1975,1940239.3651
5204,1976,2117045.5286
5204,1977,2160784.2262
5204,1978,2193414.683
5204,1979,2198737.3817
5204,1980,2239467.5974
5204,1981,2282974.8732
5204,1982,2327639.2574
5204,1983,2375774.9669
5204,1984,2482228.9397
5204,1985,2605808.1168
5204,1986,2246873.0911
5204,1987,2078629.5298
5204,1988,2036279.3623
5204,1989,1642631.0846
5204,1990,1628514.3622
5204,1991,1478090.2702
5204,1992,934480.7438
5204,1993,865285.6615
5204,1994,657006.1495
5204,1995,772948.4112
5204,1996,784519.4952
5204,1997,772948.4112
5204,1998,1102030.0402
5204,1999,1137206.1355
5204,2000,1153174.2314
5204,2001,1164745.3154
5204,2002,1154331.3398
5204,2003,1124709.3648
5204,2004,1115683.9193
5204,2005,1042091.825
5204,2006,1074259.4386
5204,2007,1003907.2478
5204,2008,985393.5134
5204,2009,959474.2853
5204,2010,947903.2013
5204,2011,958548.5986
5204,2012,944200.4544
5204,2013,891204.8897
5204,2014,922446.8165
5204,2015,913884.2143
5204,2016,881948.0225
5204,2017,867599.8783
5204,2018,890047.7813
5204,2019,894213.3715
5204,2030,1840763.9131
5204,2050,2488893.8841
5206,1961,39573.1073
5206,1962,39804.529
5206,1963,40035.9506
5206,1964,40267.3723
5206,1965,40498.794
5206,1966,40730.2157
5206,1967,40961.6374
5206,1968,41193.059
5206,1969,41424.4807
5206,1970,41655.9024
5206,1971,41887.3241
5206,1972,42118.7458
5206,1973,42350.1674
5206,1974,42581.5891
5206,1975,42813.0108
5206,1976,43044.4325
5206,1977,43044.4325
5206,1978,43275.8542
5206,1979,43507.2758
5206,1980,43738.6975
5206,1981,44664.3842
5206,1982,44895.8059
5206,1983,45127.2276
5206,1984,46052.9143
5206,1985,52069.878
5206,1986,51375.613
5206,1987,51838.4563
5206,1988,51607.0346
5206,1989,50218.5046
5206,1990,49292.8178
5206,1991,49524.2395
5206,1992,45358.6493
5206,1993,45358.6493
5206,1994,45358.6493
5206,1995,47441.4444
5206,1996,47441.4444
5206,1997,55078.3598
5206,1998,56004.0466
5206,1999,52069.878
5206,2000,57392.5766
5206,2001,58549.685
5206,2002,60401.0585
5206,2003,63640.962
5206,2004,61558.1669
5206,2005,62021.0102
5206,2006,61789.5886
5206,2007,61326.7452
5206,2008,60632.4802
5206,2009,59475.3718
5206,2010,61326.7452
5206,2011,62483.8536
5206,2012,63640.962
5206,2013,64798.0704
5206,2014,64798.0704
5206,2015,64566.6487
5206,2016,64335.227
5206,2017,64103.8054
5206,2018,64335.227
5206,2019,64566.6487
5206,2030,114646.3003
5206,2050,198118.2489
5207,1961,376985.9167
5207,1962,400359.5064
5207,1963,432064.2766
5207,1964,454280.7578
5207,1965,482282.7811
5207,1966,512367.5995
5207,1967,442246.8305
5207,1968,463074.7817
5207,1969,484365.5762
5207,1970,491076.805
5207,1971,492233.9134
5207,1972,562586.1041
5207,1973,610258.9702
5207,1974,734069.569
5207,1975,746566.3397
5207,1976,654691.9327
5207,1977,664643.065
5207,1978,740086.5326
5207,1979,834506.5781
5207,1980,902313.1303
5207,1981,1129569.2201
5207,1982,1200615.6758
5207,1983,1328129.0215
5207,1984,1480635.9086
5207,1985,1576675.9058
5207,1986,1672715.903
5207,1987,1746539.419
5207,1988,1770144.4303
5207,1989,1950190.4974
5207,1990,2044147.6994
5207,1991,1821288.6216
5207,1992,2063818.5422
5207,1993,2167958.2982
5207,1994,4154019.156
5207,1995,4458801.5086
5207,1996,5175977.2949
5207,1997,5338666.7359
5207,1998,5848488.697
5207,1999,6403669.3073
5207,2000,7651032.1625
5207,2001,8397135.6588
5207,2002,8718117.529
5207,2003,9301994.4276
5207,2004,10840485.7562
5207,2005,10691681.616
5207,2006,10941848.4521
5207,2007,12408599.0599
5207,2008,13415051.9462
5207,2009,13438425.5359
5207,2010,14038501.9522
5207,2011,14555729.407
5207,2012,14795713.6891
5207,2013,14953543.2749
5207,2014,15044723.4168
5207,2015,14584888.5386
5207,2016,15039863.5615
5207,2017,14476120.349
5207,2018,14651075.1391
5207,2019,16550584.2886
5207,2030,15135356.4779
5207,2050,16594045.0486
5300,1961,1263967.3607
5300,1962,1221118.5347
5300,1963,1268576.5092
5300,1964,1257242.3569
5300,1965,1238533.0161
5300,1966,1335024.8366
5300,1967,1410509.6296
5300,1968,1442476.1266
5300,1969,1540494.2282
5300,1970,1614664.8766
5300,1971,1888728.7562
5300,1972,1735635.0498
5300,1973,1897459.4146
5300,1974,2331477.0003
5300,1975,2554933.9175
5300,1976,2732010.073
5300,1977,3161950.2291
5300,1978,3276217.4386
5300,1979,3451111.6183
5300,1980,3505115.5203
5300,1981,2635135.3047
5300,1982,3943877.2505
5300,1983,4905610.6522
5300,1984,3960029.9327
5300,1985,3795805.9456
5300,1986,4603032.3156
5300,1987,4331646.3155
5300,1988,3498542.0426
5300,1989,2735878.121
5300,1990,2584046.2138
5300,1991,3025893.5664
5300,1992,5004584.7457
5300,1993,4987095.8787
5300,1994,4905280.0498
5300,1995,4570798.5816
5300,1996,4605302.4521
5300,1997,5462413.9693
5300,1998,4745723.0665
5300,1999,4902450.6442
5300,2000,4863621.3923
5300,2001,4720252.9066
5300,2002,4377911.3663
5300,2003,4916837.3587
5300,2004,4759707.548
5300,2005,4733113.3399
5300,2006,4376528.3463
5300,2007,4350151.7848
5300,2008,4444819.7821
5300,2009,4154666.5857
5300,2010,4369968.6437
5300,2011,4272829.3935
5300,2012,4429793.903
5300,2013,4616317.022
5300,2014,4584047.4728
5300,2015,4961694.5943
5300,2016,4855527.1436
5300,2017,5097263.6185
5300,2018,5089229.9801
5300,2019,5079661.7957
5300,2030,6700762.545
5300,2050,8596105.2254
5301,1992,655165.7962
5301,1993,572289.2845
5301,1994,380790.5993
5301,1995,288351.4133
5301,1996,222148.2827
5301,1997,230730.17
5301,1998,171882.9428
5301,1999,203513.3274
5301,2000,228768.5957
5301,2001,217244.3471
5301,2002,225826.2344
5301,2003,214547.1825
5301,2004,214547.1825
5301,2005,188311.127
5301,2006,218225.1342
5301,2007,235879.3024
5301,2008,340333.1306
5301,2009,317284.6333
5301,2010,317529.8301
5301,2011,433017.5135
5301,2012,562236.2165
5301,2013,802529.0609
5301,2014,646583.9089
5301,2015,797870.3221
5301,2016,768446.7085
5301,2017,763787.9697
5301,2018,791985.5994
5301,2019,812336.9321
5301,2030,372249.9051
5301,2050,499753.4567
5302,1961,80669.7406
5302,1962,84838.0859
5302,1963,85328.4794
5302,1964,89742.0215
5302,1965,94891.1539
5302,1966,105189.4186
5302,1967,115242.4866
5302,1968,122107.9964
5302,1969,127992.7192
5302,1970,132896.6548
5302,1971,138781.3775
5302,1972,140007.3614
5302,1973,155454.7585
5302,1974,154964.365
5302,1975,162810.6619
5302,1976,172128.1396
5302,1977,179484.043
5302,1978,185368.7657
5302,1979,220677.102
5302,1980,186839.9464
5302,1981,174334.9106
5302,1982,163301.0555
5302,1983,162810.6619
5302,1984,161094.2845
5302,1985,149324.839
5302,1986,140007.3614
5302,1987,141233.3453
5302,1988,133877.4419
5302,1989,116713.6673
5302,1990,100285.483
5302,1991,89006.4311
5302,1992,73313.8372
5302,1993,68655.0984
5302,1994,68900.2952
5302,1995,56395.2594
5302,1996,53452.898
5302,1997,47077.7818
5302,1998,54433.6852
5302,1999,59092.424
5302,2000,68164.7048
5302,2001,66203.1306
5302,2002,64241.5564
5302,2003,51491.3238
5302,2004,51000.9302
5302,2005,52962.5045
5302,2006,47322.9785
5302,2007,43399.8301
5302,2008,40947.8623
5302,2009,38250.6977
5302,2010,34817.9428
5302,2011,33837.1556
5302,2012,39231.4848
5302,2013,30894.7943
5302,2014,32120.7782
5302,2015,29914.0072
5302,2016,27707.2361
5302,2017,22803.3005
5302,2018,23293.6941
5302,2019,25010.0716
5302,2030,56330.2823
5302,2050,64854.5483
5303,1961,85818.873
5303,1962,87044.8569
5303,1963,88270.8408
5303,1964,89496.8247
5303,1965,90722.8086
5303,1966,93174.7764
5303,1967,95626.7442
5303,1968,98078.712
5303,1969,100530.6798
5303,1970,104208.6315
5303,1971,107886.5832
5303,1972,111564.5349
5303,1973,115242.4866
5303,1974,119165.6351
5303,1975,118184.848
5303,1976,125050.3578
5303,1977,131915.8676
5303,1978,134858.229
5303,1979,139762.1646
5303,1980,143440.1163
5303,1981,147118.068
5303,1982,151531.61
5303,1983,159377.907
5303,1984,171637.746
5303,1985,196157.424
5303,1986,220677.102
5303,1987,255740.2415
5303,1988,269716.458
5303,1989,294236.136
5303,1990,343275.492
5303,1991,392314.848
5303,1992,441354.204
5303,1993,496033.0859
5303,1994,539432.916
5303,1995,539432.916
5303,1996,563952.594
5303,1997,563952.594
5303,1998,514913.238
5303,1999,490393.56
5303,2000,490393.56
5303,2001,490393.56
5303,2002,490393.56
5303,2003,490393.56
5303,2004,490393.56
5303,2005,490393.56
5303,2006,490393.56
5303,2007,490393.56
5303,2008,490393.56
5303,2009,490393.56
5303,2010,490393.56
5303,2011,490393.56
5303,2012,490393.56
5303,2013,490393.56
5303,2014,490393.56
5303,2015,490393.56
5303,2016,500201.4312
5303,2017,498730.2505
5303,2018,499465.8409
5303,2019,500201.4312
5303,2030,740083.571
5303,2050,873295.3036
5304,1961,10298.2648
5304,1962,18389.7585
5304,1963,25010.0716
5304,1964,23293.6941
5304,1965,24029.2844
5304,1966,31875.5814
5304,1967,29914.0072
5304,1968,32611.1717
5304,1969,31139.9911
5304,1970,35308.3363
5304,1971,32611.1717
5304,1972,33837.1556
5304,1973,35308.3363
5304,1974,37515.1073
5304,1975,39721.8784
5304,1976,42173.8462
5304,1977,44380.6172
5304,1978,47322.9785
5304,1979,49774.9463
5304,1980,51000.9302
5304,1981,52472.1109
5304,1982,54924.0787
5304,1983,59828.0143
5304,1984,59828.0143
5304,1985,60073.2111
5304,1986,64977.1467
5304,1987,69881.0823
5304,1988,74785.0179
5304,1989,86799.6601
5304,1990,91703.5957
5304,1991,96362.3345
5304,1992,99059.4991
5304,1993,103473.0412
5304,1994,110828.9446
5304,1995,113280.9124
5304,1996,115732.8802
5304,1997,118184.848
5304,1998,118184.848
5304,1999,123088.7836
5304,2000,123088.7836
5304,2001,123088.7836
5304,2002,123088.7836
5304,2003,123088.7836
5304,2004,137800.5904
5304,2005,147608.4616
5304,2006,142704.526
5304,2007,139762.1646
5304,2008,140252.5582
5304,2009,141478.5421
5304,2010,140497.7549
5304,2011,140497.7549
5304,2012,141723.7388
5304,2013,140497.7549
5304,2014,140497.7549
5304,2015,140988.1485
5304,2016,144666.1002
5304,2017,143930.5099
5304,2018,144420.9034
5304,2019,144911.297
5304,2030,238023.5482
5304,2050,457782.6335
5305,1961,1087180.4824
5305,1962,1030845.8334
5305,1963,1069967.1174
5305,1964,1054709.8166
5305,1965,1028889.7692
5305,1966,1104785.0602
5305,1967,1169726.3916
5305,1968,1189678.2464
5305,1969,1280830.8382
5305,1970,1342251.254
5305,1971,1609449.6238
5305,1972,1450225.9979
5305,1973,1591453.8331
5305,1974,2019831.8929
5305,1975,2234216.5292
5305,1976,2392657.7294
5305,1977,2806169.7013
5305,1978,2908667.4654
5305,1979,3040897.4053
5305,1980,3123834.5274
5305,1981,2261210.2152
5305,1982,3574120.5062
5305,1983,4523594.0689
5305,1984,3567469.888
5305,1985,3390250.4714
5305,1986,4177370.7055
5305,1987,3864791.6464
5305,1988,3020163.1248
5305,1989,2238128.6576
5305,1990,2048781.6431
5305,1991,2448209.9527
5305,1992,3735691.4092
5305,1993,3746645.3687
5305,1994,3805327.2947
5305,1995,3573338.0806
5305,1996,3650015.7972
5305,1997,4502468.5756
5305,1998,3886308.3526
5305,1999,4026362.5493
5305,2000,3953205.7482
5305,2001,3823323.0853
5305,2002,3474361.232
5305,2003,4037316.5088
5305,2004,3865965.2849
5305,2005,3853837.6868
5305,2006,3477882.1476
5305,2007,3440716.9278
5305,2008,3432892.671
5305,2009,3167259.1526
5305,2010,3386729.5559
5305,2011,3175083.4094
5305,2012,3196208.9028
5305,2013,3152001.8519
5305,2014,3274451.4708
5305,2015,3502528.5565
5305,2016,3414505.6675
5305,2017,3668011.5878
5305,2018,3630063.9424
5305,2019,3597202.0638
5305,2030,5294075.2385
5305,2050,6700419.2833
54,1961,1708.1124
54,1962,1641.9919
54,1963,1686.0722
54,1964,3107.6626
54,1965,2887.261
54,1966,4837.8151
54,1967,5135.3573
54,1968,3846.0079
54,1969,4628.4336
54,1970,6215.3251
54,1971,4970.0561
54,1972,5532.0802
54,1973,5267.5982
54,1974,6072.0641
54,1975,2832.1606
54,1976,2854.2007
54,1977,3107.6626
54,1978,2777.0602
54,1979,5708.4014
54,1980,4209.6706
54,1981,3967.2288
54,1982,3779.8874
54,1983,4562.3131
54,1984,3735.8071
54,1985,4330.8914
54,1986,5388.8191
54,1987,2810.1204
54,1988,2710.9397
54,1989,3438.265
54,1990,2347.277
54,1991,4286.8111
54,1992,2468.4979
54,1993,5554.1203
54,1994,4055.3894
54,1995,4948.0159
54,1996,3493.3654
54,1997,5168.4175
54,1998,3438.265
54,1999,6788.3693
54,2000,6016.9637
54,2001,6027.9838
54,2002,6083.0842
54,2003,4143.5501
54,2004,1641.9919
54,2005,1278.3293
54,2006,1344.4498
54,2007,2137.8955
54,2008,1862.3935
54,2009,1818.3132
54,2010,2215.0361
54,2011,2336.257
54,2012,4793.7348
54,2013,2755.02
54,2014,2821.1405
54,2015,2766.0401
54,2016,2699.9196
54,2017,3350.1043
54,2018,2909.3011
54,2019,1939.5341
54,2030,1533.4331
54,2050,1393.1475
5400,1961,499215.134
5400,1962,418289.1766
5400,1963,336498.1428
5400,1964,253875.093
5400,1965,235906.8526
5400,1966,233790.9972
5400,1967,224462.4995
5400,1968,229994.5796
5400,1969,249753.5831
5400,1970,321075.5408
5400,1971,450853.513
5400,1972,491605.7688
5400,1973,565027.0518
5400,1974,613256.4319
5400,1975,626430.9376
5400,1976,536870.7474
5400,1977,666621.1693
5400,1978,769477.086
5400,1979,839289.2928
5400,1980,907002.1744
5400,1981,968323.4095
5400,1982,983272.148
5400,1983,968598.9115
5400,1984,955556.6468
5400,1985,990170.7181
5400,1986,1014525.0949
5400,1987,1006171.8743
5400,1988,1042091.825
5400,1989,1058340.933
5400,1990,1090552.6268
5400,1991,1096145.3174
5400,1992,970543.9556
5400,1993,991123.955
5400,1994,1050715.0376
5400,1995,1099677.2531
5400,1996,1140131.9668
5400,1997,1141570.0872
5400,1998,1148700.079
5400,1999,1132720.963
5400,2000,1134996.6095
5400,2001,1169147.8374
5400,2002,1196653.9571
5400,2003,1098845.237
5400,2004,1051684.8047
5400,2005,1046764.339
5400,2006,1027842.8616
5400,2007,999543.2962
5400,2008,996209.722
5400,2009,978715.345
5400,2010,962273.3856
5400,2011,949534.1731
5400,2012,947511.9884
5400,2013,932767.1214
5400,2014,923444.1337
5400,2015,953732.8236
5400,2016,987399.168
5400,2017,977001.7225
5400,2018,590924.2398
5400,2019,581502.0714
5400,2030,1033531.9503
5400,2050,975738.7828
5401,1961,387328.2618
5401,1962,312992.3122
5401,1963,227652.8126
5401,1964,141800.8794
5401,1965,112988.8802
5401,1966,110751.804
5401,1967,93709.2503
5401,1968,89764.0616
5401,1969,90491.3869
5401,1970,128257.2011
5401,1971,204510.6446
5401,1972,211596.5561
5401,1973,192779.7695
5401,1974,213756.4918
5401,1975,241841.1656
5401,1976,141800.8794
5401,1977,245940.6354
5401,1978,330547.2996
5401,1979,359441.9494
5401,1980,378479.1376
5401,1981,384633.8522
5401,1982,371139.7643
5401,1983,359243.5879
5401,1984,365728.905
5401,1985,334244.5364
5401,1986,332911.1068
5401,1987,296081.9994
5401,1988,288274.2727
5401,1989,284775.3973
5401,1990,238347.8003
5401,1991,233790.9972
5401,1992,67239.0181
5401,1993,74242.279
5401,1994,70523.002
5401,1995,59062.1188
5401,1996,57023.404
5401,1997,57491.7574
5401,1998,55519.163
5401,1999,59199.8698
5401,2000,56615.661
5401,2001,68506.3273
5401,2002,135783.9157
5401,2003,96822.4229
5401,2004,95020.6398
5401,2005,93064.5756
5401,2006,102376.5432
5401,2007,99467.2421
5401,2008,98668.2863
5401,2009,106365.8122
5401,2010,110255.9004
5401,2011,101010.0533
5401,2012,105390.5351
5401,2013,100784.1416
5401,2014,108939.0008
5401,2015,116934.0689
5401,2016,156815.7384
5401,2017,158187.7384
5401,2018,164347.9631
5401,2019,168249.0714
5401,2030,123921.4994
5401,2050,129522.5652
5402,1961,57117.0746
5402,1962,48543.4524
5402,1963,52488.641
5402,1964,54284.9141
5402,1965,60224.7372
5402,1966,56863.6128
5402,1967,58351.3236
5402,1968,60885.942
5402,1969,62527.9339
5402,1970,67773.492
5402,1971,64787.0503
5402,1972,72214.5842
5402,1973,86364.367
5402,1974,84579.114
5402,1975,67575.1306
5402,1976,76876.0781
5402,1977,68897.5402
5402,1978,72302.7449
5402,1979,86276.2063
5402,1980,85681.122
5402,1981,104767.9006
5402,1982,99169.6999
5402,1983,106784.5752
5402,1984,93262.937
5402,1985,101935.74
5402,1986,115721.8601
5402,1987,111269.7478
5402,1988,118928.7034
5402,1989,127138.663
5402,1990,127689.667
5402,1991,134533.1366
5402,1992,139624.4136
5402,1993,138335.0642
5402,1994,161521.3126
5402,1995,168111.3204
5402,1996,174403.7861
5402,1997,175825.3764
5402,1998,164684.0755
5402,1999,152859.5297
5402,2000,171373.2641
5402,2001,175142.1314
5402,2002,159625.8588
5402,2003,117485.0729
5402,2004,113782.326
5402,2005,108162.0852
5402,2006,99610.5031
5402,2007,76435.2749
5402,2008,93351.0977
5402,2009,82275.9173
5402,2010,75278.1665
5402,2011,77239.7407
5402,2012,79377.6362
5402,2013,78892.7527
5402,2014,75718.9697
5402,2015,81328.1904
5402,2016,81515.5318
5402,2017,82716.7205
5402,2018,58748.0465
5402,2019,55232.641
5402,2030,93775.525
5402,2050,87487.6547
5403,1961,32520.2561
5403,1962,34603.0512
5403,1963,33159.4207
5403,1964,34085.1074
5403,1965,37710.7138
5403,1966,41148.9787
5403,1967,47210.0227
5403,1968,51078.0708
5403,1969,56345.669
5403,1970,76887.0982
5403,1971,120636.8158
5403,1972,137222.0362
5403,1973,163747.3687
5403,1974,177952.2518
5403,1975,182723.9465
5403,1976,193358.3237
5403,1977,208973.777
5403,1978,218506.1462
5403,1979,232600.8286
5403,1980,258883.7194
5403,1981,276240.3454
5403,1982,281243.4617
5403,1983,293762.2726
5403,1984,287414.7065
5403,1985,290257.8871
5403,1986,295305.0838
5403,1987,307449.2119
5403,1988,318182.7698
5403,1989,327582.8981
5403,1990,351121.789
5403,1991,329257.9502
5403,1992,329081.629
5403,1993,326095.1873
5403,1994,334547.5886
5403,1995,360268.4554
5403,1996,395378.4302
5403,1997,378341.3866
5403,1998,388215.3782
5403,1999,382562.0772
5403,2000,360279.4754
5403,2001,376236.5513
5403,2002,377889.5633
5403,2003,368092.7122
5403,2004,380082.5592
5403,2005,388986.7838
5403,2006,376247.5714
5403,2007,383520.8242
5403,2008,381019.266
5403,2009,370164.4872
5403,2010,363442.2384
5403,2011,365855.6359
5403,2012,364643.4271
5403,2013,365855.6359
5403,2014,361028.8409
5403,2015,363420.1982
5403,2016,365602.1741
5403,2017,364125.4834
5403,2018,17235.4051
5403,2019,13830.2004
5403,2030,381558.765
5403,2050,363530.6415
5404,1961,22249.5415
5404,1962,22150.3608
5404,1963,23197.2684
5404,1964,23704.1921
5404,1965,24982.5214
5404,1966,25026.6017
5404,1967,25191.9029
5404,1968,28266.5052
5404,1969,40388.5932
5404,1970,48157.7496
5404,1971,60919.0022
5404,1972,70572.5923
5404,1973,122135.5466
5404,1974,136968.5743
5404,1975,134290.6949
5404,1976,124835.4662
5404,1977,142809.2167
5404,1978,148120.8953
5404,1979,160970.3086
5404,1980,183958.1954
5404,1981,202681.3114
5404,1982,231719.2222
5404,1983,208808.4758
5404,1984,209150.0983
5404,1985,263732.5546
5404,1986,270587.0443
5404,1987,291370.9152
5404,1988,316706.0791
5404,1989,318843.9746
5404,1990,373393.3706
5404,1991,398563.2334
5404,1992,434598.895
5404,1993,452451.4246
5404,1994,484123.1345
5404,1995,512235.3586
5404,1996,513326.3465
5404,1997,529911.5669
5404,1998,540281.4622
5404,1999,538099.4863
5404,2000,546728.209
5404,2001,549262.8274
5404,2002,523354.6193
5404,2003,516445.0291
5404,2004,462799.2797
5404,2005,456550.8943
5404,2006,449608.2439
5404,2007,440119.955
5404,2008,423171.072
5404,2009,419909.1283
5404,2010,413297.0803
5404,2011,405428.7432
5404,2012,398100.39
5404,2013,387234.5911
5404,2014,377757.3223
5404,2015,392050.3661
5404,2016,383465.7238
5404,2017,371971.7803
5404,2018,350592.8251
5404,2019,344190.1586
5404,2030,434276.1609
5404,2050,395197.9213
5500,1961,3967.2288
5500,1962,4182.1204
5500,1963,4215.1806
5500,1964,4248.2408
5500,1965,4512.7228
5500,1966,5322.6986
5500,1967,6198.795
5500,1968,6198.795
5500,1969,7851.807
5500,1970,10496.6262
5500,1971,10000.7226
5500,1972,11504.9635
5500,1973,12414.1201
5500,1974,10777.6382
5500,1975,8595.6624
5500,1976,7322.8432
5500,1977,8099.7588
5500,1978,7306.313
5500,1979,9719.7106
5500,1980,19042.6982
5500,1981,16315.2284
5500,1982,12943.084
5500,1983,9157.6865
5500,1984,10480.0961
5500,1985,12496.7707
5500,1986,11290.072
5500,1987,22381.7825
5500,1988,28299.5654
5500,1989,20480.8187
5500,1990,22679.3246
5500,1991,26365.5414
5500,1992,24067.8547
5500,1993,19935.3247
5500,1994,16017.6863
5500,1995,18728.626
5500,1996,22414.8427
5500,1997,22233.0114
5500,1998,23059.5174
5500,1999,24117.4451
5500,2000,24679.4692
5500,2001,14232.4333
5500,2002,12050.4575
5500,2003,15240.7706
5500,2004,13753.0598
5500,2005,12876.9635
5500,2006,21770.168
5500,2007,35242.2158
5500,2008,27406.939
5500,2009,22497.4933
5500,2010,22547.0837
5500,2011,22613.2042
5500,2012,22662.7945
5500,2013,22728.915
5500,2014,22761.9752
5500,2015,22761.9752
5500,2016,22745.4451
5500,2017,22811.5656
5500,2018,22381.7825
5500,2019,21274.2644
5500,2030,34894.5709
5500,2050,40930.9905
5501,1961,3901.1083
5501,1962,4099.4698
5501,1963,4115.9999
5501,1964,4132.53
5501,1965,4380.4818
5501,1966,5173.9276
5501,1967,6000.4336
5501,1968,5950.8432
5501,1969,7570.795
5501,1970,10182.5539
5501,1971,9670.1202
5501,1972,11157.831
5501,1973,12033.9274
5501,1974,10364.3852
5501,1975,8165.8793
5501,1976,6876.5299
5501,1977,7620.3853
5501,1978,6810.4094
5501,1979,9207.2768
5501,1980,18414.5537
5501,1981,15720.1441
5501,1982,12331.4695
5501,1983,8546.072
5501,1984,9835.4214
5501,1985,11785.9756
5501,1986,10562.7467
5501,1987,21637.9271
5501,1988,27522.6498
5501,1989,19670.8428
5501,1990,21819.7584
5501,1991,25472.9149
5501,1992,23175.2282
5501,1993,18993.1079
5501,1994,15025.8791
5501,1995,17687.2284
5501,1996,21356.915
5501,1997,21175.0837
5501,1998,21951.9994
5501,1999,22993.3969
5501,2000,23472.7704
5501,2001,13009.2044
5501,2002,10810.6985
5501,2003,14001.0116
5501,2004,12496.7707
5501,2005,11620.6744
5501,2006,20513.8789
5501,2007,33903.2761
5501,2008,26051.4691
5501,2009,21142.0235
5501,2010,21092.4331
5501,2011,21142.0235
5501,2012,21175.0837
5501,2013,21241.2042
5501,2014,21274.2644
5501,2015,21257.7343
5501,2016,21191.6138
5501,2017,21241.2042
5501,2018,20778.3608
5501,2019,19654.3127
5501,2030,32204.8063
5501,2050,35840.6888
5502,1961,66.1205
5502,1962,82.6506
5502,1963,99.1807
5502,1964,115.7108
5502,1965,132.241
5502,1966,148.7711
5502,1967,198.3614
5502,1968,247.9518
5502,1969,281.012
5502,1970,314.0723
5502,1971,330.6024
5502,1972,347.1325
5502,1973,380.1928
5502,1974,413.253
5502,1975,429.7831
5502,1976,446.3132
5502,1977,479.3735
5502,1978,495.9036
5502,1979,512.4337
5502,1980,628.1446
5502,1981,595.0843
5502,1982,611.6144
5502,1983,611.6144
5502,1984,644.6747
5502,1985,710.7952
5502,1986,727.3253
5502,1987,743.8554
5502,1988,776.9156
5502,1989,809.9759
5502,1990,859.5662
5502,1991,892.6265
5502,1992,892.6265
5502,1993,942.2168
5502,1994,991.8072
5502,1995,1041.3976
5502,1996,1057.9277
5502,1997,1057.9277
5502,1998,1107.518
5502,1999,1124.0482
5502,2000,1206.6988
5502,2001,1223.2289
5502,2002,1239.759
5502,2003,1239.759
5502,2004,1256.2891
5502,2005,1256.2891
5502,2006,1256.2891
5502,2007,1338.9397
5502,2008,1355.4698
5502,2009,1355.4698
5502,2010,1454.6506
5502,2011,1471.1807
5502,2012,1487.7108
5502,2013,1487.7108
5502,2014,1487.7108
5502,2015,1504.2409
5502,2016,1553.8313
5502,2017,1570.3614
5502,2018,1603.4216
5502,2019,1619.9518
5502,2030,2689.7646
5502,2050,5090.3017
57,1992,10871.3089
57,1993,10799.6784
57,1994,7163.052
57,1995,5510.04
57,1996,4959.036
57,1997,5510.04
57,1998,5510.04
57,1999,6061.044
57,2000,5510.04
57,2001,5510.04
57,2002,4959.036
57,2003,4959.036
57,2004,3080.1124
57,2005,3306.024
57,2006,3857.028
57,2007,4408.032
57,2008,4959.036
57,2009,5510.04
57,2010,5510.04
57,2011,6061.044
57,2012,6612.048
57,2013,7163.052
57,2014,8727.9034
57,2015,8871.1644
57,2016,9003.4054
57,2017,8805.0439
57,2018,6463.2769
57,2019,5096.787
57,2030,6283.7543
57,2050,8994.5177
5706,1961,153493.1843
5706,1962,150209.2004
5706,1963,161719.674
5706,1964,163515.947
5706,1965,154319.6903
5706,1966,152104.6542
5706,1967,161389.0716
5706,1968,175423.1435
5706,1969,194074.6289
5706,1970,230121.3106
5706,1971,283188.5058
5706,1972,319334.3682
5706,1973,394849.4664
5706,1974,418245.0962
5706,1975,403847.3617
5706,1976,405682.205
5706,1977,430113.7224
5706,1978,450903.1033
5706,1979,500680.8047
5706,1980,545482.9399
5706,1981,601916.7696
5706,1982,632387.2908
5706,1983,620099.9016
5706,1984,599795.4042
5706,1985,668907.8359
5706,1986,699157.9555
5706,1987,724966.9829
5706,1988,766358.4034
5706,1989,789340.7802
5706,1990,864855.8784
5706,1991,878432.617
5706,1992,934469.7238
5706,1993,956272.952
5706,1994,1025804.1468
5706,1995,1107286.6183
5706,1996,1158585.0907
5706,1997,1160711.9662
5706,1998,1185523.6763
5706,1999,1160331.7734
5706,2000,1168376.4318
5706,2001,1205596.752
5706,2002,1228220.9762
5706,2003,1123623.8869
5706,2004,1059729.4631
5706,2005,1056180.9973
5706,2006,1039744.548
5706,2007,997427.4408
5706,2008,986600.2122
5706,2009,959854.478
5706,2010,943247.2175
5706,2011,927080.7601
5706,2012,927725.4348
5706,2013,913019.138
5706,2014,898461.6124
5706,2015,929290.2862
5706,2016,910087.7968
5706,2017,927714.4147
5706,2018,508984.435
5706,2019,506212.8848
5706,2030,1000474.4543
5706,2050,914206.199
5707,1961,109633.2659
5707,1962,113104.5911
5707,1963,119700.109
5707,1964,120581.7154
5707,1965,105500.7359
5707,1966,108343.9165
5707,1967,116724.6874
5707,1968,127441.7152
5707,1969,144770.791
5707,1970,177269.0069
5707,1971,233036.1217
5707,1972,261060.1852
5707,1973,323053.6452
5707,1974,349986.7207
5707,1975,348724.9216
5707,1976,340608.6326
5707,1977,373823.1538
5707,1978,391659.1532
5707,1979,430604.116
5707,1980,473643.0384
5707,1981,511915.7762
5707,1982,547841.237
5707,1983,529757.2858
5707,1984,521178.1535
5707,1985,582245.9268
5707,1986,600506.1994
5707,1987,627549.4757
5707,1988,662736.5911
5707,1989,683239.45
5707,1990,759107.1907
5707,1991,770887.6562
5707,1992,822042.8676
5707,1993,843592.634
5707,1994,892395.0583
5707,1995,970549.4657
5707,1996,1013120.0347
5707,1997,1016348.9182
5707,1998,1052180.7083
5707,1999,1043518.9254
5707,2000,1033766.1546
5707,2001,1064506.6678
5707,2002,1104873.2208
5707,2003,1040730.8452
5707,2004,979315.9393
5707,2005,979756.7425
5707,2006,972268.5982
5707,2007,955198.4942
5707,2008,925835.4911
5707,2009,911366.126
5707,2010,900268.9055
5707,2011,883771.8457
5707,2012,886433.195
5707,2013,867836.81
5707,2014,856585.3084
5707,2015,881903.9422
5707,2016,863803.4608
5707,2017,882532.0867
5707,2018,463802.107
5707,2019,463234.5728
5707,2030,940521.5164
5707,2050,859738.0541
58,1961,1851.3734
58,1962,1851.3734
58,1963,2082.7951
58,1964,2082.7951
58,1965,2082.7951
58,1966,2082.7951
58,1967,2314.2168
58,1968,2314.2168
58,1969,2314.2168
58,1970,2314.2168
58,1971,2314.2168
58,1972,2314.2168
58,1973,2314.2168
58,1974,2314.2168
58,1975,2314.2168
58,1976,2314.2168
58,1977,2545.6385
58,1978,2545.6385
58,1979,2545.6385
58,1980,2777.0602
58,1981,2777.0602
58,1982,3008.4818
58,1983,3239.9035
58,1984,3239.9035
58,1985,3239.9035
58,1986,3702.7469
58,1987,3702.7469
58,1988,3702.7469
58,1989,3702.7469
58,1990,3702.7469
58,1991,3702.7469
58,1992,3702.7469
58,1993,3702.7469
58,1994,3702.7469
58,1995,3702.7469
58,1996,3702.7469
58,1997,3702.7469
58,1998,3934.1686
58,1999,3702.7469
58,2000,24530.6981
58,2001,50912.7696
58,2002,59475.3718
58,2003,74054.9376
58,2004,384854.2538
58,2005,49755.6612
58,2006,45358.6493
58,2007,56466.8899
58,2008,81923.2747
58,2009,80766.1663
58,2010,66418.0222
58,2011,61789.5886
58,2012,18282.3127
58,2013,32861.8786
58,2014,120339.2736
58,2015,67343.7089
58,2016,65029.4921
58,2017,49061.3962
58,2018,51144.1913
58,2019,52995.5647
58,2030,88000.1766
58,2050,98910.5517
5801,1961,219481.4233
5801,1962,242028.507
5801,1963,264575.5907
5801,1964,287122.6744
5801,1965,310160.1516
5801,1966,332462.0385
5801,1967,355009.1222
5801,1968,399871.8679
5801,1969,444734.6135
5801,1970,489597.3592
5801,1971,534460.1049
5801,1972,579322.8506
5801,1973,624430.793
5801,1974,535154.3699
5801,1975,580017.1156
5801,1976,535617.2133
5801,1977,535617.2133
5801,1978,647426.945
5801,1979,669974.0287
5801,1980,536311.4783
5801,1981,581865.734
5801,1982,537019.5185
5801,1983,492619.6162
5801,1984,492619.6162
5801,1985,626758.7849
5801,1986,671390.1089
5801,1987,539347.5104
5801,1988,628610.1584
5801,1989,583733.6376
5801,1990,672549.9724
5801,1991,672304.7756
5801,1992,667921.5388
5801,1993,667431.1452
5801,1994,712062.4692
5801,1995,734378.1312
5801,1996,756693.7932
5801,1997,801771.4304
5801,1998,846402.7544
5801,1999,928970.7038
5801,2000,994132.4369
5801,2001,950658.2213
5801,2002,973866.5098
5801,2003,965204.7269
5801,2004,948062.9924
5801,2005,967254.4618
5801,2006,981982.7987
5801,2007,973056.5339
5801,2008,1023043.6168
5801,2009,1056517.1098
5801,2010,1079970.595
5801,2011,1096037.8717
5801,2012,1085326.3539
5801,2013,1064795.9449
5801,2014,1101839.9438
5801,2015,1136206.0633
5801,2016,1155397.5326
5801,2017,1163431.1709
5801,2018,1173696.3754
5801,2019,1161199.6047
5801,2030,1455560.5128
5801,2050,2482973.0651
5802,1961,29175.6618
5802,1962,35192.6255
5802,1963,37506.8423
5802,1964,37738.264
5802,1965,38432.529
5802,1966,38895.3724
5802,1967,40035.9506
5802,1968,38415.9989
5802,1969,37473.782
5802,1970,36779.517
5802,1971,35638.9387
5802,1972,37275.4206
5802,1973,37969.6856
5802,1974,37539.9025
5802,1975,39787.9988
5802,1976,36432.3845
5802,1977,34647.1315
5802,1978,36928.2881
5802,1979,37391.1314
5802,1980,39457.3964
5802,1981,40151.6615
5802,1982,41077.3482
5802,1983,43606.4566
5802,1984,43837.8782
5802,1985,43837.8782
5802,1986,46614.9384
5802,1987,47309.2034
5802,1988,52532.7214
5802,1989,52764.143
5802,1990,55937.9261
5802,1991,57557.8778
5802,1992,1263843.3848
5802,1993,1143145.9586
5802,1994,953041.3136
5802,1995,749194.6288
5802,1996,609851.2272
5802,1997,579559.7823
5802,1998,515422.9167
5802,1999,527994.073
5802,2000,554450.53
5802,2001,544524.193
5802,2002,555078.6746
5802,2003,574854.2081
5802,2004,649195.6678
5802,2005,662339.8682
5802,2006,575920.4009
5802,2007,705698.373
5802,2008,852386.6579
5802,2009,854987.3968
5802,2010,847496.4974
5802,2011,957898.4138
5802,2012,1113493.6784
5802,2013,1360547.3419
5802,2014,1183889.9494
5802,2015,1473511.4269
5802,2016,1405275.0916
5802,2017,1381474.4738
5802,2018,1380953.775
5802,2019,1393789.4132
5802,2030,1124624.2457
5802,2050,1527766.562
5803,1961,43738.6975
5803,1962,43986.6493
5803,1963,44234.6011
5803,1964,44713.9746
5803,1965,45193.3481
5803,1966,45441.2999
5803,1967,45953.7336
5803,1968,46234.7456
5803,1969,46499.2276
5803,1970,46763.7095
5803,1971,47011.6613
5803,1972,47259.6131
5803,1973,47524.095
5803,1974,48019.9986
5803,1975,48267.9504
5803,1976,48515.9022
5803,1977,48548.9624
5803,1978,49028.3359
5803,1979,49276.2877
5803,1980,49623.4202
5803,1981,50962.36
5803,1982,50763.9985
5803,1983,50995.4202
5803,1984,51954.1672
5803,1985,58037.2513
5803,1986,57359.5164
5803,1987,57838.8899
5803,1988,57640.5284
5803,1989,56285.0586
5803,1990,54962.649
5803,1991,55227.1309
5803,1992,51061.5407
5803,1993,51111.131
5803,1994,51160.7214
5803,1995,53293.1069
5803,1996,53309.637
5803,1997,61392.8657
5803,1998,63062.4078
5803,1999,60764.7211
5803,2000,65938.6487
5803,2001,68963.6606
5803,2002,71757.2509
5803,2003,73608.6244
5803,2004,71079.516
5803,2005,72005.2027
5803,2006,72468.0461
5803,2007,70699.3232
5803,2008,71410.1184
5803,2009,73261.4918
5803,2010,75426.9376
5803,2011,76831.9978
5803,2012,78005.6363
5803,2013,79394.1664
5803,2014,79162.7447
5803,2015,79179.2748
5803,2016,80154.5519
5803,2017,79939.6603
5803,2018,80435.5639
5803,2019,81146.3591
5803,2030,135045.9726
5803,2050,235693.1126
5815,1961,299123.5415
5815,1962,332624.5847
5815,1963,362604.7123
5815,1964,393758.4785
5815,1965,404569.177
5815,1966,431810.8147
5815,1967,467323.0225
5815,1968,500449.383
5815,1969,544584.8034
5815,1970,597663.0187
5815,1971,640514.5998
5815,1972,673977.0727
5815,1973,721969.5211
5815,1974,651997.5232
5815,1975,717814.951
5815,1976,665596.3019
5815,1977,666549.5388
5815,1978,782772.8125
5815,1979,804146.2577
5815,1980,668973.9564
5815,1981,725236.9748
5815,1982,688606.2289
5815,1983,629395.3391
5815,1984,616485.3154
5815,1985,719864.6858
5815,1986,758627.8172
5815,1987,630106.1342
5815,1988,722829.0874
5815,1989,687195.6587
5815,1990,780926.9491
5815,1991,776232.395
5815,1992,1203552.5272
5815,1993,1167183.5081
5815,1994,1063804.1377
5815,1995,1027897.962
5815,1996,985569.8347
5815,1997,1054690.5315
5815,1998,1048541.3269
5815,1999,1146278.4164
5815,2000,1234251.715
5815,2001,1179919.9656
5815,2002,1210869.8603
5815,2003,1184862.4715
5815,2004,1205031.9729
5815,2005,1184427.1783
5815,2006,1222264.623
5815,2007,1238034.3575
5815,2008,1295718.9662
5815,2009,1316062.0339
5815,2010,1331035.5676
5815,2011,1356384.5066
5815,2012,1372118.4259
5815,2013,1366900.418
5815,2014,1392378.8429
5815,2015,1429455.9021
5815,2016,1438506.1428
5815,2017,1438068.0946
5815,2018,1455347.5801
5815,2019,1443748.9459
5815,2030,2105664.7862
5815,2050,3491628.5954
5817,1961,479803.2631
5817,1962,510670.5072
5817,1963,536060.7715
5817,1964,565809.4775
5817,1965,594037.4124
5817,1966,620356.1185
5817,1967,642616.6801
5817,1968,691551.3453
5817,1969,742386.9743
5817,1970,790484.1135
5817,1971,838972.4655
5817,1972,886678.3918
5817,1973,935748.053
5817,1974,849314.8106
5817,1975,897803.1626
5817,1976,858593.7179
5817,1977,865404.1274
5817,1978,982013.1039
5817,1979,998014.2601
5817,1980,872671.8701
5817,1981,922634.1578
5817,1982,880295.0105
5817,1983,1006833.0791
5817,1984,1088117.1892
5817,1985,1275813.9467
5817,1986,1374002.8595
5817,1987,1295517.8498
5817,1988,1441908.5925
5817,1989,1512627.2009
5817,1990,3072883.1875
5817,1991,3066334.505
5817,1992,3334984.7702
5817,1993,3735283.6662
5817,1994,3954423.467
5817,1995,3960225.5392
5817,1996,3933893.058
5817,1997,4360618.1058
5817,1998,4165612.2802
5817,1999,4439284.9469
5817,2000,4725784.9867
5817,2001,5105806.9355
5817,2002,4922884.6276
5817,2003,4717371.1556
5817,2004,5022015.7572
5817,2005,5404572.3244
5817,2006,5864721.2748
5817,2007,7371469.263
5817,2008,7816641.9247
5817,2009,8201992.0822
5817,2010,9374768.2809
5817,2011,9521423.5055
5817,2012,10870892.912
5817,2013,11454935.1118
5817,2014,11868667.4853
5817,2015,11953748.0129
5817,2016,13212367.8799
5817,2017,13562723.7733
5817,2018,14117507.6607
5817,2019,14646405.3802
5817,2030,10509205.007
5817,2050,14685714.3141
5848,1961,1803491.1924
5848,1962,1640564.8196
5848,1963,1587475.5842
5848,1964,1537122.0837
5848,1965,1511180.8154
5848,1966,1601578.5316
5848,1967,1664632.6744
5848,1968,1553809.2398
5848,1969,1648659.0684
5848,1970,1803601.3932
5848,1971,1931665.7429
5848,1972,2060286.6066
5848,1973,2173151.5109
5848,1974,2287809.9333
5848,1975,2250517.9826
5848,1976,2209699.6063
5848,1977,2414642.789
5848,1978,2548492.6807
5848,1979,2715099.7602
5848,1980,2924599.7461
5848,1981,3073031.9586
5848,1982,3071277.0109
5848,1983,3142568.6634
5848,1984,3167358.3334
5848,1985,3342142.3122
5848,1986,3504060.3476
5848,1987,3659592.2467
5848,1988,3606387.3005
5848,1989,3733881.361
5848,1990,3971791.1131
5848,1991,4072801.1664
5848,1992,4069307.801
5848,1993,4078256.106
5848,1994,4174081.2116
5848,1995,4219919.2344
5848,1996,4238785.6114
5848,1997,5116689.2645
5848,1998,4455520.2797
5848,1999,4332547.207
5848,2000,4309008.3161
5848,2001,4187434.7936
5848,2002,4155944.915
5848,2003,4372731.9287
5848,2004,4194228.6729
5848,2005,4069277.4958
5848,2006,3911403.8297
5848,2007,3720552.5743
5848,2008,3951682.2221
5848,2009,3595821.7988
5848,2010,3632325.8138
5848,2011,3496032.2194
5848,2012,3605957.5174
5848,2013,3581685.7912
5848,2014,3581399.2691
5848,2015,3526651.5116
5848,2016,3737928.4854
5848,2017,4031602.5973
5848,2018,3638532.8738
5848,2019,3773903.5366
5848,2030,5141902.7777
5848,2050,6152754.9764
5849,1961,2931437.7057
5849,1962,2933258.7739
5849,1963,3023188.1368
5849,1964,3186591.128
5849,1965,3261310.0254
5849,1966,3526618.4514
5849,1967,3519879.6725
5849,1968,3746405.6819
5849,1969,3845795.7835
5849,1970,4068445.4798
5849,1971,4412817.4697
5849,1972,3989522.4218
5849,1973,4362196.7323
5849,1974,4912443.1018
5849,1975,5358615.8357
5849,1976,5616122.0451
5849,1977,6009004.4272
5849,1978,6328526.1368
5849,1979,6637479.5896
5849,1980,6592283.4865
5849,1981,5980644.2513
5849,1982,7351564.2435
5849,1983,8559053.6942
5849,1984,7928856.6443
5849,1985,8122140.5825
5849,1986,8752351.4075
5849,1987,8354223.4673
5849,1988,7755373.0349
5849,1989,6842061.8648
5849,1990,8282380.8107
5849,1991,8336007.275
5849,1992,10186650.6347
5849,1993,10594988.6791
5849,1994,12469088.279
5849,1995,12605076.0662
5849,1996,13425465.9218
5849,1997,13977188.9821
5849,1998,14488506.919
5849,1999,15533216.013
5849,2000,17072313.446
5849,2001,18232190.6411
5849,2002,18099632.8538
5849,2003,18637032.5651
5849,2004,20427464.9627
5849,2005,20640392.1934
5849,2006,21211091.8314
5849,2007,24319911.4998
5849,2008,25644552.666
5849,2009,25931366.7781
5849,2010,27845607.0195
5849,2011,28575389.7773
5849,2012,30228467.8978
5849,2013,31043747.1913
5849,2014,31523514.6392
5849,2015,31577683.8424
5849,2016,33040704.1532
5849,2017,32757460.547
5849,2018,33470090.5503
5849,2019,35699191.0074
5849,2030,32528169.4424
5849,2050,40180508.6194
5873,1961,3084134.6892
5873,1962,2915466.8548
5873,1963,2968109.7769
5873,1964,3104789.0741
5873,1965,3147310.0528
5873,1966,3394473.9171
5873,1967,3514369.6325
5873,1968,3560158.0649
5873,1969,3674860.5676
5873,1970,3937331.323
5873,1971,4276716.7267
5873,1972,3862659.2609
5873,1973,4259599.7875
5873,1974,4835848.0357
5873,1975,5124946.0594
5873,1976,5549770.1434
5873,1977,6003866.3149
5873,1978,6170321.8683
5873,1979,6502097.9068
5873,1980,6697415.0497
5873,1981,5936291.1844
5873,1982,7282663.9483
5873,1983,8313259.0749
5873,1984,7459522.4572
5873,1985,7588454.6382
5873,1986,8173585.0709
5873,1987,7910645.9621
5873,1988,7076007.1431
5873,1989,6010632.644
5873,1990,6001579.6483
5873,1991,6286928.0898
5873,1992,6239296.549
5873,1993,6240475.6976
5873,1994,8094978.8403
5873,1995,8511008.9005
5873,1996,9303046.8452
5873,1997,10275849.9173
5873,1998,10275158.4073
5873,1999,10786889.5972
5873,2000,11545164.7718
5873,2001,11778826.2831
5873,2002,11525480.1539
5873,2003,12046448.9259
5873,2004,12641783.9527
5873,2005,12655644.4583
5873,2006,12606789.6887
5873,2007,12725327.1792
5873,2008,12789312.5187
5873,2009,12279286.6862
5873,2010,12811818.2771
5873,2011,13103836.622
5873,2012,13132174.7577
5873,2013,12966509.8951
5873,2014,13103715.4011
5873,2015,12775168.246
5873,2016,12434746.9547
5873,2017,12053223.5201
5873,2018,11637160.3997
5873,2019,13253205.5413
5873,2030,16671103.7019
5873,2050,19065494.6447
59,1961,253952.2336
59,1962,257969.0527
59,1963,261985.8719
59,1964,266449.0043
59,1965,270465.8234
59,1966,274482.6426
59,1967,278499.4618
59,1968,282962.5942
59,1969,286979.4133
59,1970,290996.2325
59,1971,295013.0516
59,1972,299029.8708
59,1973,302600.3767
59,1974,306617.1959
59,1975,310634.015
59,1976,314650.8342
59,1977,319113.9666
59,1978,323130.7858
59,1979,327147.6049
59,1980,331164.4241
59,1981,335181.2432
59,1982,339644.3756
59,1983,510582.3466
59,1984,547626.3455
59,1985,556552.6103
59,1986,565478.8751
59,1987,574405.1399
59,1988,583331.4047
59,1989,592257.6695
59,1990,601630.2475
59,1991,586901.9106
59,1992,609217.5726
59,1993,632872.1743
59,1994,656973.0893
59,1995,677057.1851
59,1996,572619.8869
59,1997,703389.6662
59,1998,522186.4908
59,1999,562354.6824
59,2000,432923.8428
59,2001,624838.536
59,2002,598059.7416
59,2003,606986.0064
59,2004,439618.5414
59,2005,659650.9687
59,2006,629301.6684
59,2007,670362.4865
59,2008,581546.1517
59,2009,561908.3692
59,2010,728829.5209
59,2011,854689.8546
59,2012,824786.8675
59,2013,1485776.776
59,2014,1538888.0515
59,2015,1443823.3314
59,2016,1452749.5962
59,2017,1467477.9331
59,2018,1495149.354
59,2019,1512109.2571
59,2030,1047413.7137
59,2050,1594126.0097
63,1992,914.6666
63,1993,374.6827
63,1994,220.4016
63,1995,242.4418
63,1996,275.502
63,1997,275.502
63,1998,220.4016
63,1999,220.4016
63,2000,220.4016
63,2001,220.4016
63,2002,220.4016
63,2003,110.2008
63,2004,66.1205
63,2005,88.1606
63,2006,99.1807
63,2007,88.1606
63,2008,77.1406
63,2009,99.1807
63,2010,99.1807
63,2011,110.2008
63,2012,132.241
63,2013,143.261
63,2014,143.261
63,2015,110.2008
63,2016,110.2008
63,2017,110.2008
63,2030,88.7447
63,2050,80.6229
66,1961,49.5904
66,1962,66.1205
66,1963,82.6506
66,1964,99.1807
66,1965,115.7108
66,1966,132.241
66,1967,181.8313
66,1968,231.4217
66,1969,264.4819
66,1970,297.5422
66,1971,314.0723
66,1972,330.6024
66,1973,363.6626
66,1974,396.7229
66,1975,413.253
66,1976,429.7831
66,1977,462.8434
66,1978,479.3735
66,1979,495.9036
66,1980,512.4337
66,1981,528.9638
66,1982,545.494
66,1983,562.0241
66,1984,578.5542
66,1985,628.1446
66,1986,661.2048
66,1987,661.2048
66,1988,710.7952
66,1989,743.8554
66,1990,793.4458
66,1991,826.506
66,1992,826.506
66,1993,859.5662
66,1994,909.1566
66,1995,958.747
66,1996,958.747
66,1997,958.747
66,1998,991.8072
66,1999,991.8072
66,2000,1074.4578
66,2001,1074.4578
66,2002,1074.4578
66,2003,1074.4578
66,2004,1074.4578
66,2005,1074.4578
66,2006,1074.4578
66,2007,1157.1084
66,2008,1157.1084
66,2009,1157.1084
66,2010,1239.759
66,2011,1239.759
66,2012,1239.759
66,2013,1239.759
66,2014,1239.759
66,2015,1256.2891
66,2016,1289.3494
66,2017,1305.8795
66,2018,1322.4096
66,2019,1338.9397
66,2030,2308.8115
66,2050,4369.357
67,1989,5785.542
67,1990,5454.9396
67,1991,5785.542
67,1992,5565.1404
67,1993,5730.4416
67,1994,5510.04
67,1995,5840.6424
67,1996,5730.4416
67,1997,5454.9396
67,1998,5840.6424
67,1999,5565.1404
67,2000,5730.4416
67,2001,5510.04
67,2002,5454.9396
67,2003,5675.3412
67,2004,5895.7428
67,2005,5454.9396
67,2006,5432.8994
67,2007,4749.6545
67,2008,4573.3332
67,2009,3372.1445
67,2010,3085.6224
67,2011,3394.1846
67,2012,3250.9236
67,2013,3019.5019
67,2014,3217.8634
67,2015,2710.9397
67,2016,2865.2208
67,2017,3217.8634
67,2018,3295.0039
67,2019,2898.281
67,2030,5036.9039
67,2050,4576.0992
68,1961,17632.128
68,1962,17632.128
68,1963,18734.136
68,1964,18734.136
68,1965,19836.144
68,1966,19836.144
68,1967,19836.144
68,1968,22040.16
68,1969,24751.0997
68,1970,28519.967
68,1971,33820.6255
68,1972,46063.9344
68,1973,95874.696
68,1974,105869.9086
68,1975,105605.4266
68,1976,96657.1217
68,1977,115644.7195
68,1978,122598.39
68,1979,131745.0564
68,1980,151933.843
68,1981,175296.4126
68,1982,204158.0021
68,1983,177423.288
68,1984,177423.288
68,1985,227774.0335
68,1986,231333.5194
68,1987,245604.523
68,1988,256360.121
68,1989,265550.8678
68,1990,291238.6742
68,1991,323968.3118
68,1992,344068.9378
68,1993,359761.5317
68,1994,386253.804
68,1995,411401.6266
68,1996,408878.0282
68,1997,424328.1804
68,1998,425782.831
68,1999,418223.0561
68,2000,420360.9516
68,2001,420867.8753
68,2002,392843.8118
68,2003,377129.1778
68,2004,339594.7853
68,2005,314358.8021
68,2006,309598.1275
68,2007,296914.0154
68,2008,273904.0884
68,2009,266652.8758
68,2010,267347.1408
68,2011,261649.7594
68,2012,247422.8362
68,2013,222495.4152
68,2014,233779.9771
68,2015,235664.4108
68,2016,227851.1741
68,2017,221900.3309
68,2018,207508.1064
68,2019,201204.6206
68,2030,296616.1647
68,2050,269480.2756
73,1992,297321.7584
73,1993,273848.988
73,1994,266024.7312
73,1995,266024.7312
73,1996,331357.2755
73,1997,212037.3593
73,1998,195606.42
73,1999,195606.42
73,2000,195606.42
73,2001,117363.852
73,2002,156485.136
73,2003,234727.704
73,2004,195606.42
73,2005,209690.0822
73,2006,187782.1632
73,2007,136924.494
73,2008,156485.136
73,2009,188564.5889
73,2010,189738.2274
73,2011,184261.2476
73,2012,179957.9064
73,2013,156485.136
73,2014,172133.6496
73,2015,195606.42
73,2016,185434.8862
73,2017,165483.0313
73,2018,167439.0955
73,2019,165874.2442
73,2030,309657.8729
73,2050,415722.3244
79,1961,3956.2087
79,1962,3890.0882
79,1963,3724.787
79,1964,4231.7107
79,1965,4242.7308
79,1966,4143.5501
79,1967,4286.8111
79,1968,5124.3372
79,1969,5256.5782
79,1970,6766.3291
79,1971,9300.9475
79,1972,8463.4214
79,1973,7592.8351
79,1974,9422.1684
79,1975,8121.799
79,1976,9763.7909
79,1977,11383.7426
79,1978,12816.353
79,1979,14910.1682
79,1980,17433.7666
79,1981,16728.4814
79,1982,17191.3248
79,1983,20673.6701
79,1984,21026.3126
79,1985,23384.6098
79,1986,24343.3567
79,1987,29192.1919
79,1988,30856.224
79,1989,34922.6335
79,1990,55419.9823
79,1991,49898.9222
79,1992,61425.9259
79,1993,65933.1386
79,1994,70429.3313
79,1995,74198.1986
79,1996,77967.066
79,1997,78242.568
79,1998,84854.616
79,1999,91631.9652
79,2000,96976.704
79,2001,100679.4509
79,2002,104371.1777
79,2003,116856.9283
79,2004,99180.72
79,2005,116934.0689
79,2006,115710.84
79,2007,120030.7114
79,2008,126730.92
79,2009,132240.96
79,2010,125011.7875
79,2011,123380.8157
79,2012,132240.96
79,2013,146082.1805
79,2014,126730.92
79,2015,137376.3173
79,2016,136208.1888
79,2017,132240.96
79,2018,132240.96
79,2019,132240.96
79,2030,113598.2135
79,2050,103205.694
80,1992,110.2008
80,1993,110.2008
80,1994,110.2008
80,1995,110.2008
80,1996,110.2008
80,1997,110.2008
80,1998,275.502
80,1999,385.7028
80,2000,440.8032
80,2001,495.9036
80,2002,495.9036
80,2003,661.2048
80,2004,440.8032
80,2005,551.004
80,2006,661.2048
80,2007,771.4056
80,2008,826.506
80,2009,881.6064
80,2010,991.8072
80,2011,881.6064
80,2012,1013.8474
80,2013,1322.4096
80,2014,1090.9879
80,2015,1113.0281
80,2016,991.8072
80,2017,991.8072
80,2018,1168.1285
80,2019,1135.0682
80,2030,1077.2128
80,2050,1541.9186
84,1961,6005.9436
84,1962,6116.1444
84,1963,6259.4054
84,1964,5377.799
84,1965,5432.8994
84,1966,3978.2489
84,1967,4452.1123
84,1968,4242.7308
84,1969,3493.3654
84,1970,2413.3975
84,1971,2104.8353
84,1972,1917.4939
84,1973,1807.2931
84,1974,1741.1726
84,1975,1653.012
84,1976,1553.8313
84,1977,1630.9718
84,1978,1619.9518
84,1979,1575.8714
84,1980,1487.7108
84,1981,1586.8915
84,1982,1664.0321
84,1983,1641.9919
84,1984,1741.1726
84,1985,1641.9919
84,1986,1619.9518
84,1987,1641.9919
84,1988,1377.51
84,1989,1410.5702
84,1990,1278.3293
84,1991,1212.2088
84,1992,1168.1285
84,1993,1057.9277
84,1994,1113.0281
84,1995,1113.0281
84,1996,1068.9478
84,1997,1068.9478
84,1998,1046.9076
84,1999,1046.9076
84,2000,1068.9478
84,2001,1068.9478
84,2002,1068.9478
84,2003,1035.8875
84,2004,1024.8674
84,2005,1068.9478
84,2006,1046.9076
84,2007,1035.8875
84,2008,1024.8674
84,2009,1024.8674
84,2010,1157.1084
84,2011,1068.9478
84,2012,1068.9478
84,2013,1113.0281
84,2014,2677.8794
84,2015,2633.7991
84,2016,2942.3614
84,2017,2832.1606
84,2018,2843.1806
84,2030,1015.1918
84,2050,922.3146
87,1981,694.265
87,1982,694.265
87,1983,694.265
87,1984,1619.9518
87,1985,7636.9154
87,1986,6942.6504
87,1987,5554.1203
87,1988,5322.6986
87,1989,3934.1686
87,1990,3008.4818
87,1991,3239.9035
87,1992,3702.7469
87,1993,3702.7469
87,1994,3702.7469
87,1995,5785.542
87,1996,5785.542
87,1997,5785.542
87,1998,5785.542
87,1999,5785.542
87,2000,5785.542
87,2001,5785.542
87,2002,5785.542
87,2003,6479.807
87,2004,5554.1203
87,2005,4165.5902
87,2006,3934.1686
87,2007,3471.3252
87,2008,3471.3252
87,2009,3471.3252
87,2010,3471.3252
87,2011,3471.3252
87,2012,3471.3252
87,2013,3471.3252
87,2014,3471.3252
87,2015,3239.9035
87,2016,2545.6385
87,2017,2314.2168
87,2018,2082.7951
87,2019,1851.3734
87,2030,8080.7822
87,2050,15292.8075
9,1961,161995.176
9,1962,173566.26
9,1963,189765.7776
9,1964,201336.8616
9,1965,212907.9456
9,1966,224479.0296
9,1967,148109.8752
9,1968,161995.176
9,1969,173566.26
9,1970,173566.26
9,1971,173566.26
9,1972,208279.512
9,1973,219850.596
9,1974,254563.848
9,1975,231421.68
9,1976,254563.848
9,1977,231421.68
9,1978,277706.016
9,1979,319361.9184
9,1980,361017.8208
9,1981,430444.3248
9,1982,509127.696
9,1983,578554.2
9,1984,671122.872
9,1985,738235.1592
9,1986,763691.544
9,1987,809975.88
9,1988,809975.88
9,1989,809975.88
9,1990,879402.384
9,1991,631781.1864
9,1992,849780.409
9,1993,856260.216
9,1994,782205.2784
9,1995,671122.872
9,1996,624838.536
9,1997,624838.536
9,1998,624838.536
9,1999,647980.704
9,2000,647980.704
9,2001,647980.704
9,2002,659551.788
9,2003,671122.872
9,2004,671122.872
9,2005,671122.872
9,2006,671122.872
9,2007,682693.956
9,2008,682693.956
9,2009,682693.956
9,2010,694265.04
9,2011,705836.124
9,2012,710464.5576
9,2013,714398.7262
9,2014,717407.208
9,2015,687785.233
9,2016,689173.763
9,2017,694959.305
9,2018,695884.9918
9,2019,696810.6785
9,2030,1044850.3715
9,2050,1266807.599
93,1961,39573.1073
93,1962,39804.529
93,1963,40035.9506
93,1964,40267.3723
93,1965,40498.794
93,1966,40730.2157
93,1967,40961.6374
93,1968,41193.059
93,1969,41424.4807
93,1970,41655.9024
93,1971,41887.3241
93,1972,42118.7458
93,1973,42350.1674
93,1974,42581.5891
93,1975,42813.0108
93,1976,43044.4325
93,1977,43044.4325
93,1978,43275.8542
93,1979,43507.2758
93,1980,43738.6975
93,1981,43970.1192
93,1982,44201.5409
93,1983,44432.9626
93,1984,44432.9626
93,1985,44432.9626
93,1986,44432.9626
93,1987,46284.336
93,1988,46284.336
93,1989,46284.336
93,1990,46284.336
93,1991,46284.336
93,1992,41655.9024
93,1993,41655.9024
93,1994,41655.9024
93,1995,41655.9024
93,1996,41655.9024
93,1997,41655.9024
93,1998,41655.9024
93,1999,41655.9024
93,2000,41655.9024
93,2001,42813.0108
93,2002,42813.0108
93,2003,43970.1192
93,2004,45127.2276
93,2005,45127.2276
93,2006,45127.2276
93,2007,45127.2276
93,2008,45127.2276
93,2009,45127.2276
93,2010,45127.2276
93,2011,45127.2276
93,2012,45127.2276
93,2013,45127.2276
93,2014,45127.2276
93,2015,45127.2276
93,2016,45127.2276
93,2017,45127.2276
93,2018,45127.2276
93,2019,45127.2276
93,2030,79898.5664
93,2050,132359.3157
96,1961,245.1968
96,1962,245.1968
96,1963,245.1968
96,1964,0
96,1965,0
96,1966,0
96,1967,0
96,1968,0
96,1969,0
96,1970,0
96,1971,0
96,1972,0
96,1973,0
96,1974,0
96,1975,0
96,1976,0
96,1977,0
96,1978,0
96,1990,0
96,1991,0
96,1992,0
96,1993,0
96,1994,0
96,1995,0
96,1996,0
96,1997,0
96,1998,0
96,1999,0
96,2000,0
96,2001,0
96,2002,0
96,2003,0
96,2004,0
96,2005,0
96,2006,0
96,2007,0
96,2008,0
96,2009,0
96,2010,0
96,2011,0
96,2012,0
96,2013,0
96,2014,0
96,2015,0
96,2016,0
96,2017,0
96,2018,0
96,2019,0
96,2030,0
96,2050,0
97,1961,1168.1285
97,1962,1327.9196
97,1963,1146.0883
97,1964,1575.8714
97,1965,1564.8514
97,1966,1206.6988
97,1967,1537.3012
97,1968,1228.7389
97,1969,1278.3293
97,1970,3697.2368
97,1971,4672.5139
97,1972,5151.8874
97,1973,5124.3372
97,1974,3961.7188
97,1975,4082.9396
97,1976,3526.4256
97,1977,4016.8192
97,1978,5218.0079
97,1979,5774.5219
97,1980,5521.0601
97,1981,5339.2288
97,1982,6275.9356
97,1983,5917.783
97,1984,5763.5018
97,1985,6623.0681
97,1986,8463.4214
97,1987,6915.1002
97,1988,5928.803
97,1989,7499.1644
97,1990,9642.57
97,1991,8375.2608
97,1992,4358.4416
97,1993,4959.036
97,1994,4606.3934
97,1995,7080.4014
97,1996,9174.2166
97,1997,10942.9394
97,1998,10981.5097
97,1999,10942.9394
97,2000,10243.1644
97,2001,18458.634
97,2002,21621.397
97,2003,17913.14
97,2004,23450.7302
97,2005,19792.0637
97,2006,24326.8266
97,2007,22519.5335
97,2008,24067.8547
97,2009,19433.9111
97,2010,16629.3007
97,2011,17455.8067
97,2012,16524.61
97,2013,15417.0919
97,2014,13940.4012
97,2015,15185.6702
97,2016,15709.124
97,2017,15802.7947
97,2018,16006.6662
97,2019,16530.12
97,2030,21464.4986
97,2050,19500.8195
98,1992,9146.6664
98,1993,8816.064
98,1994,8705.8632
98,1995,8375.2608
98,1996,7714.056
98,1997,7614.8753
98,1998,6942.6504
98,1999,6942.6504
98,2000,5686.3613
98,2001,5476.9798
98,2002,5818.6022
98,2003,5256.5782
98,2004,6490.8271
98,2005,4749.6545
98,2006,6314.5058
98,2007,7460.5942
98,2008,6358.5862
98,2009,6435.7267
98,2010,8000.5781
98,2011,6711.2287
98,2012,5190.4577
98,2013,4892.9155
98,2014,4077.4296
98,2015,5454.9396
98,2016,5642.281
98,2017,5432.8994
98,2018,4870.8754
98,2019,5631.2609
98,2030,10059.9996
98,2050,14399.7953
