geo,year,rice_milled_equivalent_production_cce
10,1961,78706
10,1962,92713
10,1963,93380
10,1964,97382
10,1965,105386
10,1966,124729
10,1967,147407
10,1968,152076
10,1969,178089
10,1970,166750
10,1971,200767
10,1972,165416
10,1973,206103
10,1974,272803
10,1975,258129
10,1976,278139
10,1977,353510
10,1978,326628
10,1979,461665
10,1980,408980
10,1981,506920
10,1982,571619
10,1983,346840
10,1984,422878
10,1985,576288
10,1986,458229
10,1987,366183
10,1988,507587
10,1989,536935
10,1990,616308
10,1991,524929
10,1992,748374
10,1993,636985
10,1994,721694
10,1995,758379
10,1996,634450
10,1997,925796
10,1998,887710
10,1999,926997
10,2000,734167
10,2001,1095881
10,2002,795064
10,2003,292220
10,2004,368927
10,2005,226036
10,2006,669001
10,2007,108721
10,2008,11739
10,2009,43488
10,2010,131199
10,2011,482430
10,2012,612795
10,2013,774464
100,1961,35680831
100,1962,33233643
100,1963,37016504
100,1964,39327654
100,1965,30604294
100,1966,30453224
100,1967,37631006
100,1968,39781086
100,1969,40449908
100,1970,42246318
100,1971,43089534
100,1972,39264924
100,1973,44073364
100,1974,39786550
100,1975,48925784
100,1976,42055617
100,1977,52696735
100,1978,53765866
100,1979,42338292
100,1980,53568104
100,1981,53281966
100,1982,47204721
100,1983,60062016
100,1984,58397717
100,1985,63910403
100,1986,60549865
100,1987,56920915
100,1988,70947989
100,1989,73577170
100,1990,74382105
100,1991,74732014
100,1992,72703800
100,1993,80306799
100,1994,81800879
100,1995,76998480
100,1996,81707499
100,1997,82507899
100,1998,86079684
100,1999,89708767
100,2000,85019085
100,2001,93313299
100,2002,71856112
100,2003,88570262
100,2004,83172968
100,2005,91839293
100,2006,92804373
100,2007,96428189
100,2008,98740011
100,2009,90493885
100,2010,96023326
100,2011,105319299
100,2012,105252599
100,2013,106186399
101,1961,8060028
101,1962,8673668
101,1963,7733865
101,1964,8208102
101,1965,8654325
101,1966,9104550
101,1967,8819074
101,1968,11447588
101,1969,12019473
101,1970,12893777
101,1971,13466730
101,1972,12935531
101,1973,14333496
101,1974,14989498
101,1975,14900246
101,1976,15541727
101,1977,15572542
101,1978,17189657
101,1979,17530534
101,1980,19777817
101,1981,21860378
101,1982,22400328
101,1983,23547106
101,1984,25437011
101,1985,26034971
101,1986,26497754
101,1987,26732154
101,1988,27798012
101,1989,29831962
101,1990,30134227
101,1991,29807056
101,1992,32176085
101,1993,32136785
101,1994,31109880
101,1995,33179341
101,1996,34084700
101,1997,32934499
101,1998,32840879
101,1999,33927883
101,2000,34615966
101,2001,33657353
101,2002,34343630
101,2003,34775779
101,2004,36077011
101,2005,36118783
101,2006,36321445
101,2007,38124012
101,2008,40187465
101,2009,42954058
101,2010,44335084
101,2011,43859852
101,2012,46060437
101,2013,47543568
102,1961,400200
102,1962,567617
102,1963,574287
102,1964,615641
102,1965,681674
102,1966,732366
102,1967,640320
102,1968,653660
102,1969,680340
102,1970,704352
102,1971,697682
102,1972,800400
102,1973,889778
102,1974,875771
102,1975,953810
102,1976,1044722
102,1977,933633
102,1978,1018716
102,1979,832523
102,1980,874137
102,1981,1082987
102,1982,1070636
102,1983,810793
102,1984,989812
102,1985,1184649
102,1986,1189881
102,1987,1202789
102,1988,946022
102,1989,1236626
102,1990,1321340
102,1991,1571853
102,1992,1574212
102,1993,1521272
102,1994,1506732
102,1995,1534701
102,1996,1790740
102,1997,1567533
102,1998,1847973
102,1999,1566277
102,2000,1314965
102,2001,1327479
102,2002,1926296
102,2003,1955069
102,2004,1695809
102,2005,1825474
102,2006,1742321
102,2007,1777046
102,2008,1380690
102,2009,1425379
102,2010,1660830
102,2011,1262640
102,2012,1574120
102,2013,1634147
103,1961,45658
103,1962,75438
103,1963,95525
103,1964,122961
103,1965,119015
103,1966,121452
103,1967,210052
103,1968,235785
103,1969,212106
103,1970,120193
103,1971,204569
103,1972,178756
103,1973,104466
103,1974,46216
103,1975,40380
103,1976,108961
103,1977,132893
103,1978,114724
103,1979,105253
103,1980,111322
103,1981,108187
103,1982,108988
103,1983,73704
103,1984,72503
103,1985,99316
103,1986,94180
103,1987,130665
103,1988,93780
103,1989,154611
103,1990,152610
103,1991,126132
103,1992,120060
103,1993,137402
103,1994,255461
103,1995,210105
103,1996,180090
103,1997,162748
103,1998,200100
103,1999,120060
103,2000,40020
103,2001,85376
103,2002,166750
103,2003,60030
103,2004,166750
103,2005,206103
103,2006,242121
103,2007,262131
103,2008,165521
103,2009,115440
103,2010,103938
103,2011,156824
103,2012,241013
103,2013,301383
106,1961,466767
106,1962,442221
106,1963,376388
106,1964,416208
106,1965,339436
106,1966,414207
106,1967,496715
106,1968,432283
106,1969,574887
106,1970,545940
106,1971,595164
106,1972,500917
106,1973,685209
106,1974,684142
106,1975,661331
106,1976,590095
106,1977,455161
106,1978,631782
106,1979,738502
106,1980,645456
106,1981,595831
106,1982,672203
106,1983,681207
106,1984,672870
106,1985,748841
106,1986,758512
106,1987,709888
106,1988,729231
106,1989,831015
106,1990,860897
106,1991,824145
106,1992,848145
106,1993,870502
106,1994,907467
106,1995,881007
106,1996,949808
106,1997,962093
106,1998,929481
106,1999,951876
106,2000,820255
106,2001,849059
106,2002,914524
106,2003,935367
106,2004,1016132
106,2005,942442
106,2006,946559
106,2007,1027238
106,2008,926396
106,2009,1080807
106,2010,1011439
106,2011,993930
106,2012,1068186
106,2013,955885
107,1961,104052
107,1962,152743
107,1963,146073
107,1964,165416
107,1965,166750
107,1966,183825
107,1967,229848
107,1968,243722
107,1969,202101
107,1970,210505
107,1971,256795
107,1972,213440
107,1973,223445
107,1974,270802
107,1975,330832
107,1976,306820
107,1977,318159
107,1978,336168
107,1979,356178
107,1980,280140
107,1981,260130
107,1982,300150
107,1983,240120
107,1984,342838
107,1985,360180
107,1986,373520
107,1987,386860
107,1988,415541
107,1989,436218
107,1990,458229
107,1991,438219
107,1992,440220
107,1993,450892
107,1994,452347
107,1995,461364
107,1996,470560
107,1997,390195
107,1998,398655
107,1999,406620
107,2000,414744
107,2001,423030
107,2002,431482
107,2003,440103
107,2004,454575
107,2005,469522
107,2006,477504
107,2007,404409
107,2008,453539
107,2009,458710
107,2010,804504
107,2011,582302
107,2012,1041791
107,2013,1290081
108,1992,311489
108,1993,268801
108,1994,188761
108,1995,123028
108,1996,150902
108,1997,170318
108,1998,157459
108,1999,132933
108,2000,142938
108,2001,132533
108,2002,132792
108,2003,182318
108,2004,183991
108,2005,189828
108,2006,192616
108,2007,196331
108,2008,169892
108,2009,204769
108,2010,248891
108,2011,231289
108,2012,234004
108,2013,229648
109,1961,3253
109,1962,3388
109,1963,3727
109,1964,1830
109,1965,1627
109,1966,927
109,1967,492
109,1968,401
109,1969,474
109,1970,407
109,1971,324
109,1972,107
109,1973,163
109,1974,193
109,1975,1775
109,1976,1323
109,1977,874
109,1978,1607
109,1979,812
109,1980,1593
109,1981,1241
109,1982,1025
109,1983,2259
109,1984,3578
109,1985,2841
109,1986,1648
109,1987,1505
109,1988,1155
109,1989,344
109,1990,147
109,1991,375
109,1992,338
109,1993,179
109,1994,169
109,1995,105
109,1996,20
109,1997,19
109,1998,20
109,1999,21
109,2000,8
109,2001,22
109,2002,7
109,2003,9
109,2004,7
109,2005,2
109,2006,1
109,2007,43
109,2008,67
109,2009,100
109,2010,176
109,2011,157
109,2012,199
109,2013,21
110,1961,10779013
110,1962,11290376
110,1963,11104770
110,1964,10909519
110,1965,10756082
110,1966,11048188
110,1967,12527594
110,1968,12525600
110,1969,12139400
110,1970,11000831
110,1971,9436716
110,1972,10305483
110,1973,10523926
110,1974,10647988
110,1975,11403706
110,1976,10157076
110,1977,11343002
110,1978,10495912
110,1979,9970316
110,1980,8130063
110,1981,8553608
110,1982,8562946
110,1983,8642986
110,1984,9903616
110,1985,9723526
110,1986,9710853
110,1987,8860428
110,1988,8283473
110,1989,8626978
110,1990,8753708
110,1991,8007335
110,1992,8815072
110,1993,6531931
110,1994,9988992
110,1995,8961145
110,1996,8624310
110,1997,8358177
110,1998,7470400
110,1999,7649690
110,2000,7912621
110,2001,7550440
110,2002,7411037
110,2003,6496580
110,2004,7278304
110,2005,7565114
110,2006,7133565
110,2007,7265631
110,2008,7356176
110,2009,7064864
110,2010,7072868
110,2011,7003500
110,2012,7106218
110,2013,7175586
113,1992,1868
113,1993,1601
113,1994,2601
113,1995,4469
113,1996,6136
113,1997,7804
113,1998,7352
113,1999,10049
113,2000,12667
113,2001,11044
113,2002,13881
113,2003,12234
113,2004,12235
113,2005,11384
113,2006,12482
113,2007,11518
113,2008,11806
113,2009,13814
113,2010,13914
113,2011,12961
113,2012,15387
113,2013,18156
114,1961,9692
114,1962,10138
114,1963,8671
114,1964,8804
114,1965,9405
114,1966,11072
114,1967,10631
114,1968,12504
114,1969,15141
114,1970,19010
114,1971,20010
114,1972,23307
114,1973,24097
114,1974,22151
114,1975,21419
114,1976,26963
114,1977,27624
114,1978,28365
114,1979,24990
114,1980,25623
114,1981,24817
114,1982,27485
114,1983,29718
114,1984,33658
114,1985,25819
114,1986,30457
114,1987,30015
114,1988,33350
114,1989,37806
114,1990,27406
114,1991,33684
114,1992,29483
114,1993,31349
114,1994,31349
114,1995,29348
114,1996,33764
114,1997,27397
114,1998,27900
114,1999,35158
114,2000,34917
114,2001,30015
114,2002,30015
114,2003,27015
114,2004,32880
114,2005,41806
114,2006,43248
114,2007,31520
114,2008,14595
114,2009,28149
114,2010,57053
114,2011,74190
114,2012,81684
114,2013,97846
115,1961,1589461
115,1962,1360013
115,1963,1748874
115,1964,1840920
115,1965,1667500
115,1966,1584792
115,1967,1638819
115,1968,2168417
115,1969,1669501
115,1970,2543938
115,1971,1822244
115,1972,1285309
115,1973,700350
115,1974,423545
115,1975,720360
115,1976,733700
115,1977,667000
115,1978,667000
115,1979,358846
115,1980,1145239
115,1981,993830
115,1982,1299983
115,1983,1360013
115,1984,840420
115,1985,1208604
115,1986,1396031
115,1987,1210605
115,1988,1667500
115,1989,1782224
115,1990,1667500
115,1991,1600800
115,1992,1481407
115,1993,1589694
115,1994,1483074
115,1995,2299683
115,1996,2270468
115,1997,2277750
115,1998,2341084
115,1999,2695280
115,2000,2685403
115,2001,2734044
115,2002,2549613
115,2003,3142208
115,2004,2781579
115,2005,3992795
115,2006,4178170
115,2007,4486909
115,2008,4786040
115,2009,5059775
115,2010,5499628
115,2011,5855593
115,2012,6197057
115,2013,6263130
116,1961,1206603
116,1962,1265366
116,1963,1382357
116,1964,1451459
116,1965,1270635
116,1966,1419576
116,1967,1318526
116,1968,1275971
116,1969,1563048
116,1970,1552442
116,1971,1605602
116,1972,1541770
116,1973,1733199
116,1974,1807570
116,1975,1876738
116,1976,1903351
116,1977,2041620
116,1978,1972452
116,1979,2041087
116,1980,1765149
116,1981,2030948
116,1982,1340670
116,1983,1376688
116,1984,1462731
116,1985,1409371
116,1986,1592129
116,1987,1480073
116,1988,1420043
116,1989,1428714
116,1990,1200600
116,1991,2748040
116,1992,3001500
116,1993,3192929
116,1994,2119059
116,1995,1344672
116,1996,951142
116,1997,1018509
116,1998,1538769
116,1999,1562781
116,2000,1127230
116,2001,1374153
116,2002,1458062
116,2003,1496748
116,2004,1580790
116,2005,1723128
116,2006,1653159
116,2007,1246956
116,2008,1908954
116,2009,1558112
116,2010,1618142
116,2011,1653493
116,2012,1908287
116,2013,1934967
117,1961,3120893
117,1962,2717358
117,1963,3387693
117,1964,3564448
117,1965,3246289
117,1966,3633816
117,1967,3340336
117,1968,2962814
117,1969,3793896
117,1970,3652492
117,1971,3706519
117,1972,3665832
117,1973,3901950
117,1974,4118058
117,1975,4325495
117,1976,4835083
117,1977,5568116
117,1978,5690844
117,1979,5256585
117,1980,3542708
117,1981,4768185
117,1982,4874339
117,1983,5074229
117,1984,5316210
117,1985,5239460
117,1986,5250202
117,1987,5066372
117,1988,5509528
117,1989,5402669
117,1990,5150553
117,1991,4864120
117,1992,4840348
117,1993,4271385
117,1994,4553053
117,1995,4261312
117,1996,4750952
117,1997,4879028
117,1998,4529013
117,1999,4712955
117,2000,4800120
117,2001,4940147
117,2002,4460379
117,2003,4102852
117,2004,4493529
117,2005,4292126
117,2006,4205763
117,2007,3976316
117,2008,4314343
117,2009,4337000
117,2010,3875815
117,2011,3745816
117,2012,3605238
117,2013,3756337
120,1961,360180
120,1962,340170
120,1963,346840
120,1964,490245
120,1965,493580
120,1966,502918
120,1967,540937
120,1968,514257
120,1969,597301
120,1970,602455
120,1971,541126
120,1972,544826
120,1973,589301
120,1974,603444
120,1975,606970
120,1976,440846
120,1977,462031
120,1978,482775
120,1979,578249
120,1980,702416
120,1981,770162
120,1982,728597
120,1983,734092
120,1984,881171
120,1985,930583
120,1986,966684
120,1987,805173
120,1988,669260
120,1989,936535
120,1990,994827
120,1991,816295
120,1992,1002075
120,1993,834170
120,1994,1051874
120,1995,945692
120,1996,942804
120,1997,1107220
120,1998,1116891
120,1999,1402578
120,2000,1468534
120,2001,1557245
120,2002,1611805
120,2003,1584192
120,2004,1686843
120,2005,1712856
120,2006,1776688
120,2007,1807603
120,2008,1980930
120,2009,2097582
120,2010,2048117
120,2011,2044862
120,2012,2327303
120,2013,2277512
123,1961,76705
123,1962,80040
123,1963,83375
123,1964,86710
123,1965,90045
123,1966,94047
123,1967,94714
123,1968,101384
123,1969,108721
123,1970,126730
123,1971,133400
123,1972,140070
123,1973,150075
123,1974,165416
123,1975,152743
123,1976,163415
123,1977,170752
123,1978,162748
123,1979,166083
123,1980,162081
123,1981,179423
123,1982,189428
123,1983,193430
123,1984,198766
123,1985,192763
123,1986,192096
123,1987,198566
123,1988,198566
123,1989,196158
123,1990,120060
123,1991,66700
123,1992,73370
123,1993,43355
123,1994,33350
123,1995,37485
123,1996,62998
123,1997,112323
123,1998,139670
123,1999,130932
123,2000,122328
123,2001,96715
123,2002,73370
123,2003,66700
123,2004,73370
123,2005,103252
123,2006,109388
123,2007,154611
123,2008,196865
123,2009,195431
123,2010,197492
123,2011,198766
123,2012,194097
123,2013,180090
129,1961,977155
129,1962,1035184
129,1963,1039853
129,1964,1099269
129,1965,1060093
129,1966,1069068
129,1967,1138169
129,1968,1198265
129,1969,1229948
129,1970,1297915
129,1971,1262631
129,1972,1283041
129,1973,1276171
129,1974,1342968
129,1975,1315391
129,1976,1362347
129,1977,1378866
129,1978,1281974
129,1979,1363972
129,1980,1406643
129,1981,1341657
129,1982,1313927
129,1983,1432049
129,1984,1421444
129,1985,1452513
129,1986,1487547
129,1987,1452726
129,1988,1433383
129,1989,1587460
129,1990,1614140
129,1991,1562247
129,1992,1634150
129,1993,1700850
129,1994,1572119
129,1995,1634150
129,1996,1667500
129,1997,1706186
129,1998,1632149
129,1999,1714190
129,2000,1654473
129,2001,1775864
129,2002,1736845
129,2003,1867600
129,2004,2021010
129,2005,2262770
129,2006,2326449
129,2007,2398369
129,2008,2610755
129,2009,3028470
129,2010,3160223
129,2011,2868223
129,2012,3035283
129,2013,2408288
130,1961,6272
130,1962,3069
130,1963,3070
130,1964,3146
130,1965,3630
130,1966,7337
130,1967,8004
130,1968,6070
130,1969,11472
130,1970,14522
130,1971,20544
130,1972,27814
130,1973,45356
130,1974,40687
130,1975,51359
130,1976,60030
130,1977,56695
130,1978,61364
130,1979,29348
130,1980,25346
130,1981,24012
130,1982,24679
130,1983,17307
130,1984,23269
130,1985,22855
130,1986,24950
130,1987,18964
130,1988,21558
130,1989,30475
130,1990,28868
130,1991,42138
130,1992,15873
130,1993,43593
130,1994,27432
130,1995,34735
130,1996,48444
130,1997,43815
130,1998,45809
130,1999,61920
130,2000,47758
130,2001,62131
130,2002,61382
130,2003,58819
130,2004,33165
130,2005,27527
130,2006,60997
130,2007,75482
130,2008,76628
130,2009,90704
130,2010,73441
130,2011,78528
130,2012,74013
130,2013,83479
131,1961,726413
131,1962,750604
131,1963,793873
131,1964,740225
131,1965,837491
131,1966,818194
131,1967,803780
131,1968,956447
131,1969,1060928
131,1970,1121504
131,1971,1211887
131,1972,1225495
131,1973,1320623
131,1974,1397365
131,1975,1331999
131,1976,1330665
131,1977,1265966
131,1978,999166
131,1979,1397365
131,1980,1363751
131,1981,1347273
131,1982,1256364
131,1983,1156795
131,1984,1048307
131,1985,1164160
131,1986,1146049
131,1987,1085008
131,1988,1131391
131,1989,1162877
131,1990,1257284
131,1991,1284878
131,1992,1342492
131,1993,1403666
131,1994,1426572
131,1995,1418890
131,1996,1486402
131,1997,1413783
131,1998,1296808
131,1999,1358440
131,2000,1427914
131,2001,1397362
131,2002,1465633
131,2003,1505419
131,2004,1510088
131,2005,1543438
131,2006,1458729
131,2007,1584125
131,2008,1569451
131,2009,1674866
131,2010,1644042
131,2011,1718184
131,2012,1733788
131,2013,1736637
133,1961,123395
133,1962,126730
133,1963,110055
133,1964,105253
133,1965,108054
133,1966,105386
133,1967,112923
133,1968,90512
133,1969,104386
133,1970,112990
133,1971,104586
133,1972,73370
133,1973,83375
133,1974,146740
133,1975,172753
133,1976,151409
133,1977,132733
133,1978,105581
133,1979,160157
133,1980,87746
133,1981,89882
133,1982,101806
133,1983,144072
133,1984,72939
133,1985,142632
133,1986,150167
133,1987,157791
133,1988,191961
133,1989,225279
133,1990,188338
133,1991,303051
133,1992,273482
133,1993,285215
133,1994,312908
133,1995,317552
133,1996,418479
133,1997,384022
133,1998,478810
133,1999,485002
133,2000,495314
133,2001,627606
133,2002,473867
133,2003,621594
133,2004,478963
133,2005,630864
133,2006,702508
133,2007,721950
133,2008,1083372
133,2009,1301187
133,2010,1537843
133,2011,1161562
133,2012,1277216
133,2013,1475351
136,1961,334
136,1962,334
136,1963,400
136,1964,467
136,1965,434
136,1966,467
136,1967,267
136,1968,343
136,1969,332
136,1970,914
136,1971,914
136,1972,1668
136,1973,2001
136,1974,2001
136,1975,2561
136,1976,2641
136,1977,2401
136,1978,2201
136,1979,6203
136,1980,7204
136,1981,10005
136,1982,13340
136,1983,14674
136,1984,13340
136,1985,16675
136,1986,22011
136,1987,35284
136,1988,33983
136,1989,36730
136,1990,34548
136,1991,27799
136,1992,33829
136,1993,43305
136,1994,30282
136,1995,35226
136,1996,44521
136,1997,53988
136,1998,67967
136,1999,57671
136,2000,50825
136,2001,39226
136,2002,51632
136,2003,52693
136,2004,57049
136,2005,48024
136,2006,46998
136,2007,54804
136,2008,54803
136,2009,35731
136,2010,89676
136,2011,105400
136,2012,122873
136,2013,135099
137,1961,0
137,1962,0
137,1963,0
137,1964,0
137,1965,0
137,1966,0
137,1967,3
137,1968,79
137,1969,542
137,1970,604
137,1971,723
137,1972,766
137,1973,589
137,1974,446
137,1975,331
137,1976,310
137,1977,183
137,1978,131
137,1979,25
137,1980,106
137,1981,85
137,1982,7
137,1983,97
137,1984,183
137,1985,90
137,1986,117
137,1987,27
137,1988,13
137,1989,13
137,1990,13
137,1991,7
137,1992,3
137,1993,0
137,1994,0
137,1995,0
137,1996,0
137,1997,0
137,1998,0
137,1999,0
137,2000,0
137,2001,0
137,2002,0
137,2003,0
137,2004,0
137,2005,0
137,2006,0
137,2007,0
137,2008,0
137,2009,0
137,2010,0
137,2011,211
137,2012,554
137,2013,431
138,1961,222074
138,1962,192744
138,1963,197681
138,1964,183045
138,1965,251813
138,1966,248275
138,1967,278731
138,1968,231615
138,1969,263424
138,1970,270392
138,1971,246234
138,1972,268929
138,1973,300534
138,1974,327903
138,1975,477991
138,1976,309109
138,1977,378414
138,1978,267987
138,1979,329361
138,1980,297058
138,1981,473311
138,1982,343999
138,1983,280840
138,1984,324918
138,1985,538622
138,1986,363270
138,1987,394196
138,1988,304518
138,1989,351588
138,1990,263057
138,1991,231612
138,1992,262813
138,1993,191549
138,1994,249202
138,1995,244809
138,1996,262848
138,1997,313126
138,1998,305561
138,1999,263087
138,2000,234415
138,2001,151168
138,2002,151538
138,2003,182291
138,2004,185760
138,2005,194196
138,2006,224946
138,2007,196563
138,2008,149655
138,2009,175440
138,2010,144523
138,2011,115698
138,2012,119251
138,2013,119911
143,1961,10005
143,1962,11339
143,1963,13340
143,1964,16675
143,1965,14007
143,1966,16542
143,1967,18343
143,1968,27347
143,1969,34017
143,1970,26680
143,1971,1801
143,1972,9271
143,1973,6963
143,1974,8171
143,1975,19476
143,1976,11979
143,1977,15881
143,1978,14674
143,1979,12673
143,1980,19170
143,1981,12900
143,1982,2428
143,1983,2655
143,1984,3028
143,1985,1154
143,1986,13660
143,1987,32650
143,1988,22264
143,1989,2941
143,1990,2228
143,1991,16395
143,1992,14741
143,1993,35685
143,1994,46390
143,1995,2314
143,1996,35591
143,1997,21371
143,1998,13353
143,1999,23112
143,2000,16808
143,2001,26400
143,2002,17696
143,2003,11272
143,2004,19677
143,2005,28574
143,2006,22678
143,2007,22111
143,2008,29695
143,2009,33377
143,2010,33697
143,2011,11899
143,2012,46393
143,2013,25157
144,1961,56695
144,1962,56695
144,1963,66700
144,1964,70035
144,1965,62031
144,1966,52693
144,1967,56695
144,1968,52310
144,1969,59030
144,1970,65871
144,1971,73866
144,1972,66700
144,1973,79373
144,1974,80040
144,1975,67367
144,1976,30015
144,1977,45356
144,1978,34684
144,1979,46690
144,1980,50025
144,1981,52026
144,1982,53360
144,1983,54694
144,1984,56028
144,1985,57362
144,1986,62031
144,1987,60030
144,1988,62031
144,1989,63365
144,1990,64269
144,1991,37579
144,1992,21756
144,1993,43765
144,1994,67508
144,1995,75359
144,1996,92713
144,1997,120205
144,1998,127397
144,1999,124120
144,2000,120598
144,2001,111352
144,2002,62272
144,2003,78361
144,2004,60858
144,2005,43355
144,2006,65099
144,2007,68634
144,2008,67977
144,2009,119393
144,2010,171771
144,2011,181025
144,2012,98316
144,2013,234117
149,1961,1406036
149,1962,1406250
149,1963,1406703
149,1964,1468067
149,1965,1472069
149,1966,1338869
149,1967,1413659
149,1968,1452896
149,1969,1494902
149,1970,1536904
149,1971,1563332
149,1972,1340967
149,1973,1611508
149,1974,1635663
149,1975,1737369
149,1976,1591643
149,1977,1522381
149,1978,1560300
149,1979,1373973
149,1980,1643695
149,1981,1707573
149,1982,1222358
149,1983,1838906
149,1984,1807190
149,1985,1870595
149,1986,1582137
149,1987,1988847
149,1988,2189901
149,1989,2260910
149,1990,2335941
149,1991,2149434
149,1992,1724128
149,1993,2331559
149,1994,1938422
149,1995,2387080
149,1996,2475004
149,1997,2428454
149,1998,2467747
149,1999,2557471
149,2000,2812382
149,2001,2777846
149,2002,2756444
149,2003,2756377
149,2004,2971967
149,2005,2861315
149,2006,2807589
149,2007,2455120
149,2008,2867609
149,2009,3017303
149,2010,2683890
149,2011,2975005
149,2012,3383189
149,2013,3004503
154,1992,28480
154,1993,6292
154,1994,5812
154,1995,4300
154,1996,14857
154,1997,16408
154,1998,15116
154,1999,11626
154,2000,12295
154,2001,5269
154,2002,5910
154,2003,8699
154,2004,9789
154,2005,8384
154,2006,9304
154,2007,10242
154,2008,10765
154,2009,13253
154,2010,17142
154,2011,17985
154,2012,16249
154,2013,18623
157,1961,25786
157,1962,24578
157,1963,31082
157,1964,32283
157,1965,35685
157,1966,42154
157,1967,45356
157,1968,57896
157,1969,45011
157,1970,53853
157,1971,54550
157,1972,49533
157,1973,52347
157,1974,53341
157,1975,59363
157,1976,37780
157,1977,50827
157,1978,56859
157,1979,76442
157,1980,74704
157,1981,109272
157,1982,117570
157,1983,114057
157,1984,92046
157,1985,96043
157,1986,74551
157,1987,85363
157,1988,74349
157,1989,69575
157,1990,80634
157,1991,87477
157,1992,102718
157,1993,134201
157,1994,126100
157,1995,155048
157,1996,153625
157,1997,171144
157,1998,193597
157,1999,137142
157,2000,193163
157,2001,164216
157,2002,195735
157,2003,198453
157,2004,172426
157,2005,211248
157,2006,213153
157,2007,180003
157,2008,190139
157,2009,223122
157,2010,302811
157,2011,275685
157,2012,279244
157,2013,251772
158,1961,6370
158,1962,7468
158,1963,6703
158,1964,7864
158,1965,7807
158,1966,13674
158,1967,21692
158,1968,26035
158,1969,25346
158,1970,24746
158,1971,18209
158,1972,21211
158,1973,30888
158,1974,20127
158,1975,19556
158,1976,19143
158,1977,17742
158,1978,21077
158,1979,15850
158,1980,19943
158,1981,25946
158,1982,27480
158,1983,29882
158,1984,32483
158,1985,37819
158,1986,50225
158,1987,40523
158,1988,35284
158,1989,51328
158,1990,48197
158,1991,49822
158,1992,46643
158,1993,52493
158,1994,41354
158,1995,34017
158,1996,35018
158,1997,41237
158,1998,39353
158,1999,41347
158,2000,40322
158,2001,50959
158,2002,53326
158,2003,38006
158,2004,52092
158,2005,39955
158,2006,52277
158,2007,46690
158,2008,21661
158,2009,13418
158,2010,19985
158,2011,8137
158,2012,3602
158,2013,8938
159,1961,88711
159,1962,171419
159,1963,130065
159,1964,146740
159,1965,154077
159,1966,132733
159,1967,256795
159,1968,235451
159,1969,216775
159,1970,228781
159,1971,258796
159,1972,298149
159,1973,324829
159,1974,350175
159,1975,336168
159,1976,145406
159,1977,272136
159,1978,343505
159,1979,500250
159,1980,727030
159,1981,827747
159,1982,833750
159,1983,853760
159,1984,867100
159,1985,953810
159,1986,944687
159,1987,1187260
159,1988,1388027
159,1989,2203101
159,1990,1667500
159,1991,2151742
159,1992,2174420
159,1993,2044355
159,1994,1618809
159,1995,1947640
159,1996,2082374
159,1997,2179756
159,1998,2184425
159,1999,2185759
159,2000,2199766
159,2001,1835584
159,2002,1952976
159,2003,2078372
159,2004,2223778
159,2005,2379189
159,2006,2696014
159,2007,2125062
159,2008,2787393
159,2009,2365349
159,2010,2983171
159,2011,3046402
159,2012,3223611
159,2013,3134900
16,1961,9622262
16,1962,8874115
16,1963,10628605
16,1964,10507644
16,1965,10505610
16,1966,9580121
16,1967,11176919
16,1968,11349338
16,1969,12010869
16,1970,11148838
16,1971,9936092
16,1972,10094165
16,1973,11914421
16,1974,11292023
16,1975,12768127
16,1976,11758089
16,1977,12974144
16,1978,13061301
16,1979,12746016
16,1980,13887614
16,1981,13637395
16,1982,14223535
16,1983,14514594
16,1984,14629618
16,1985,15045045
16,1986,15414390
16,1987,15421453
16,1988,15552079
16,1989,17865248
16,1990,17860859
16,1991,18170414
16,1992,18257791
16,1993,17960976
16,1994,16757708
16,1995,17608133
16,1996,18797394
16,1997,18777384
16,1998,19816570
16,1999,22964810
16,2000,25097542
16,2001,24191423
16,2002,25074531
16,2003,25587067
16,2004,24169399
16,2005,26543678
16,2006,27195591
16,2007,28801727
16,2008,31176914
16,2009,32112048
16,2010,33390820
16,2011,33768209
16,2012,33681499
16,2013,34350500
165,1961,1127230
165,1962,1095881
165,1963,1192596
165,1964,1350675
165,1965,1317325
165,1966,1365349
165,1967,1499416
165,1968,2033016
165,1969,2401867
165,1970,2200033
165,1971,2262864
165,1972,2331306
165,1973,2455883
165,1974,2314589
165,1975,2618765
165,1976,2738821
165,1977,2951079
165,1978,3273636
165,1979,3217408
165,1980,3124762
165,1981,3431415
165,1982,3446422
165,1983,3341170
165,1984,3316858
165,1985,2920393
165,1986,3488410
165,1987,3242554
165,1988,3201800
165,1989,3221710
165,1990,3262430
165,1991,3244722
165,1992,3117658
165,1993,3996697
165,1994,3448223
165,1995,3968483
165,1996,4306952
165,1997,4335166
165,1998,4676604
165,1999,5158189
165,2000,4805001
165,2001,3883941
165,2002,4480739
165,2003,4850024
165,2004,5027312
165,2005,5549974
165,2006,5441119
165,2007,5566182
165,2008,6955476
165,2009,6893031
165,2010,4825873
165,2011,6132398
165,2012,5511421
165,2013,6767382
166,1961,72640
166,1962,73172
166,1963,74134
166,1964,85205
166,1965,101032
166,1966,93450
166,1967,100668
166,1968,108746
166,1969,110217
166,1970,87484
166,1971,90829
166,1972,83522
166,1973,108087
166,1974,118949
166,1975,123260
166,1976,96338
166,1977,124188
166,1978,108310
166,1979,107087
166,1980,113203
166,1981,130172
166,1982,117599
166,1983,133013
166,1984,116455
166,1985,124158
166,1986,120228
166,1987,120101
166,1988,121962
166,1989,138175
166,1990,148270
166,1991,135562
166,1992,136568
166,1993,140071
166,1994,151425
166,1995,117548
166,1996,126561
166,1997,96287
166,1998,114244
166,1999,121585
166,2000,138355
166,2001,174226
166,2002,197018
166,2003,210747
166,2004,162333
166,2005,156848
166,2006,155013
166,2007,158064
166,2008,200792
166,2009,161097
166,2010,163046
166,2011,179997
166,2012,165552
166,2013,191692
169,1961,12473
169,1962,11206
169,1963,10672
169,1964,13340
169,1965,14407
169,1966,6737
169,1967,12119
169,1968,13875
169,1969,18114
169,1970,30160
169,1971,31482
169,1972,25880
169,1973,27757
169,1974,33809
169,1975,37265
169,1976,37851
169,1977,45808
169,1978,38841
169,1979,37948
169,1980,27214
169,1981,29682
169,1982,42088
169,1983,48452
169,1984,53160
169,1985,64837
169,1986,41625
169,1987,70194
169,1988,54290
169,1989,58340
169,1990,57163
169,1991,57976
169,1992,56939
169,1993,77775
169,1994,81443
169,1995,90885
169,1996,88351
169,1997,94434
169,1998,53974
169,1999,85438
169,2000,67400
169,2001,70821
169,2002,70017
169,2003,73537
169,2004,83375
169,2005,68034
169,2006,84042
169,2007,86710
169,2008,96510
169,2009,143405
169,2010,210247
169,2011,272300
169,2012,264131
169,2013,411804
170,1961,221362
170,1962,261038
170,1963,179997
170,1964,234434
170,1965,193777
170,1966,249479
170,1967,307767
170,1968,190892
170,1969,296436
170,1970,391343
170,1971,394271
170,1972,321711
170,1973,322475
170,1974,329656
170,1975,358069
170,1976,380467
170,1977,396205
170,1978,311995
170,1979,373786
170,1980,294302
170,1981,507037
170,1982,550762
170,1983,532954
170,1984,760378
170,1985,585812
170,1986,484185
170,1987,779456
170,1988,753203
170,1989,727984
170,1990,644389
170,1991,543050
170,1992,553192
170,1993,645407
170,1994,934729
170,1995,761414
170,1996,802513
170,1997,973707
170,1998,1033036
170,1999,1304003
170,2000,1262031
170,2001,1351989
170,2002,1413159
170,2003,1422314
170,2004,1230546
170,2005,1646394
170,2006,1575627
170,2007,1504752
170,2008,1851459
170,2009,1995102
170,2010,1888526
170,2011,1750513
170,2012,2029901
170,2013,2034973
171,1961,2608037
171,1962,2645976
171,1963,2563188
171,1964,2662931
171,1965,2716448
171,1966,2730711
171,1967,3041987
171,1968,2964586
171,1969,3644538
171,1970,3720796
171,1971,3551692
171,1972,3074540
171,1973,3440985
171,1974,3745382
171,1975,4076730
171,1976,4363921
171,1977,4838678
171,1978,4810151
171,1979,5125758
171,1980,5100209
171,1981,5276460
171,1982,5691998
171,1983,4865705
171,1984,5221863
171,1985,5873335
171,1986,6167609
171,1987,5696081
171,1988,5983603
171,1989,6309001
171,1990,6593295
171,1991,6452066
171,1992,6345171
171,1993,6292617
171,1994,7028879
171,1995,7030607
171,1996,7526141
171,1997,7516396
171,1998,5706068
171,1999,7861662
171,2000,8263730
171,2001,8640918
171,2002,8851523
171,2003,9004433
171,2004,9669352
171,2005,9740201
171,2006,10222916
171,2007,10832207
171,2008,11215972
171,2009,10849702
171,2010,10520137
171,2011,11128268
171,2012,12027624
171,2013,12299086
174,1961,118315
174,1962,115725
174,1963,110904
174,1964,120994
174,1965,91084
174,1966,102735
174,1967,97405
174,1968,99398
174,1969,117262
174,1970,129850
174,1971,107770
174,1972,109321
174,1973,111761
174,1974,86377
174,1975,88535
174,1976,64856
174,1977,63365
174,1978,89982
174,1979,96895
174,1980,103230
174,1981,74629
174,1982,95644
174,1983,72742
174,1984,89414
174,1985,97732
174,1986,97794
174,1987,94515
174,1988,95619
174,1989,96227
174,1990,104100
174,1991,113708
174,1992,73173
174,1993,46023
174,1994,87871
174,1995,83078
174,1996,114877
174,1997,109514
174,1998,107903
174,1999,101151
174,2000,95122
174,2001,97337
174,2002,97319
174,2003,98584
174,2004,99553
174,2005,81037
174,2006,98182
174,2007,104185
174,2008,100517
174,2009,107921
174,2010,113523
174,2011,123406
174,2012,124748
174,2013,120163
175,1961,33350
175,1962,33350
175,1963,33350
175,1964,30015
175,1965,31349
175,1966,32016
175,1967,30015
175,1968,30015
175,1969,18343
175,1970,23345
175,1971,18009
175,1972,21344
175,1973,18676
175,1974,23345
175,1975,44689
175,1976,53360
175,1977,40020
175,1978,26680
175,1979,26680
175,1980,28014
175,1981,53360
175,1982,68801
175,1983,56695
175,1984,70035
175,1985,70035
175,1986,73370
175,1987,70035
175,1988,65564
175,1989,73529
175,1990,82250
175,1991,82217
175,1992,82449
175,1993,83980
175,1994,87388
175,1995,88888
175,1996,80178
175,1997,66660
175,1998,58162
175,1999,53560
175,2000,70756
175,2001,56732
175,2002,58606
175,2003,58949
175,2004,59491
175,2005,65593
175,2006,70702
175,2007,84876
175,2008,99221
175,2009,121323
175,2010,139563
175,2011,116867
175,2012,132402
175,2013,139881
176,1961,11177
176,1962,10205
176,1963,9338
176,1964,8468
176,1965,6361
176,1966,7847
176,1967,10199
176,1968,14385
176,1969,8516
176,1970,8373
176,1971,7020
176,1972,10769
176,1973,12997
176,1974,15341
176,1975,16675
176,1976,16008
176,1977,17342
176,1978,18676
176,1979,18676
176,1980,20010
176,1981,21344
176,1982,22011
176,1983,24012
176,1984,28014
176,1985,26680
176,1986,26680
176,1987,28050
176,1988,24843
176,1989,26981
176,1990,31132
176,1991,44616
176,1992,35122
176,1993,34528
176,1994,27654
176,1995,31146
176,1996,35089
176,1997,25325
176,1998,24578
176,1999,22401
176,2000,34017
176,2001,35915
176,2002,35789
176,2003,43644
176,2004,23341
176,2005,39278
176,2006,36958
176,2007,40300
176,2008,53531
176,2009,80557
176,2010,75321
176,2011,65564
176,2012,79484
176,2013,58250
181,1961,667
181,1962,667
181,1963,1694
181,1964,1734
181,1965,1734
181,1966,1734
181,1967,2001
181,1968,2335
181,1969,2668
181,1970,3152
181,1971,2001
181,1972,1267
181,1973,534
181,1974,400
181,1975,279
181,1976,171
181,1977,144
181,1978,222
181,1979,233
181,1980,233
181,1981,249
181,1982,65
181,1983,81
181,1984,480
181,1985,95
181,1986,194
181,1987,397
181,1988,347
181,1989,364
181,1990,312
181,1991,300
181,1992,267
181,1993,334
181,1994,379
181,1995,267
181,1996,291
181,1997,279
181,1998,267
181,1999,281
181,2000,334
181,2001,400
181,2002,401
181,2003,467
181,2004,483
181,2005,536
181,2006,400
181,2007,261
181,2008,271
181,2009,319
181,2010,395
181,2011,424
181,2012,467
181,2013,467
183,1961,20677
183,1962,13407
183,1963,34217
183,1964,35885
183,1965,30559
183,1966,37019
183,1967,45688
183,1968,40207
183,1969,45604
183,1970,43473
183,1971,44356
183,1972,30015
183,1973,33350
183,1974,35351
183,1975,45690
183,1976,24946
183,1977,31082
183,1978,38619
183,1979,40087
183,1980,25813
183,1981,31816
183,1982,30482
183,1983,55228
183,1984,73370
183,1985,91379
183,1986,101784
183,1987,77039
183,1988,87777
183,1989,46823
183,1990,44356
183,1991,20944
183,1992,25946
183,1993,24311
183,1994,10158
183,1995,16052
183,1996,15408
183,1997,7116
183,1998,3430
183,1999,2535
183,2000,2401
183,2001,1001
183,2002,400
183,2003,169
183,2004,3310
183,2005,9505
183,2006,12286
183,2007,18355
183,2008,32628
183,2009,48303
183,2010,41079
183,2011,43529
183,2012,33925
183,2013,36449
184,1961,0
184,1962,0
184,1963,0
184,1964,3
184,1965,5
184,1966,7
184,1967,138
184,1968,442
184,1969,763
184,1970,907
184,1971,985
184,1972,1093
184,1973,1673
184,1974,1487
184,1975,1723
184,1976,1780
184,1977,2178
184,1978,2193
184,1979,2331
184,1980,2955
184,1981,3840
184,1982,3726
184,1983,4771
184,1984,5282
184,1985,2668
184,1986,5629
184,1987,4079
184,1988,4597
184,1989,5403
184,1990,6206
184,1991,10939
184,1992,10739
184,1993,8804
184,1994,3002
184,1995,1534
184,1996,4400
184,1997,6540
184,1998,5293
184,1999,5949
184,2000,7773
184,2001,10412
184,2002,13991
184,2003,18603
184,2004,30809
184,2005,41483
184,2006,41976
184,2007,41354
184,2008,54694
184,2009,54081
184,2010,44858
184,2011,53721
184,2012,56081
184,2013,62529
185,1992,502671
185,1993,458576
185,1994,348974
185,1995,308087
185,1996,259503
185,1997,218903
185,1998,275304
185,1999,296148
185,2000,390695
185,2001,331579
185,2002,326823
185,2003,300710
185,2004,314197
185,2005,383265
185,2006,453967
185,2007,469931
185,2008,492446
185,2009,608951
185,2010,707460
185,2011,704065
185,2012,701611
185,2013,623607
19,1961,22891
19,1962,25727
19,1963,28586
19,1964,31444
19,1965,34208
19,1966,34493
19,1967,37786
19,1968,49065
19,1969,55611
19,1970,48378
19,1971,56918
19,1972,56828
19,1973,51893
19,1974,56828
19,1975,84416
19,1976,75401
19,1977,80930
19,1978,59573
19,1979,50775
19,1980,63515
19,1981,67517
19,1982,57802
19,1983,41171
19,1984,109297
19,1985,115495
19,1986,91219
19,1987,109541
19,1988,114380
19,1989,151310
19,1990,140912
19,1991,160594
19,1992,152938
19,1993,148470
19,1994,164971
19,1995,176496
19,1996,229128
19,1997,170476
19,1998,197601
19,1999,171278
19,2000,199488
19,2001,221735
19,2002,173054
19,2003,282326
19,2004,221001
19,2005,319657
19,2006,297790
19,2007,234853
19,2008,225313
19,2009,274133
19,2010,294825
19,2011,285481
19,2012,316601
19,2013,295422
191,1961,0
191,1962,0
191,1963,0
191,1964,0
191,1965,0
191,1966,0
191,1967,0
191,1968,0
191,1969,0
191,1970,0
191,1971,0
191,1972,0
191,1973,0
191,1974,0
191,1975,0
191,1976,0
191,1977,0
191,1978,0
191,1979,0
191,1980,0
191,1981,0
191,1982,0
191,1983,0
191,1984,0
191,1985,0
191,1986,0
191,1987,0
191,1988,9
191,1989,8
191,1990,7
191,1991,0
191,1992,0
191,1993,0
191,1994,0
191,1995,0
191,1996,0
191,1997,0
191,1998,0
191,1999,0
191,2000,0
191,2001,0
191,2002,0
191,2003,0
191,2004,0
191,2005,0
191,2006,0
191,2007,0
191,2008,0
191,2009,0
191,2010,0
191,2011,0
191,2012,0
191,2013,0
194,1961,1868
194,1962,1414
194,1963,1499
194,1964,1668
194,1965,2801
194,1966,2001
194,1967,2001
194,1968,2001
194,1969,2001
194,1970,2001
194,1971,1014
194,1972,45
194,1973,120
194,1974,120
194,1975,133
194,1976,133
194,1977,307
194,1978,257
194,1979,359
194,1980,59
194,1981,0
194,1982,0
194,1983,0
194,1984,0
194,1985,0
194,1986,0
194,1987,0
194,1988,0
194,1989,0
194,1990,0
194,1991,0
194,1992,0
194,1993,0
194,1994,0
194,1995,0
194,1996,0
194,1997,0
194,1998,0
194,1999,0
194,2000,0
194,2001,0
194,2002,0
194,2003,0
194,2004,0
194,2005,0
194,2006,0
194,2007,0
194,2008,0
194,2009,0
194,2010,0
194,2011,0
194,2012,0
194,2013,0
195,1961,55428
195,1962,51359
195,1963,70702
195,1964,73370
195,1965,81557
195,1966,83600
195,1967,91713
195,1968,38886
195,1969,103985
195,1970,60364
195,1971,72169
195,1972,24479
195,1973,42915
195,1974,78022
195,1975,77177
195,1976,76838
195,1977,41966
195,1978,98079
195,1979,64410
195,1980,43127
195,1981,84730
195,1982,79087
195,1983,72396
195,1984,90597
195,1985,98052
195,1986,95242
195,1987,90574
195,1988,97652
195,1989,112207
195,1990,120806
195,1991,113257
195,1992,118290
195,1993,128980
195,1994,108206
195,1995,103486
195,1996,99236
195,1997,115859
195,1998,82387
195,1999,159937
195,2000,134929
195,2001,138062
195,2002,114987
195,2003,154614
195,2004,134563
195,2005,186146
195,2006,127059
195,2007,128984
195,2008,272282
195,2009,334903
195,2010,402897
195,2011,270685
195,2012,313256
195,2013,290914
197,1961,176088
197,1962,210089
197,1963,220777
197,1964,248791
197,1965,266133
197,1966,289478
197,1967,312156
197,1968,284209
197,1969,338169
197,1970,300150
197,1971,309488
197,1972,319493
197,1973,319493
197,1974,345973
197,1975,380590
197,1976,386860
197,1977,400200
197,1978,413540
197,1979,333500
197,1980,342171
197,1981,333500
197,1982,349175
197,1983,306953
197,1984,336259
197,1985,286810
197,1986,350168
197,1987,310605
197,1988,328831
197,1989,345373
197,1990,335968
197,1991,335968
197,1992,319170
197,1993,324362
197,1994,270268
197,1995,237119
197,1996,261264
197,1997,274337
197,1998,218983
197,1999,164906
197,2000,132822
197,2001,200100
197,2002,281518
197,2003,297237
197,2004,361514
197,2005,492246
197,2006,708567
197,2007,392199
197,2008,453625
197,2009,592574
197,2010,684790
197,2011,753268
197,2012,761325
197,2013,837458
2,1961,212773
2,1962,212773
2,1963,212773
2,1964,253460
2,1965,253460
2,1966,224779
2,1967,264132
2,1968,268134
2,1969,271469
2,1970,244122
2,1971,233450
2,1972,266800
2,1973,280140
2,1974,280140
2,1975,290145
2,1976,298816
2,1977,266800
2,1978,285476
2,1979,292813
2,1980,276805
2,1981,260130
2,1982,242788
2,1983,233450
2,1984,222778
2,1985,211439
2,1986,224112
2,1987,216108
2,1988,228781
2,1989,213440
2,1990,222111
2,1991,223445
2,1992,200100
2,1993,200100
2,1994,228114
2,1995,260130
2,1996,226780
2,1997,266800
2,1998,300150
2,1999,186760
2,2000,173420
2,2001,161414
2,2002,258796
2,2003,289478
2,2004,308821
2,2005,323495
2,2006,360180
2,2007,368184
2,2008,408204
2,2009,430215
2,2010,448224
2,2011,448224
2,2012,333500
2,2013,341567
202,1961,1694
202,1962,1452
202,1963,1210
202,1964,1267
202,1965,1334
202,1966,1334
202,1967,1334
202,1968,1334
202,1969,1334
202,1970,1334
202,1971,1334
202,1972,2001
202,1973,2001
202,1974,2001
202,1975,2001
202,1976,2001
202,1977,2001
202,1978,2001
202,1979,2001
202,1980,2001
202,1981,2001
202,1982,2001
202,1983,2001
202,1984,2001
202,1985,2001
202,1986,2001
202,1987,2001
202,1988,2001
202,1989,2001
202,1990,1507
202,1991,1473
202,1992,1437
202,1993,1481
202,1994,1348
202,1995,1437
202,1996,1567
202,1997,1553
202,1998,1605
202,1999,1934
202,2000,2001
202,2001,2134
202,2002,2001
202,2003,2134
202,2004,2172
202,2005,2561
202,2006,1706
202,2007,2201
202,2008,2001
202,2009,1901
202,2010,1918
202,2011,1686
202,2012,2335
202,2013,2668
203,1961,262465
203,1962,261731
203,1963,265866
203,1964,265506
203,1965,233206
203,1966,250392
203,1967,244041
203,1968,241543
203,1969,273804
203,1970,254555
203,1971,240720
203,1972,230649
203,1973,257796
203,1974,244722
203,1975,252593
203,1976,270935
203,1977,252926
203,1978,267630
203,1979,284809
203,1980,288944
203,1981,296148
203,1982,268067
203,1983,149408
203,1984,293747
203,1985,308323
203,1986,331044
203,1987,322340
203,1988,337902
203,1989,227914
203,1990,381077
203,1991,388085
203,1992,368584
203,1993,215503
203,1994,271869
203,1995,219777
203,1996,489578
203,1997,517317
203,1998,531132
203,1999,563682
203,2000,551643
203,2001,584391
203,2002,546220
203,2003,570285
203,2004,589048
203,2005,549684
203,2006,483142
203,2007,482525
203,2008,443688
203,2009,609474
203,2010,618854
203,2011,618679
203,2012,600035
203,2013,584713
206,1961,1288
206,1962,633
206,1963,722
206,1964,642
206,1965,747
206,1966,263
206,1967,1191
206,1968,650
206,1969,1938
206,1970,4067
206,1971,4002
206,1972,3335
206,1973,4002
206,1974,4802
206,1975,4792
206,1976,8004
206,1977,8671
206,1978,5336
206,1979,5336
206,1980,5336
206,1981,8004
206,1982,2668
206,1983,1668
206,1984,1334
206,1985,1267
206,1986,1067
206,1987,800
206,1988,800
206,1989,334
206,1990,667
206,1991,734
206,1992,800
206,1993,1001
206,1994,1101
206,1995,800
206,1996,1334
206,1997,1334
206,1998,1334
206,1999,7337
206,2000,5336
206,2001,7337
206,2002,5336
206,2003,10504
206,2004,24012
206,2005,13340
206,2006,17342
206,2007,15341
206,2008,20010
206,2009,15008
206,2010,15574
206,2011,16675
207,1961,47732
207,1962,52800
207,1963,49921
207,1964,58671
207,1965,67104
207,1966,65539
207,1967,79726
207,1968,77123
207,1969,75590
207,1970,96981
207,1971,90905
207,1972,82020
207,1973,109430
207,1974,108332
207,1975,116622
207,1976,115058
207,1977,135312
207,1978,149372
207,1979,157260
207,1980,171839
207,1981,187245
207,1982,200854
207,1983,178728
207,1984,201415
207,1985,199556
207,1986,200069
207,1987,181157
207,1988,176918
207,1989,174017
207,1990,130739
207,1991,152916
207,1992,174140
207,1993,144666
207,1994,145406
207,1995,161414
207,1996,152510
207,1997,142104
207,1998,125669
207,1999,120257
207,2000,109158
207,2001,127644
207,2002,104789
207,2003,129188
207,2004,116385
207,2005,109358
207,2006,121834
207,2007,119401
207,2008,121979
207,2009,152990
207,2010,151200
207,2011,156944
207,2012,149493
207,2013,174773
208,1992,13463
208,1993,15141
208,1994,13340
208,1995,14407
208,1996,13822
208,1997,29455
208,1998,26873
208,1999,31566
208,2000,54679
208,2001,26531
208,2002,33483
208,2003,39630
208,2004,34314
208,2005,41623
208,2006,32374
208,2007,34757
208,2008,36011
208,2009,42298
208,2010,51262
208,2011,51276
208,2012,54946
208,2013,52052
209,1961,2783
209,1962,3847
209,1963,4475
209,1964,4211
209,1965,3963
209,1966,4381
209,1967,4241
209,1968,3752
209,1969,5325
209,1970,4901
209,1971,4743
209,1972,3761
209,1973,3026
209,1974,2411
209,1975,2947
209,1976,3384
209,1977,3335
209,1978,3335
209,1979,3335
209,1980,3335
209,1981,2001
209,1982,1077
209,1983,1063
209,1984,1717
209,1985,2001
209,1986,2001
209,1987,2001
209,1988,2001
209,1989,2001
209,1990,2209
209,1991,2001
209,1992,2072
209,1993,667
209,1994,666
209,1995,667
209,1996,177
209,1997,274
209,1998,70
209,1999,67
209,2000,113
209,2001,83
209,2002,68
209,2003,69
209,2004,68
209,2005,75
209,2006,67
209,2007,60
209,2008,69
209,2009,85
209,2010,70
209,2011,61
209,2012,67
209,2013,70
21,1961,3596782
21,1962,3706408
21,1963,3828623
21,1964,4232069
21,1965,5055626
21,1966,3869810
21,1967,4530257
21,1968,4437143
21,1969,4264988
21,1970,5037906
21,1971,4397650
21,1972,4509348
21,1973,4775805
21,1974,4511613
21,1975,5190286
21,1976,6507972
21,1977,5998795
21,1978,4866527
21,1979,5066008
21,1980,6520405
21,1981,5488293
21,1982,6492947
21,1983,5163749
21,1984,6021254
21,1985,6019378
21,1986,6939922
21,1987,6953542
21,1988,7874902
21,1989,7356877
21,1990,4949761
21,1991,6328501
21,1992,6674195
21,1993,6741576
21,1994,7030707
21,1995,7487782
21,1996,5765417
21,1997,5570561
21,1998,5146632
21,1999,7810370
21,2000,7396897
21,2001,6792728
21,2002,6974886
21,2003,6893178
21,2004,8855766
21,2005,8799638
21,2006,7688296
21,2007,7377487
21,2008,8044994
21,2009,8438310
21,2010,7494405
21,2011,8989152
21,2012,7703770
21,2013,7843026
213,1992,42570
213,1993,58563
213,1994,61364
213,1995,52426
213,1996,27214
213,1997,17942
213,1998,9138
213,1999,22211
213,2000,18209
213,2001,26013
213,2002,53360
213,2003,73037
213,2004,73370
213,2005,80040
213,2006,90045
213,2007,73970
213,2008,73370
213,2009,73370
213,2010,66700
213,2011,66700
213,2012,63365
213,2013,66700
214,1961,1699319
214,1962,1781464
214,1963,1774073
214,1964,1895424
214,1965,1977540
214,1966,1999238
214,1967,2026091
214,1968,2113765
214,1969,1943912
214,1970,2064787
214,1971,1943344
214,1972,2044847
214,1973,1895677
214,1974,2069473
214,1975,2109540
214,1976,2283441
214,1977,2235207
214,1978,2063362
214,1979,2065059
214,1980,1978623
214,1981,2004207
214,1982,2095289
214,1983,2096948
214,1984,1894760
214,1985,1834149
214,1986,1665172
214,1987,1602452
214,1988,1555388
214,1989,1570947
214,1990,1523208
214,1991,1541863
214,1992,1380610
214,1993,1489366
214,1994,1374956
214,1995,1382003
214,1996,1287908
214,1997,1361909
214,1998,1240058
214,1999,1278172
214,2000,1271342
214,2001,1149838
214,2002,1202726
214,2003,1099403
214,2004,956219
214,2005,978581
214,2006,1039218
214,2007,909428
214,2008,971936
214,2009,1052639
214,2010,967824
214,2011,1111404
214,2012,1134053
214,2013,1063411
215,1961,62698
215,1962,69368
215,1963,122061
215,1964,98264
215,1965,48660
215,1966,88766
215,1967,73161
215,1968,69368
215,1969,84042
215,1970,88044
215,1971,114057
215,1972,124729
215,1973,200767
215,1974,148741
215,1975,176755
215,1976,230782
215,1977,209438
215,1978,258129
215,1979,174754
215,1980,194097
215,1981,133400
215,1982,213440
215,1983,232937
215,1984,237042
215,1985,285271
215,1986,365311
215,1987,429958
215,1988,410462
215,1989,479213
215,1990,493580
215,1991,416618
215,1992,261611
215,1993,427547
215,1994,409738
215,1995,415274
215,1996,538136
215,1997,366650
215,1998,566350
215,1999,485976
215,2000,521286
215,2001,578751
215,2002,656738
215,2003,731648
215,2004,705994
215,2005,778851
215,2006,804505
215,2007,895011
215,2008,947520
215,2009,890312
215,2010,1767630
215,2011,1499629
215,2012,1200968
215,2013,1463898
216,1961,6770050
216,1962,7503750
216,1963,8118057
216,1964,7737200
216,1965,7446388
216,1966,9004500
216,1967,7469066
216,1968,8277470
216,1969,8944470
216,1970,9237950
216,1971,9167248
216,1972,8279471
216,1973,9937633
216,1974,8928462
216,1975,10205100
216,1976,10050356
216,1977,9285307
216,1978,11652490
216,1979,10510586
216,1980,11584523
216,1981,11855471
216,1982,11257966
216,1983,13039143
216,1984,13276515
216,1985,13516001
216,1986,12585063
216,1987,12291656
216,1988,14182354
216,1989,13740874
216,1990,11467878
216,1991,13606800
216,1992,13284639
216,1993,13026510
216,1994,14081037
216,1995,14684338
216,1996,14895177
216,1997,15727860
216,1998,15641150
216,1999,16122724
216,2000,17237868
216,2001,18698511
216,2002,18670544
216,2003,19658838
216,2004,19034999
216,2005,20204677
216,2006,19771127
216,2007,21410300
216,2008,21110970
216,2009,21421412
216,2010,22950803
216,2011,24097621
216,2012,24991756
216,2013,24053754
217,1961,12673
217,1962,11865
217,1963,15292
217,1964,18343
217,1965,10457
217,1966,12006
217,1967,18696
217,1968,12006
217,1969,10005
217,1970,9725
217,1971,15868
217,1972,8671
217,1973,8338
217,1974,9211
217,1975,10085
217,1976,10172
217,1977,10351
217,1978,11342
217,1979,9766
217,1980,9805
217,1981,9680
217,1982,10875
217,1983,6692
217,1984,11846
217,1985,10128
217,1986,13210
217,1987,15469
217,1988,19131
217,1989,18491
217,1990,16774
217,1991,26539
217,1992,16852
217,1993,22524
217,1994,33403
217,1995,34168
217,1996,51036
217,1997,57503
217,1998,57804
217,1999,54068
217,2000,41558
217,2001,41386
217,2002,46184
217,2003,41386
217,2004,45700
217,2005,48596
217,2006,50881
217,2007,49920
217,2008,57055
217,2009,80904
217,2010,73443
217,2011,74859
217,2012,107346
217,2013,64382
220,1961,6777
220,1962,7070
220,1963,6937
220,1964,6870
220,1965,6803
220,1966,6670
220,1967,7004
220,1968,6789
220,1969,6819
220,1970,6871
220,1971,7034
220,1972,8198
220,1973,8198
220,1974,11980
220,1975,13539
220,1976,14295
220,1977,14098
220,1978,9475
220,1979,11372
220,1980,6364
220,1981,1996
220,1982,2262
220,1983,2206
220,1984,2632
220,1985,2641
220,1986,2949
220,1987,4408
220,1988,4988
220,1989,8009
220,1990,9026
220,1991,10672
220,1992,14689
220,1993,10808
220,1994,11682
220,1995,6799
220,1996,11911
220,1997,4533
220,1998,4694
220,1999,2074
220,2000,4173
220,2001,2176
220,2002,2589
220,2003,1147
220,2004,1147
220,2005,1389
220,2006,1037
220,2007,1609
220,2008,1786
220,2009,1485
220,2010,1507
220,2011,1776
220,2012,1415
220,2013,1907
223,1961,155611
223,1962,183425
223,1963,144539
223,1964,111189
223,1965,144539
223,1966,166750
223,1967,155611
223,1968,136735
223,1969,140937
223,1970,177889
223,1971,194564
223,1972,135601
223,1973,176755
223,1974,166750
223,1975,166750
223,1976,175621
223,1977,183425
223,1978,211239
223,1979,250125
223,1980,158946
223,1981,220110
223,1982,233450
223,1983,210105
223,1984,186760
223,1985,180090
223,1986,183425
223,1987,183425
223,1988,175088
223,1989,220110
223,1990,153410
223,1991,133400
223,1992,143405
223,1993,150075
223,1994,133400
223,1995,133400
223,1996,186760
223,1997,183425
223,1998,210105
223,1999,226780
223,2000,233450
223,2001,240120
223,2002,240120
223,2003,248124
223,2004,326830
223,2005,400200
223,2006,464232
223,2007,432216
223,2008,502468
223,2009,500250
223,2010,573620
223,2011,600300
223,2012,586960
223,2013,600300
226,1961,2134
226,1962,2668
226,1963,1101
226,1964,1534
226,1965,3168
226,1966,4134
226,1967,5219
226,1968,1913
226,1969,3180
226,1970,7630
226,1971,14674
226,1972,10472
226,1973,5803
226,1974,10005
226,1975,10672
226,1976,19343
226,1977,14007
226,1978,17142
226,1979,10005
226,1980,11339
226,1981,10005
226,1982,12673
226,1983,14674
226,1984,13340
226,1985,12673
226,1986,14007
226,1987,13340
226,1988,15341
226,1989,30015
226,1990,36018
226,1991,40687
226,1992,45356
226,1993,49358
226,1994,51359
226,1995,51359
226,1996,54694
226,1997,53360
226,1998,60030
226,1999,63365
226,2000,72703
226,2001,76038
226,2002,80040
226,2003,88044
226,2004,80707
226,2005,102051
226,2006,102718
226,2007,108054
226,2008,118631
226,2009,137245
226,2010,145480
226,2011,155411
226,2012,141404
226,2013,142738
228,1961,153077
228,1962,168751
228,1963,233450
228,1964,292146
228,1965,361848
228,1966,441554
228,1967,555611
228,1968,659663
228,1969,686343
228,1970,793730
228,1971,886443
228,1972,1021844
228,1973,1093880
228,1974,1186593
228,1975,1247290
228,1976,1240620
228,1977,1374020
228,1978,1309988
228,1979,1488077
228,1980,1730198
228,1981,1543438
228,1982,1538102
228,1983,1620810
228,1984,1693513
228,1985,1600800
228,1986,1604135
228,1987,1619476
228,1988,1732199
228,1989,1502751
228,1990,1444989
228,1991,1324795
23,1961,566
23,1962,500
23,1963,817
23,1964,1364
23,1965,1582
23,1966,947
23,1967,1077
23,1968,1918
23,1969,2314
23,1970,2330
23,1971,3034
23,1972,3868
23,1973,5446
23,1974,5023
23,1975,3237
23,1976,4205
23,1977,5729
23,1978,4235
23,1979,4448
23,1980,5748
23,1981,7224
23,1982,5295
23,1983,4084
23,1984,3783
23,1985,3721
23,1986,2937
23,1987,3064
23,1988,3703
23,1989,3363
23,1990,3078
23,1991,3196
23,1992,4432
23,1993,6500
23,1994,4329
23,1995,6422
23,1996,8508
23,1997,11156
23,1998,6304
23,1999,8417
23,2000,6582
23,2001,8085
23,2002,8338
23,2003,8800
23,2004,7124
23,2005,11845
23,2006,7907
23,2007,11856
23,2008,7857
23,2009,13750
23,2010,13689
23,2011,12727
23,2012,8216
23,2013,13677
230,1992,61205
230,1993,45356
230,1994,52693
230,1995,53427
230,1996,54725
230,1997,43355
230,1998,42421
230,1999,42421
230,2000,59830
230,2001,45956
230,2002,50292
230,2003,56028
230,2004,53627
230,2005,62031
230,2006,66367
230,2007,72036
230,2008,67167
230,2009,95314
230,2010,98716
230,2011,113323
230,2012,106587
230,2013,96748
231,1961,1639486
231,1962,1998332
231,1963,2125729
231,1964,2213773
231,1965,2307820
231,1966,2572233
231,1967,2704113
231,1968,3150759
231,1969,2780506
231,1970,2535474
231,1971,2594864
231,1972,2584910
231,1973,2806555
231,1974,3400177
231,1975,3885791
231,1976,3498867
231,1977,3001954
231,1978,4029007
231,1979,3992008
231,1980,4421710
231,1981,5528790
231,1982,4648256
231,1983,3016974
231,1984,4199632
231,1985,4083374
231,1986,4034683
231,1987,3921293
231,1988,4837751
231,1989,4673936
231,1990,4722360
231,1991,4822410
231,1992,5435383
231,1993,4723027
231,1994,5983724
231,1995,5260629
231,1996,5191664
231,1997,5536565
231,1998,5578921
231,1999,6232417
231,2000,5774765
231,2001,6512918
231,2002,6382513
231,2003,6047806
231,2004,7030020
231,2005,6741729
231,2006,5887093
231,2007,6002152
231,2008,6163862
231,2009,6651477
231,2010,7355016
231,2011,5595325
231,2012,6037194
231,2013,5744934
233,1961,20124
233,1962,30162
233,1963,16675
233,1964,22678
233,1965,16475
233,1966,20010
233,1967,29041
233,1968,27284
233,1969,26058
233,1970,24202
233,1971,24598
233,1972,22414
233,1973,20744
233,1974,23478
233,1975,26613
233,1976,30314
233,1977,25086
233,1978,26494
233,1979,31297
233,1980,26821
233,1981,30174
233,1982,28548
233,1983,26680
233,1984,27342
233,1985,33573
233,1986,25312
233,1987,14534
233,1988,26066
233,1989,27908
233,1990,31883
233,1991,25746
233,1992,31149
233,1993,35891
233,1994,40693
233,1995,56045
233,1996,74575
233,1997,59707
233,1998,59362
233,1999,62837
233,2000,68759
233,2001,73282
233,2002,59432
233,2003,63695
233,2004,49692
233,2005,62375
233,2006,75838
233,2007,45967
233,2008,130133
233,2009,142461
233,2010,180529
233,2011,160658
233,2012,213033
233,2013,203690
234,1961,40598
234,1962,40490
234,1963,51354
234,1964,31441
234,1965,60058
234,1966,55859
234,1967,77117
234,1968,69672
234,1969,89709
234,1970,92454
234,1971,81479
234,1972,85373
234,1973,91324
234,1974,105346
234,1975,123752
234,1976,144420
234,1977,152260
234,1978,150506
234,1979,165398
234,1980,191801
234,1981,220301
234,1982,279396
234,1983,215518
234,1984,226620
234,1985,280607
234,1986,262943
234,1987,223769
234,1988,253855
234,1989,358324
234,1990,231649
234,1991,328564
234,1992,403802
234,1993,468101
234,1994,440020
234,1995,537669
234,1996,649325
234,1997,682875
234,1998,576393
234,1999,885924
234,2000,806496
234,2001,687142
234,2002,626639
234,2003,604102
234,2004,842154
234,2005,810071
234,2006,862031
234,2007,764182
234,2008,887110
234,2009,858562
234,2010,766208
234,2011,1095881
234,2012,949808
234,2013,906786
235,1992,359446
235,1993,363248
235,1994,332366
235,1995,218509
235,1996,300150
235,1997,259330
235,1998,230982
235,1999,280674
235,2000,103252
235,2001,45223
235,2002,116792
235,2003,222578
235,2004,120880
235,2005,114524
235,2006,146959
235,2007,131866
235,2008,73637
235,2009,129665
235,2010,138336
235,2011,79879
235,2012,217254
235,2013,226926
236,1961,53799
236,1962,68790
236,1963,87455
236,1964,110557
236,1965,133333
236,1966,130035
236,1967,148776
236,1968,163143
236,1969,162664
236,1970,150897
236,1971,102076
236,1972,109849
236,1973,201367
236,1974,197800
236,1975,242071
236,1976,137594
236,1977,330792
236,1978,334567
236,1979,409261
236,1980,412812
236,1981,454422
236,1982,405885
236,1983,299800
236,1984,272030
236,1985,314639
236,1986,214459
236,1987,248956
236,1988,255638
236,1989,277339
236,1990,330165
236,1991,443452
236,1992,407151
236,1993,426206
236,1994,485612
236,1995,504886
236,1996,520197
236,1997,528423
236,1998,467679
236,1999,480369
236,2000,451409
236,2001,507630
236,2002,445665
236,2003,427539
236,2004,646846
236,2005,670014
236,2006,748954
236,2007,703590
236,2008,910097
236,2009,796369
236,2010,695726
236,2011,544441
236,2012,547654
236,2013,583191
237,1961,6001266
237,1962,6501276
237,1963,6418321
237,1964,6467919
237,1965,6249590
237,1966,5645154
237,1967,6128663
237,1968,5580222
237,1969,5879605
237,1970,6785591
237,1971,6968149
237,1972,7169049
237,1973,7420375
237,1974,7352534
237,1975,6865831
237,1976,7888742
237,1977,7068266
237,1978,6529863
237,1979,7579054
237,1980,7768816
237,1981,8280938
237,1982,9598263
237,1983,9833781
237,1984,10342235
237,1985,10588492
237,1986,10673934
237,1987,10073434
237,1988,11339000
237,1989,12670532
237,1990,12823142
237,1991,13087807
237,1992,14400730
237,1993,15232012
237,1994,15693376
237,1995,16650788
237,1996,17606599
237,1997,18358441
237,1998,19440048
237,1999,20939664
237,2000,21697176
237,2001,21416303
237,2002,22976282
237,2003,23057389
237,2004,24111316
237,2005,23900544
237,2006,23911616
237,2007,23973781
237,2008,25832776
237,2009,25979783
237,2010,26683735
237,2011,28279693
237,2012,29122266
237,2013,29374205
238,1993,6670
238,1994,6607
238,1995,7337
238,1996,10210
238,1997,8004
238,1998,8671
238,1999,9338
238,2000,10005
238,2001,10280
238,2002,10280
238,2003,8671
238,2004,8004
238,2005,7500
238,2006,7500
238,2007,7500
238,2008,47620
238,2009,68786
238,2010,60305
238,2011,59109
238,2012,80735
238,2013,122868
248,1961,13073
248,1962,15474
248,1963,15541
248,1964,16875
248,1965,16408
248,1966,15341
248,1967,13473
248,1968,11873
248,1969,18556
248,1970,21344
248,1971,24012
248,1972,20677
248,1973,21344
248,1974,20677
248,1975,24746
248,1976,15332
248,1977,24261
248,1978,22973
248,1979,22945
248,1980,28014
248,1981,28014
248,1982,28014
248,1983,26680
248,1984,24134
248,1985,24134
248,1986,31767
248,1987,32750
248,1988,23684
248,1989,18326
248,1990,18400
248,1991,25013
25,1961,133
25,1962,147
25,1963,160
25,1964,173
25,1965,187
25,1966,203
25,1967,101
25,1968,1355
25,1969,948
25,1970,1287
25,1971,1999
25,1972,881
25,1973,813
25,1974,814
25,1975,825
25,1976,2554
25,1977,4181
25,1978,5108
25,1979,6819
25,1980,9509
25,1981,9249
25,1982,7029
25,1983,6324
25,1984,4760
25,1985,3971
25,1986,4336
25,1987,0
25,1988,0
25,1989,0
25,1990,617
25,1991,530
25,1992,743
25,1993,634
25,1994,714
25,1995,750
25,1996,628
25,1997,912
25,1998,867
25,1999,2161
25,2000,3018
25,2001,1389
25,2002,1512
25,2003,1299
25,2004,1668
25,2005,2001
25,2006,2168
25,2007,1868
25,2008,1868
25,2009,1668
25,2010,1334
25,2011,2168
25,2012,2668
25,2013,2801
251,1961,0
251,1962,0
251,1963,0
251,1964,0
251,1965,0
251,1966,0
251,1967,0
251,1968,127
251,1969,278
251,1970,303
251,1971,313
251,1972,354
251,1973,338
251,1974,508
251,1975,1162
251,1976,1609
251,1977,1241
251,1978,1951
251,1979,1235
251,1980,1476
251,1981,1783
251,1982,3516
251,1983,6424
251,1984,6184
251,1985,7492
251,1986,7475
251,1987,5497
251,1988,6471
251,1989,7827
251,1990,6145
251,1991,9740
251,1992,5525
251,1993,9333
251,1994,4241
251,1995,8077
251,1996,8868
251,1997,8319
251,1998,4268
251,1999,9805
251,2000,9295
251,2001,7767
251,2002,9005
251,2003,10339
251,2004,11465
251,2005,8896
251,2006,9314
251,2007,12217
251,2008,16023
251,2009,27967
251,2010,34455
251,2011,32956
251,2012,30229
251,2013,29846
26,1961,3274
26,1962,3498
26,1963,2580
26,1964,2295
26,1965,1965
26,1966,2273
26,1967,3684
26,1968,3683
26,1969,4524
26,1970,4523
26,1971,2922
26,1972,2668
26,1973,4079
26,1974,6514
26,1975,6591
26,1976,4822
26,1977,2841
26,1978,2559
26,1979,3078
26,1980,1832
26,1981,1664
26,1982,1578
26,1983,1785
26,1984,2181
26,1985,722
26,1986,1027
26,1987,720
26,1988,1287
26,1989,1041
26,1990,620
26,1991,587
26,1992,494
26,1993,527
26,1994,524
26,1995,339
26,1996,297
26,1997,297
26,1998,297
26,1999,133
26,2000,199
26,2001,233
26,2002,248
26,2003,365
26,2004,414
26,2005,568
26,2006,591
26,2007,656
26,2008,608
26,2009,594
26,2010,715
26,2011,987
26,2012,1171
26,2013,825
27,1961,24339
27,1962,26038
27,1963,28225
27,1964,20984
27,1965,22338
27,1966,32255
27,1967,38099
27,1968,25966
27,1969,38791
27,1970,44136
27,1971,44681
27,1972,40216
27,1973,41285
27,1974,38665
27,1975,45156
27,1976,27489
27,1977,45179
27,1978,40764
27,1979,48948
27,1980,44944
27,1981,49034
27,1982,49952
27,1983,49564
27,1984,40762
27,1985,36398
27,1986,41625
27,1987,35346
27,1988,30387
27,1989,28496
27,1990,16800
27,1991,13896
27,1992,9671
27,1993,7232
27,1994,2052
27,1995,3324
27,1996,5891
27,1997,7559
27,1998,6855
27,1999,4669
27,2000,11195
27,2001,12477
27,2002,11976
27,2003,15781
27,2004,18753
27,2005,13449
27,2006,13345
27,2007,20394
27,2008,25776
27,2009,28975
27,2010,37352
27,2011,39766
27,2012,36616
27,2013,37433
276,2012,16008
276,2013,16675
28,1961,4558345
28,1962,5112355
28,1963,5191194
28,1964,5674636
28,1965,5372752
28,1966,4426479
28,1967,5182190
28,1968,5351274
28,1969,5325795
28,1970,5443987
28,1971,5452725
28,1972,4906986
28,1973,5737467
28,1974,5725128
28,1975,6141536
28,1976,6215973
28,1977,6311154
28,1978,7022376
28,1979,6968749
28,1980,8882706
28,1981,9435782
28,1982,9587058
28,1983,9530163
28,1984,9508418
28,1985,9549472
28,1986,9422776
28,1987,9096813
28,1988,8782456
28,1989,9208935
28,1990,9319191
28,1991,8807201
28,1992,9898547
28,1993,11181054
28,1994,12138666
28,1995,11977252
28,1996,11792427
28,1997,11106484
28,1998,11390819
28,1999,13424069
28,2000,14223021
28,2001,14617972
28,2002,14543935
28,2003,15438562
28,2004,16634313
28,2005,18464561
28,2006,20626308
28,2007,20977817
28,2008,21726178
28,2009,21798867
28,2010,21730626
28,2011,19349597
28,2012,18729360
28,2013,19187589
3,1961,3070
3,1962,3791
3,1963,6093
3,1964,5451
3,1965,6820
3,1966,7020
3,1967,7506
3,1968,8542
3,1969,9522
3,1970,9954
3,1971,7177
3,1972,8004
3,1973,10117
3,1974,8004
3,1975,9005
3,1976,9338
3,1977,9605
3,1978,9872
3,1979,10352
3,1980,8671
3,1981,9271
3,1982,7937
3,1983,8671
3,1984,8404
3,1985,8004
3,1986,7337
3,1987,7070
3,1988,5890
3,1989,5636
3,1990,4669
3,1991,1523
3,1992,640
3,1993,390
3,1994,0
3,1995,0
3,1996,0
3,1997,0
3,1998,0
3,1999,0
3,2000,0
3,2001,0
3,2002,0
3,2003,0
3,2004,0
3,2005,0
3,2006,0
3,2007,0
3,2008,0
3,2009,0
3,2010,0
3,2011,0
3,2012,0
3,2013,0
32,1961,2390
32,1962,6035
32,1963,7170
32,1964,9404
32,1965,8838
32,1966,10535
32,1967,14801
32,1968,10570
32,1969,8090
32,1970,9156
32,1971,9231
32,1972,5900
32,1973,7915
32,1974,16061
32,1975,19947
32,1976,32056
32,1977,28551
32,1978,51003
32,1979,32683
32,1980,30399
32,1981,33756
32,1982,51479
32,1983,59333
32,1984,40687
32,1985,71635
32,1986,60030
32,1987,43422
32,1988,36235
32,1989,41131
32,1990,36818
32,1991,24279
32,1992,35018
32,1993,19343
32,1994,24145
32,1995,23545
32,1996,24079
32,1997,24679
32,1998,35484
32,1999,45002
32,2000,40868
32,2001,41361
32,2002,29714
32,2003,31466
32,2004,33322
32,2005,38932
32,2006,43038
32,2007,45534
32,2008,48030
32,2009,89818
32,2010,102103
32,2011,116117
32,2012,121273
32,2013,129461
37,1961,2001
37,1962,2201
37,1963,2868
37,1964,4002
37,1965,4336
37,1966,4336
37,1967,5069
37,1968,6537
37,1969,8217
37,1970,4669
37,1971,4722
37,1972,4336
37,1973,4035
37,1974,8410
37,1975,7785
37,1976,8004
37,1977,12006
37,1978,8381
37,1979,8299
37,1980,8674
37,1981,10005
37,1982,10005
37,1983,8004
37,1984,11339
37,1985,8491
37,1986,5991
37,1987,7618
37,1988,9407
37,1989,9836
37,1990,5217
37,1991,5112
37,1992,5336
37,1993,5203
37,1994,5359
37,1995,6670
37,1996,10005
37,1997,11339
37,1998,12340
37,1999,14007
37,2000,15408
37,2001,16875
37,2002,18276
37,2003,19810
37,2004,21277
37,2005,30815
37,2006,26680
37,2007,25076
37,2008,25327
37,2009,26086
37,2010,26013
37,2011,26680
37,2012,28014
37,2013,25013
38,1961,615657
38,1962,686472
38,1963,697621
38,1964,716391
38,1965,509693
38,1966,654158
38,1967,772489
38,1968,906815
38,1969,917765
38,1970,1077827
38,1971,930985
38,1972,875404
38,1973,875384
38,1974,1068741
38,1975,769825
38,1976,835500
38,1977,1118755
38,1978,1260959
38,1979,1278788
38,1980,1422844
38,1981,1486974
38,1982,1437805
38,1983,1656512
38,1984,1613940
38,1985,1775028
38,1986,1726314
38,1987,1419264
38,1988,1651901
38,1989,1376312
38,1990,1692846
38,1991,1593463
38,1992,1560580
38,1993,1714190
38,1994,1790021
38,1995,1874197
38,1996,1375034
38,1997,1493660
38,1998,1795791
38,1999,1905686
38,2000,1907553
38,2001,1797618
38,2002,1907273
38,2003,2048490
38,2004,1752876
38,2005,2165082
38,2006,2229114
38,2007,2088377
38,2008,2584625
38,2009,2435664
38,2010,2868514
38,2011,2597892
38,2012,2565249
38,2013,3082027
39,1961,15341
39,1962,15675
39,1963,22678
39,1964,25346
39,1965,16675
39,1966,24649
39,1967,21547
39,1968,23345
39,1969,24446
39,1970,26316
39,1971,34140
39,1972,26680
39,1973,28014
39,1974,24432
39,1975,25980
39,1976,33350
39,1977,13340
39,1978,13807
39,1979,17142
39,1980,31216
39,1981,29215
39,1982,15541
39,1983,12025
39,1984,8253
39,1985,5219
39,1986,9925
39,1987,13005
39,1988,49267
39,1989,70685
39,1990,44040
39,1991,78523
39,1992,72177
39,1993,15410
39,1994,60396
39,1995,52678
39,1996,65185
39,1997,74896
39,1998,80484
39,1999,92234
39,2000,61780
39,2001,74815
39,2002,89965
39,2003,84058
39,2004,60752
39,2005,99184
39,2006,71084
39,2007,70955
39,2008,113233
39,2009,116725
39,2010,113390
39,2011,115102
39,2012,186760
39,2013,220110
4,1961,6345
4,1962,5336
4,1963,4442
4,1964,3344
4,1965,3689
4,1966,3702
4,1967,3040
4,1968,4075
4,1969,4476
4,1970,1445
4,1971,1046
4,1972,1479
4,1973,1632
4,1974,1681
4,1975,1067
4,1976,853
4,1977,940
4,1978,194
4,1979,667
4,1980,800
4,1981,800
4,1982,800
4,1983,800
4,1984,800
4,1985,800
4,1986,827
4,1987,867
4,1988,987
4,1989,987
4,1990,1027
4,1991,1001
4,1992,874
4,1993,940
4,1994,1071
4,1995,1086
4,1996,1110
4,1997,200
4,1998,167
4,1999,210
4,2000,212
4,2001,188
4,2002,222
4,2003,219
4,2004,231
4,2005,225
4,2006,249
4,2007,254
4,2008,263
4,2009,175
4,2010,139
4,2011,183
4,2012,200
4,2013,213
40,1961,69848
40,1962,52346
40,1963,52873
40,1964,53653
40,1965,53331
40,1966,51159
40,1967,56028
40,1968,62357
40,1969,24492
40,1970,50848
40,1971,44756
40,1972,57551
40,1973,36654
40,1974,22911
40,1975,50945
40,1976,65126
40,1977,80047
40,1978,69895
40,1979,120840
40,1980,63658
40,1981,66527
40,1982,87497
40,1983,77079
40,1984,110062
40,1985,104485
40,1986,84487
40,1987,98071
40,1988,108221
40,1989,123519
40,1990,90720
40,1991,78116
40,1992,89065
40,1993,87130
40,1994,88764
40,1995,97315
40,1996,101914
40,1997,58397
40,1998,69618
40,1999,40687
40,2000,90085
40,2001,95555
40,2002,94665
40,2003,93946
40,2004,79550
40,2005,77927
40,2006,106930
40,2007,73549
40,2008,80974
40,2009,84916
40,2010,63146
40,2011,86960
40,2012,99909
40,2013,86915
41,1961,35777880
41,1962,42011000
41,1963,49201260
41,1964,55361000
41,1965,58509240
41,1966,63625130
41,1967,62487900
41,1968,63051510
41,1969,63408360
41,1970,73363330
41,1971,76841735
41,1972,75607785
41,1973,81197244
41,1974,82644634
41,1975,83748519
41,1976,83911934
41,1977,85752854
41,1978,91332309
41,1979,95881249
41,1980,93319969
41,1981,96017990
41,1982,107787199
41,1983,112632949
41,1984,118896090
41,1985,112435517
41,1986,114873407
41,1987,116231419
41,1988,112796369
41,1989,120146709
41,1990,126283782
41,1991,122315121
41,1992,124210073
41,1993,118401837
41,1994,117347305
41,1995,123545741
41,1996,130133033
41,1997,133886909
41,1998,132541170
41,1999,132390833
41,2000,125334635
41,2001,118446521
41,2002,116417518
41,2003,107157551
41,2004,119452357
41,2005,120452195
41,2006,121205905
41,2007,124084677
41,2008,127948614
41,2009,130133706
41,2010,130572581
41,2011,134067597
41,2012,136258089
41,2013,135809331
44,1961,315891
44,1962,390195
44,1963,366850
44,1964,400200
44,1965,448224
44,1966,453560
44,1967,441221
44,1968,524462
44,1969,463221
44,1970,501981
44,1971,603200
44,1972,695870
44,1973,784306
44,1974,1047150
44,1975,1082027
44,1976,987640
44,1977,934885
44,1978,1252642
44,1979,1220484
44,1980,1190007
44,1981,1252450
44,1982,1349515
44,1983,1209627
44,1984,1143678
44,1985,1161647
44,1986,1014473
44,1987,1243621
44,1988,1184192
44,1989,1401901
44,1990,1411772
44,1991,1159646
44,1992,1157212
44,1993,1060571
44,1994,1105360
44,1995,1162279
44,1996,1108111
44,1997,1220801
44,1998,1265793
44,1999,1457550
44,2000,1492259
44,2001,1438259
44,2002,1376041
44,2003,1612266
44,2004,1665312
44,2005,1471743
44,2006,1310931
44,2007,1412149
44,2008,1609372
44,2009,1654107
44,2010,1326123
44,2011,1340633
44,2012,1289867
44,2013,1366642
46,1961,2335
46,1962,2368
46,1963,2468
46,1964,2668
46,1965,3335
46,1966,4002
46,1967,4669
46,1968,5336
46,1969,4002
46,1970,2668
46,1971,3335
46,1972,4470
46,1973,3488
46,1974,4448
46,1975,2535
46,1976,2588
46,1977,2601
46,1978,2335
46,1979,2001
46,1980,1818
46,1981,1894
46,1982,1468
46,1983,1093
46,1984,852
46,1985,614
46,1986,806
46,1987,698
46,1988,710
46,1989,722
46,1990,925
46,1991,959
46,1992,993
46,1993,1027
46,1994,1063
46,1995,734
46,1996,759
46,1997,654
46,1998,653
46,1999,849
46,2000,868
46,2001,901
46,2002,936
46,2003,800
46,2004,828
46,2005,734
46,2006,734
46,2007,734
46,2008,867
46,2009,1001
46,2010,1101
46,2011,1134
46,2012,1067
46,2013,1134
48,1961,40287
48,1962,43422
48,1963,46023
48,1964,52026
48,1965,56895
48,1966,59830
48,1967,63365
48,1968,71636
48,1969,62565
48,1970,53093
48,1971,61164
48,1972,59230
48,1973,69375
48,1974,84516
48,1975,130489
48,1976,99857
48,1977,112470
48,1978,131949
48,1979,146459
48,1980,153829
48,1981,148388
48,1982,97532
48,1983,164628
48,1984,148568
48,1985,149709
48,1986,123268
48,1987,102543
48,1988,137044
48,1989,104742
48,1990,145168
48,1991,142190
48,1992,135080
48,1993,115240
48,1994,137031
48,1995,122184
48,1996,157762
48,1997,165768
48,1998,159412
48,1999,176299
48,2000,177702
48,2001,144538
48,2002,126575
48,2003,122486
48,2004,131540
48,2005,122230
48,2006,129572
48,2007,119879
48,2008,147723
48,2009,173191
48,2010,178604
48,2011,186076
48,2012,142943
48,2013,149788
49,1961,138008
49,1962,154024
49,1963,158012
49,1964,82013
49,1965,36665
49,1966,42687
49,1967,48086
49,1968,75871
49,1969,149818
49,1970,249807
49,1971,235536
49,1972,212117
49,1973,223851
49,1974,291230
49,1975,297956
49,1976,300869
49,1977,304001
49,1978,305124
49,1979,283542
49,1980,318715
49,1981,307412
49,1982,346675
49,1983,345269
49,1984,370025
49,1985,349721
49,1986,380535
49,1987,310848
49,1988,326068
49,1989,357766
49,1990,315940
49,1991,285221
49,1992,251011
49,1993,123797
49,1994,258529
49,1995,264199
49,1996,382124
49,1997,409671
49,1998,294547
49,1999,372853
49,2000,368718
49,2001,400867
49,2002,461564
49,2003,477439
49,2004,326096
49,2005,245189
49,2006,289611
49,2007,293213
49,2008,290812
49,2009,375921
49,2010,303085
49,2011,377789
49,2012,427947
49,2013,448624
5000,1961,143752801
5000,1962,150959594
5000,1963,164750014
5000,1964,175296938
5000,1965,169383728
5000,1966,174104578
5000,1967,184906944
5000,1968,192339099
5000,1969,196996528
5000,1970,210836245
5000,1971,211746119
5000,1972,204784134
5000,1973,223217203
5000,1974,221238633
5000,1975,237899097
5000,1976,231710008
5000,1977,246242339
5000,1978,256730850
5000,1979,250076607
5000,1980,264488483
5000,1981,273284886
5000,1982,281201239
5000,1983,298582235
5000,1984,310118208
5000,1985,311978054
5000,1986,312313534
5000,1987,307471017
5000,1988,324820997
5000,1989,342782289
5000,1990,345525028
5000,1991,345610347
5000,1992,352154997
5000,1993,353722329
5000,1994,359052242
5000,1995,364811387
5000,1996,379137133
5000,1997,384526801
5000,1998,385992409
5000,1999,407185279
5000,2000,399149307
5000,2001,399509624
5000,2002,380583241
5000,2003,391097609
5000,2004,404919539
5000,2005,422725117
5000,2006,427083572
5000,2007,437685277
5000,2008,458202557
5000,2009,457424722
5000,2010,467515350
5000,2011,482931749
5000,2012,490679831
5000,2013,495447451
5100,1961,2819436
5100,1962,3665708
5100,1963,3829546
5100,1964,3845890
5100,1965,3608705
5100,1966,3637064
5100,1967,4339638
5100,1968,4514830
5100,1969,4637830
5100,1970,4729480
5100,1971,4780146
5100,1972,4729026
5100,1973,4758161
5100,1974,4981640
5100,1975,5249230
5100,1976,5069808
5100,1977,5161543
5100,1978,5302719
5100,1979,5487380
5100,1980,5558937
5100,1981,5527090
5100,1982,5779378
5100,1983,5873643
5100,1984,5875165
5100,1985,6178626
5100,1986,6502251
5100,1987,6738255
5100,1988,6877712
5100,1989,8430300
5100,1990,8160508
5100,1991,8845134
5100,1992,9025041
5100,1993,9377578
5100,1994,9133484
5100,1995,9678742
5100,1996,10364958
5100,1997,10702585
5100,1998,10263789
5100,1999,11295266
5100,2000,11383900
5100,2001,10837079
5100,2002,11469454
5100,2003,12064830
5100,2004,12416851
5100,2005,13251531
5100,2006,14401237
5100,2007,13736830
5100,2008,15969196
5100,2009,15424312
5100,2010,17378339
5100,2011,17259587
5100,2012,18333652
5100,2013,18605973
5101,1961,1115313
5101,1962,1177789
5101,1963,1243150
5101,1964,1282790
5101,1965,1188727
5101,1966,1234810
5101,1967,1294021
5101,1968,1343413
5101,1969,1407064
5101,1970,1497959
5101,1971,1509804
5101,1972,1539543
5101,1973,1634700
5101,1974,1647432
5101,1975,1646458
5101,1976,1733352
5101,1977,1735731
5101,1978,1686155
5101,1979,1653583
5101,1980,1717843
5101,1981,1591874
5101,1982,1652877
5101,1983,1792752
5101,1984,1796909
5101,1985,1866838
5101,1986,1997718
5101,1987,2015034
5101,1988,1987553
5101,1989,2241940
5101,1990,2276957
5101,1991,2153938
5101,1992,2024763
5101,1993,2321604
5101,1994,2173734
5101,1995,2257441
5101,1996,2459019
5101,1997,2340756
5101,1998,2478133
5101,1999,2510102
5101,2000,2479142
5101,2001,2663010
5101,2002,2660968
5101,2003,2889566
5101,2004,2985375
5101,2005,3314775
5101,2006,3462206
5101,2007,3638402
5101,2008,3954713
5101,2009,4445426
5101,2010,5515608
5101,2011,5003427
5101,2012,4799733
5101,2013,4646507
5102,1961,41933
5102,1962,41988
5102,1963,52308
5102,1964,59427
5102,1965,55206
5102,1966,63898
5102,1967,68473
5102,1968,56289
5102,1969,55562
5102,1970,63182
5102,1971,70389
5102,1972,55490
5102,1973,63430
5102,1974,64835
5102,1975,69820
5102,1976,89605
5102,1977,70152
5102,1978,85930
5102,1979,69429
5102,1980,80011
5102,1981,82184
5102,1982,85764
5102,1983,86324
5102,1984,66909
5102,1985,89627
5102,1986,80584
5102,1987,66216
5102,1988,97272
5102,1989,124881
5102,1990,89534
5102,1991,112207
5102,1992,116884
5102,1993,43917
5102,1994,105503
5102,1995,96815
5102,1996,109876
5102,1997,120003
5102,1998,136101
5102,1999,157511
5102,2000,123443
5102,2001,138159
5102,2002,142770
5102,2003,144157
5102,2004,125608
5102,2005,176307
5102,2006,144896
5102,2007,146124
5102,2008,193901
5102,2009,244128
5102,2010,255419
5102,2011,275638
5102,2012,352583
5102,2013,401936
5103,1961,779351
5103,1962,1376654
5103,1963,1498576
5103,1964,1378674
5103,1965,1211706
5103,1966,1139732
5103,1967,1541999
5103,1968,1760270
5103,1969,1748618
5103,1970,1769060
5103,1971,1696820
5103,1972,1686255
5103,1973,1530023
5103,1974,1509860
5103,1975,1641774
5103,1976,1554958
5103,1977,1541122
5103,1978,1588321
5103,1979,1693513
5103,1980,1614167
5103,1981,1513358
5103,1982,1633718
5103,1983,1633937
5103,1984,1496865
5103,1985,1544859
5103,1986,1646369
5103,1987,1639119
5103,1988,1446096
5103,1989,1791155
5103,1990,2116592
5103,1991,2317820
5103,1992,2624189
5103,1993,2812853
5103,1994,3105427
5103,1995,3197861
5103,1996,3303259
5103,1997,3678071
5103,1998,2999085
5103,1999,3910571
5103,2000,4024683
5103,2001,3520136
5103,2002,4095593
5103,2003,4141564
5103,2004,4280951
5103,2005,4127715
5103,2006,4545854
5103,2007,4624552
5103,2008,4887967
5103,2009,3730721
5103,2010,2937189
5103,2011,3814000
5103,2012,4005295
5103,2013,3860024
5104,1961,4478
5104,1962,5299
5104,1963,5685
5104,1964,5479
5104,1965,5297
5104,1966,5715
5104,1967,5575
5104,1968,5086
5104,1969,6659
5104,1970,6235
5104,1971,6077
5104,1972,5762
5104,1973,5027
5104,1974,4412
5104,1975,4948
5104,1976,5385
5104,1977,5336
5104,1978,5336
5104,1979,5336
5104,1980,5336
5104,1981,4002
5104,1982,3078
5104,1983,3064
5104,1984,3718
5104,1985,4002
5104,1986,4002
5104,1987,4002
5104,1988,4002
5104,1989,4002
5104,1990,3717
5104,1991,3474
5104,1992,3509
5104,1993,2148
5104,1994,2014
5104,1995,2104
5104,1996,1744
5104,1997,1827
5104,1998,1675
5104,1999,2001
5104,2000,2114
5104,2001,2217
5104,2002,2069
5104,2003,2204
5104,2004,2240
5104,2005,2635
5104,2006,1773
5104,2007,2261
5104,2008,2070
5104,2009,1986
5104,2010,1988
5104,2011,1747
5104,2012,2401
5104,2013,2738
5105,1961,878360
5105,1962,1063978
5105,1963,1029827
5105,1964,1119521
5105,1965,1147770
5105,1966,1192909
5105,1967,1429570
5105,1968,1349773
5105,1969,1419927
5105,1970,1393044
5105,1971,1497055
5105,1972,1441977
5105,1973,1524981
5105,1974,1755101
5105,1975,1886230
5105,1976,1686509
5105,1977,1809202
5105,1978,1936977
5105,1979,2065519
5105,1980,2141580
5105,1981,2335672
5105,1982,2403941
5105,1983,2357567
5105,1984,2510763
5105,1985,2673301
5105,1986,2773578
5105,1987,3013885
5105,1988,3342789
5105,1989,4268322
5105,1990,3673709
5105,1991,4257694
5105,1992,4255695
5105,1993,4197057
5105,1994,3746806
5105,1995,4124520
5105,1996,4491060
5105,1997,4561928
5105,1998,4648795
5105,1999,4715082
5105,2000,4754517
5105,2001,4513557
5105,2002,4568054
5105,2003,4887339
5105,2004,5022677
5105,2005,5630099
5105,2006,6246508
5105,2007,5325491
5105,2008,6930545
5105,2009,7002051
5105,2010,8668135
5105,2011,8164774
5105,2012,9173640
5105,2013,9694769
52,1992,400
52,1993,734
52,1994,667
52,1995,2501
52,1996,5648
52,1997,7220
52,1998,7743
52,1999,10671
52,2000,14898
52,2001,12307
52,2002,11099
52,2003,10439
52,2004,6832
52,2005,5541
52,2006,3392
52,2007,2385
52,2008,2495
52,2009,2903
52,2010,2621
52,2011,2465
52,2012,2501
52,2013,3224
5200,1961,7048731
5200,1962,7665122
5200,1963,7823349
5200,1964,8493479
5200,1965,9578439
5200,1966,8686618
5200,1967,9629758
5200,1968,9948019
5200,1969,9640564
5200,1970,10473267
5200,1971,9811527
5200,1972,9903683
5200,1973,10702674
5200,1974,11583676
5200,1975,13249757
5200,1976,13726679
5200,1977,13140071
5200,1978,13088290
5200,1979,13551552
5200,1980,15385474
5200,1981,16070279
5200,1982,16338586
5200,1983,12908520
5200,1984,15498435
5200,1985,15417498
5200,1986,15778697
5200,1987,16308464
5200,1988,18074767
5200,1989,17903131
5200,1990,15096857
5200,1991,16429859
5200,1992,17937620
5200,1993,17178783
5200,1994,19427007
5200,1995,19457483
5200,1996,18053769
5200,1997,18585737
5200,1998,17769969
5200,1999,22551114
5200,2000,21047933
5200,2001,21215446
5200,2002,21140558
5200,2003,21086803
5200,2004,24494446
5200,2005,24113130
5200,2006,22424929
5200,2007,22076917
5200,2008,23779650
5200,2009,25164320
5200,2010,24424812
5200,2011,24581368
5200,2012,23796936
5200,2013,23970559
5203,1961,1639486
5203,1962,1998332
5203,1963,2125729
5203,1964,2213773
5203,1965,2307820
5203,1966,2572233
5203,1967,2704113
5203,1968,3150759
5203,1969,2780506
5203,1970,2535474
5203,1971,2594864
5203,1972,2584910
5203,1973,2806555
5203,1974,3400177
5203,1975,3885791
5203,1976,3498867
5203,1977,3001954
5203,1978,4029007
5203,1979,3992008
5203,1980,4421710
5203,1981,5528790
5203,1982,4648256
5203,1983,3016974
5203,1984,4199632
5203,1985,4083374
5203,1986,4034683
5203,1987,3921293
5203,1988,4837751
5203,1989,4673936
5203,1990,4722360
5203,1991,4822410
5203,1992,5435383
5203,1993,4723027
5203,1994,5983724
5203,1995,5260629
5203,1996,5191664
5203,1997,5536565
5203,1998,5578921
5203,1999,6232417
5203,2000,5774765
5203,2001,6512918
5203,2002,6382513
5203,2003,6047806
5203,2004,7030020
5203,2005,6741729
5203,2006,5887093
5203,2007,6002152
5203,2008,6163862
5203,2009,6651477
5203,2010,7355016
5203,2011,5595325
5203,2012,6037194
5203,2013,5744934
5204,1961,389614
5204,1962,370653
5204,1963,382592
5204,1964,395834
5204,1965,486026
5204,1966,495562
5204,1967,562915
5204,1968,550164
5204,1969,526129
5204,1970,521523
5204,1971,528171
5204,1972,520276
5204,1973,590631
5204,1974,638438
5204,1975,876276
5204,1976,605535
5204,1977,729548
5204,1978,638831
5204,1979,748391
5204,1980,737201
5204,1981,948255
5204,1982,752928
5204,1983,786851
5204,1984,790078
5204,1985,1014257
5204,1986,770379
5204,1987,812183
5204,1988,724232
5204,1989,770933
5204,1990,740315
5204,1991,708844
5204,1992,741086
5204,1993,689336
5204,1994,761506
5204,1995,723544
5204,1996,787200
5204,1997,849728
5204,1998,852374
5204,1999,785376
5204,2000,816710
5204,2001,705008
5204,2002,731094
5204,2003,777302
5204,2004,715113
5204,2005,752335
5204,2006,791255
5204,2007,733915
5204,2008,771713
5204,2009,818983
5204,2010,875153
5204,2011,840349
5204,2012,790720
5204,2013,805512
5206,1961,259997
5206,1962,278739
5206,1963,289970
5206,1964,231488
5206,1965,204806
5206,1966,219644
5206,1967,218631
5206,1968,255418
5206,1969,342538
5206,1970,450514
5206,1971,438326
5206,1972,424524
5206,1973,461911
5206,1974,556091
5206,1975,530785
5206,1976,612121
5206,1977,584788
5206,1978,626073
5206,1979,628462
5206,1980,671784
5206,1981,654994
5206,1982,723690
5206,1983,766264
5206,1984,797493
5206,1985,770712
5206,1986,779844
5206,1987,736099
5206,1988,693535
5206,1989,765069
5206,1990,696970
5206,1991,687243
5206,1992,727021
5206,1993,503322
5206,1994,591078
5206,1995,662459
5206,1996,790400
5206,1997,860139
5206,1998,683396
5206,1999,836179
5206,2000,847409
5206,2001,953118
5206,2002,1022909
5206,2003,956720
5206,2004,781891
5206,2005,746790
5206,2006,840139
5206,2007,881150
5206,2008,885301
5206,2009,983435
5206,2010,965967
5206,2011,1059230
5206,2012,1094757
5206,2013,1113083
5207,1961,4759634
5207,1962,5017397
5207,1963,5025059
5207,1964,5652384
5207,1965,6579788
5207,1966,5399179
5207,1967,6144100
5207,1968,5991679
5207,1969,5991392
5207,1970,6965755
5207,1971,6250166
5207,1972,6373972
5207,1973,6843577
5207,1974,6988970
5207,1975,7956904
5207,1976,9010157
5207,1977,8823782
5207,1978,7794380
5207,1979,8182691
5207,1980,9554780
5207,1981,8938240
5207,1982,10213712
5207,1983,8338431
5207,1984,9711232
5207,1985,9549155
5207,1986,10193791
5207,1987,10838889
5207,1988,11819249
5207,1989,11693193
5207,1990,8937212
5207,1991,10211362
5207,1992,11034130
5207,1993,11263097
5207,1994,12090700
5207,1995,12810851
5207,1996,11284505
5207,1997,11339305
5207,1998,10655278
5207,1999,14697142
5207,2000,13609049
5207,2001,13044402
5207,2002,13004042
5207,2003,13304976
5207,2004,15967422
5207,2005,15872277
5207,2006,14906443
5207,2007,14459700
5207,2008,15958773
5207,2009,16710425
5207,2010,15228677
5207,2011,17086465
5207,2012,15874264
5207,2013,16307031
53,1961,504
53,1962,492
53,1963,582
53,1964,672
53,1965,986
53,1966,1018
53,1967,836
53,1968,1187
53,1969,1738
53,1970,3228
53,1971,3602
53,1972,4412
53,1973,5336
53,1974,6610
53,1975,9007
53,1976,12273
53,1977,12273
53,1978,5003
53,1979,6870
53,1980,6794
53,1981,5690
53,1982,5864
53,1983,3535
53,1984,5003
53,1985,4501
53,1986,5695
53,1987,5430
53,1988,6475
53,1989,5987
53,1990,7297
53,1991,6858
53,1992,6930
53,1993,6640
53,1994,9129
53,1995,11485
53,1996,14847
53,1997,17936
53,1998,23720
53,1999,22705
53,2000,32846
53,2001,36619
53,2002,44129
53,2003,36140
53,2004,43154
53,2005,52245
53,2006,47338
53,2007,49936
53,2008,70433
53,2009,75171
53,2010,83358
53,2011,146491
53,2012,146140
53,2013,138031
5300,1961,132560001
5300,1962,138317064
5300,1963,151756605
5300,1964,161498183
5300,1965,154830540
5300,1966,160203527
5300,1967,169112584
5300,1968,176039263
5300,1969,180598157
5300,1970,193466084
5300,1971,194846848
5300,1972,187893947
5300,1973,205135791
5300,1974,201943553
5300,1975,216609486
5300,1976,210287871
5300,1977,225212998
5300,1978,235482299
5300,1979,227720808
5300,1980,240152163
5300,1981,248434998
5300,1982,255695305
5300,1983,276657649
5300,1984,285296733
5300,1985,286732009
5300,1986,286428093
5300,1987,280986463
5300,1988,296131851
5300,1989,312973117
5300,1990,318584599
5300,1991,316929460
5300,1992,322345335
5300,1993,324646170
5300,1994,327882963
5300,1995,333102997
5300,1996,347937574
5300,1997,352187726
5300,1998,354952302
5300,1999,370232170
5300,2000,363849839
5300,2001,364249121
5300,2002,345027193
5300,2003,355469121
5300,2004,365314809
5300,2005,382886400
5300,2006,387306665
5300,2007,399350716
5300,2008,416112671
5300,2009,413953551
5300,2010,422696197
5300,2011,437687390
5300,2012,444999137
5300,2013,449399102
5301,1992,728836
5301,1993,707354
5301,1994,598432
5301,1995,412840
5301,1996,498224
5301,1997,484850
5301,1998,431804
5301,1999,477433
5301,2000,331745
5301,2001,241343
5301,2002,350308
5301,2003,529797
5301,2004,424791
5301,2005,437399
5301,2006,474475
5301,2007,448443
5301,2008,364715
5301,2009,463916
5301,2010,519103
5301,2011,442104
5301,2012,584956
5301,2013,593482
5302,1961,52603646
5302,1962,59078521
5302,1963,66859824
5302,1964,73189893
5302,1965,75773659
5302,1966,81737040
5302,1967,81708581
5302,1968,81941470
5302,1969,82861343
5302,1970,91644714
5302,1971,93541019
5302,1972,93170935
5302,1973,99256666
5302,1974,101289778
5302,1975,103466359
5302,1976,103093187
5302,1977,106941720
5302,1978,111555114
5302,1979,115214363
5302,1980,108736559
5302,1981,113374958
5302,1982,124660457
5302,1983,129823808
5302,1984,137473423
5302,1985,130642032
5302,1986,133091771
5302,1987,133240748
5302,1988,129564803
5302,1989,137176019
5302,1990,142911851
5302,1991,139476479
5302,1992,142247603
5302,1993,133887448
5302,1994,135383365
5302,1995,139494872
5302,1996,145747345
5302,1997,149504533
5302,1998,147319410
5302,1999,147594431
5302,2000,140445948
5302,2001,133461099
5302,2002,130949721
5302,2003,120353134
5302,2004,133761198
5302,2005,135011144
5302,2006,135237611
5302,2007,137483008
5302,2008,142500023
5302,2009,144146320
5302,2010,144107230
5302,2011,147581810
5302,2012,150011885
5302,2013,149739632
5303,1961,49064989
5303,1962,46076751
5303,1963,51729089
5303,1964,54239532
5303,1965,45344126
5303,1966,44348866
5303,1967,53397941
5303,1968,56444945
5303,1969,58227120
5303,1970,59158393
5303,1971,58713939
5303,1972,54973966
5303,1973,62100478
5303,1974,57253477
5303,1975,68063825
5303,1976,60323209
5303,1977,72463527
5303,1978,74226254
5303,1979,62079813
5303,1980,74797959
5303,1981,74888440
5303,1982,68848264
5303,1983,82457439
5303,1984,80977912
5303,1985,86917551
5303,1986,84175109
5303,1987,80411931
5303,1988,94718473
5303,1989,99751416
5303,1990,101077632
5303,1991,101685344
5303,1992,99138269
5303,1993,108031593
5303,1994,107470100
5303,1995,104631203
5303,1996,110679403
5303,1997,111376896
5303,1998,116984518
5303,1999,124047960
5303,2000,121129949
5303,2001,127453021
5303,2002,108260192
5303,2003,126056768
5303,2004,119099152
5303,2005,131108311
5303,2006,132580287
5303,2007,137484825
5303,2008,144113529
5303,2009,136807525
5303,2010,141901476
5303,2011,152503667
5303,2012,152301577
5303,2013,155366525
5304,1961,30688230
5304,1962,32901514
5304,1963,32926129
5304,1964,33832940
5304,1965,33446399
5304,1966,33827418
5304,1967,33638399
5304,1968,37278328
5304,1969,39154649
5304,1970,42362894
5304,1971,42191742
5304,1972,39434643
5304,1973,43497307
5304,1974,43187213
5304,1975,44872039
5304,1976,46586760
5304,1977,45491127
5304,1978,49374712
5304,1979,50070896
5304,1980,56347318
5304,1981,59843302
5304,1982,61844146
5304,1983,64092594
5304,1984,66586135
5304,1985,68893020
5304,1986,68883607
5304,1987,67019695
5304,1988,71579707
5304,1989,75670961
5304,1990,74289096
5304,1991,75508105
5304,1992,79966762
5304,1993,81731564
5304,1994,84041537
5304,1995,88218076
5304,1996,90640105
5304,1997,90468055
5304,1998,89798622
5304,1999,97754834
5304,2000,101653828
5304,2001,102755856
5304,2002,105049003
5304,2003,108210829
5304,2004,111529256
5304,2005,115717701
5304,2006,118304548
5304,2007,123237709
5304,2008,128463921
5304,2009,131917196
5304,2010,135488209
5304,2011,136400220
5304,2012,141270246
5304,2013,142794556
5305,1961,203137
5305,1962,260277
5305,1963,241563
5305,1964,235818
5305,1965,266356
5305,1966,290203
5305,1967,367664
5305,1968,374521
5305,1969,355044
5305,1970,300083
5305,1971,400147
5305,1972,314402
5305,1973,281341
5305,1974,213086
5305,1975,207264
5305,1976,284716
5305,1977,316625
5305,1978,326220
5305,1979,355736
5305,1980,270327
5305,1981,328297
5305,1982,342438
5305,1983,283809
5305,1984,259263
5305,1985,279406
5305,1986,277605
5305,1987,314090
5305,1988,268868
5305,1989,374721
5305,1990,306020
5305,1991,259532
5305,1992,263865
5305,1993,288211
5305,1994,389528
5305,1995,346006
5305,1996,372498
5305,1997,353393
5305,1998,417948
5305,1999,357511
5305,2000,288368
5305,2001,337803
5305,2002,417969
5305,2003,318593
5305,2004,500412
5305,2005,611844
5305,2006,709745
5305,2007,696732
5305,2008,670483
5305,2009,618594
5305,2010,680179
5305,2011,759588
5305,2012,830474
5305,2013,904907
5400,1961,1230612
5400,1962,1203864
5400,1963,1232335
5400,1964,1349835
5400,1965,1250916
5400,1966,1442881
5400,1967,1667629
5400,1968,1671816
5400,1969,1929419
5400,1970,1985770
5400,1971,2093267
5400,1972,2079615
5400,1973,2403148
5400,1974,2444622
5400,1975,2516377
5400,1976,2331434
5400,1977,2358051
5400,1978,2515064
5400,1979,2835898
5400,1980,2961517
5400,1981,2725030
5400,1982,2795780
5400,1983,2778480
5400,1984,3005400
5400,1985,3051270
5400,1986,3125775
5400,1987,3055992
5400,1988,3207638
5400,1989,2917577
5400,1990,3048478
5400,1991,2861067
5400,1992,2082891
5400,1993,1867315
5400,1994,1874362
5400,1995,1800700
5400,1996,2134167
5400,1997,2112450
5400,1998,2114375
5400,1999,2166031
5400,2000,2121666
5400,2001,2100961
5400,2002,2140887
5400,2003,2172995
5400,2004,2313262
5400,2005,2235887
5400,2006,2271079
5400,2007,2400308
5400,2008,2319699
5400,2009,2829621
5400,2010,2878344
5400,2011,2913529
5400,2012,2931508
5400,2013,2690364
5401,1961,223560
5401,1962,232444
5401,1963,327977
5401,1964,372285
5401,1965,429034
5401,1966,531474
5401,1967,668141
5401,1968,753262
5401,1969,804127
5401,1970,911113
5401,1971,1020373
5401,1972,1133042
5401,1973,1214345
5401,1974,1297816
5401,1975,1383854
5401,1976,1314578
5401,1977,1473954
5401,1978,1404921
5401,1979,1604556
5401,1980,1816900
5401,1981,1650435
5401,1982,1650812
5401,1983,1756863
5401,1984,1829721
5401,1985,1753964
5401,1986,1778580
5401,1987,1758363
5401,1988,1881982
5401,1989,1597036
5401,1990,1532395
5401,1991,1373259
5401,1992,609526
5401,1993,544046
5401,1994,423921
5401,1995,389761
5401,1996,340201
5401,1997,281804
5401,1998,333110
5401,1999,350767
5401,2000,471628
5401,2001,396153
5401,2002,396007
5401,2003,380154
5401,2004,396287
5401,2005,474547
5401,2006,551168
5401,2007,587330
5401,2008,624677
5401,2009,789362
5401,2010,888538
5401,2011,906736
5401,2012,886256
5401,2013,800000
5403,1961,917881
5403,1962,884556
5403,1963,826059
5403,1964,896243
5403,1965,756629
5403,1966,843146
5403,1967,921455
5403,1968,861985
5403,1969,1061667
5403,1970,1014174
5403,1971,1021863
5403,1972,918926
5403,1973,1142560
5403,1974,1113957
5403,1975,1104243
5403,1976,996579
5403,1977,868016
5403,1978,1085604
5403,1979,1211332
5403,1980,1127742
5403,1981,1061188
5403,1982,1126893
5403,1983,996271
5403,1984,1151934
5403,1985,1256245
5403,1986,1307161
5403,1987,1257943
5403,1988,1275701
5403,1989,1249956
5403,1990,1435176
5403,1991,1411837
5403,1992,1389723
5403,1993,1238093
5403,1994,1367733
5403,1995,1329298
5403,1996,1717194
5403,1997,1750072
5403,1998,1709695
5403,1999,1741724
5403,2000,1572694
5403,2001,1636234
5403,2002,1674694
5403,2003,1721656
5403,2004,1840196
5403,2005,1693101
5403,2006,1656691
5403,2007,1754482
5403,2008,1620637
5403,2009,1948190
5403,2010,1914035
5403,2011,1921216
5403,2012,1963078
5403,2013,1835670
5404,1961,89171
5404,1962,86863
5404,1963,78299
5404,1964,81307
5404,1965,65253
5404,1966,68261
5404,1967,78032
5404,1968,56568
5404,1969,63625
5404,1970,60484
5404,1971,51032
5404,1972,27647
5404,1973,46243
5404,1974,32850
5404,1975,28281
5404,1976,20277
5404,1977,16081
5404,1978,24539
5404,1979,20010
5404,1980,16875
5404,1981,13407
5404,1982,18076
5404,1983,25346
5404,1984,23745
5404,1985,41061
5404,1986,40033
5404,1987,39687
5404,1988,49956
5404,1989,70585
5404,1990,80907
5404,1991,75971
5404,1992,83642
5404,1993,85176
5404,1994,82708
5404,1995,81641
5404,1996,76772
5404,1997,80574
5404,1998,71569
5404,1999,73541
5404,2000,77344
5404,2001,68574
5404,2002,70186
5404,2003,71184
5404,2004,76778
5404,2005,68238
5404,2006,63220
5404,2007,58496
5404,2008,74386
5404,2009,92069
5404,2010,75771
5404,2011,85576
5404,2012,82174
5404,2013,54694
5500,1961,94020
5500,1962,107837
5500,1963,108179
5500,1964,109551
5500,1965,115128
5500,1966,134488
5500,1967,157335
5500,1968,165171
5500,1969,190559
5500,1970,181644
5500,1971,214332
5500,1972,177863
5500,1973,217428
5500,1974,285142
5500,1975,274247
5500,1976,294216
5500,1977,369675
5500,1978,342478
5500,1979,480968
5500,1980,430392
5500,1981,527489
5500,1982,592189
5500,1983,363943
5500,1984,442476
5500,1985,598651
5500,1986,478719
5500,1987,381842
5500,1988,529029
5500,1989,558164
5500,1990,634585
5500,1991,544827
5500,1992,764111
5500,1993,652483
5500,1994,734426
5500,1995,771466
5500,1996,646665
5500,1997,938304
5500,1998,891974
5500,1999,940697
5500,2000,745969
5500,2001,1107017
5500,2002,805148
5500,2003,303860
5500,2004,380171
5500,2005,238168
5500,2006,679661
5500,2007,120507
5500,2008,21341
5500,2009,52918
5500,2010,137658
5500,2011,489876
5500,2012,618598
5500,2013,781454
5501,1961,78706
5501,1962,92713
5501,1963,93380
5501,1964,97382
5501,1965,105386
5501,1966,124729
5501,1967,147407
5501,1968,152076
5501,1969,178089
5501,1970,166750
5501,1971,200767
5501,1972,165416
5501,1973,206103
5501,1974,272803
5501,1975,258129
5501,1976,278139
5501,1977,353510
5501,1978,326628
5501,1979,461665
5501,1980,408980
5501,1981,506920
5501,1982,571619
5501,1983,346840
5501,1984,422878
5501,1985,576288
5501,1986,458229
5501,1987,366183
5501,1988,507587
5501,1989,536935
5501,1990,616308
5501,1991,524929
5501,1992,748374
5501,1993,636985
5501,1994,721694
5501,1995,758379
5501,1996,634450
5501,1997,925796
5501,1998,887710
5501,1999,926997
5501,2000,734167
5501,2001,1095881
5501,2002,795064
5501,2003,292220
5501,2004,368927
5501,2005,226036
5501,2006,669001
5501,2007,108721
5501,2008,11739
5501,2009,43488
5501,2010,131199
5501,2011,482430
5501,2012,612795
5501,2013,774464
5502,1961,15314
5502,1962,15124
5502,1963,14799
5502,1964,12169
5502,1965,9742
5502,1966,9759
5502,1967,9928
5502,1968,13095
5502,1969,12470
5502,1970,14894
5502,1971,13565
5502,1972,12447
5502,1973,11325
5502,1974,12339
5502,1975,16118
5502,1976,16077
5502,1977,16165
5502,1978,15850
5502,1979,19304
5502,1980,21412
5502,1981,20569
5502,1982,20570
5502,1983,17103
5502,1984,19598
5502,1985,22363
5502,1986,20490
5502,1987,15659
5502,1988,21442
5502,1989,21229
5502,1990,18277
5502,1991,19898
5502,1992,15737
5502,1993,15498
5502,1994,12732
5502,1995,13087
5502,1996,12214
5502,1997,12508
5502,1998,4263
5502,1999,13701
5502,2000,11802
5502,2001,11136
5502,2002,10084
5502,2003,11640
5502,2004,11244
5502,2005,12132
5502,2006,10660
5502,2007,11786
5502,2008,9601
5502,2009,9429
5502,2010,6459
5502,2011,7446
5502,2012,5804
5502,2013,6990
56,1961,75275
56,1962,74237
56,1963,78605
56,1964,95420
56,1965,111686
56,1966,118667
56,1967,111690
56,1968,120998
56,1969,130065
56,1970,140070
56,1971,141404
56,1972,142738
56,1973,150675
56,1974,173047
56,1975,145814
56,1976,208256
56,1977,205463
56,1978,234130
56,1979,251285
56,1980,265265
56,1981,267107
56,1982,298091
56,1983,333862
56,1984,338420
56,1985,329335
56,1986,304592
56,1987,338743
56,1988,280936
56,1989,316300
56,1990,285207
56,1991,310936
56,1992,377291
56,1993,295168
56,1994,250663
56,1995,324656
56,1996,316305
56,1997,339196
56,1998,316555
56,1999,377856
56,2000,387800
56,2001,481353
56,2002,487380
56,2003,405755
56,2004,384606
56,2005,430175
56,2006,476119
56,2007,499574
56,2008,519267
56,2009,520353
56,2010,567102
56,2011,583418
56,2012,566747
56,2013,549608
5706,1961,1061392
5706,1962,1015848
5706,1963,977251
5706,1964,1035362
5706,1965,865840
5706,1966,978967
5706,1967,1091038
5706,1968,991738
5706,1969,1214998
5706,1970,1160742
5706,1971,1175636
5706,1972,1029090
5706,1973,1277807
5706,1974,1229348
5706,1975,1235337
5706,1976,1066144
5706,1977,950166
5706,1978,1172231
5706,1979,1314524
5706,1980,1194634
5706,1981,1144307
5706,1982,1221727
5706,1983,1122319
5706,1984,1279349
5706,1985,1418331
5706,1986,1482536
5706,1987,1396696
5706,1988,1445866
5706,1989,1390864
5706,1990,1580420
5706,1991,1509736
5706,1992,1489895
5706,1993,1356701
5706,1994,1466883
5706,1995,1434886
5706,1996,1805083
5706,1997,1833784
5706,1998,1781533
5706,1999,1815836
5706,2000,1658846
5706,2001,1718157
5706,2002,1757862
5706,2003,1807557
5706,2004,1935649
5706,2005,1782207
5706,2006,1741442
5706,2007,1848099
5706,2008,1749321
5706,2009,2112102
5706,2010,2055026
5706,2011,2078155
5706,2012,2107061
5706,2013,1951385
58,1961,135401
58,1962,139403
58,1963,140737
58,1964,160073
58,1965,177119
58,1966,185559
58,1967,160067
58,1968,97862
58,1969,182985
58,1970,153470
58,1971,131843
58,1972,127680
58,1973,156432
58,1974,177642
58,1975,242571
58,1976,237135
58,1977,218524
58,1978,150257
58,1979,212420
58,1980,253870
58,1981,289741
58,1982,256365
58,1983,182426
58,1984,291590
58,1985,265035
58,1986,384105
58,1987,520778
58,1988,636672
58,1989,578552
58,1990,560521
58,1991,565737
58,1992,686715
58,1993,826920
58,1994,947453
58,1995,860776
58,1996,846863
58,1997,714718
58,1998,695676
58,1999,860219
58,2000,831502
58,2001,837745
58,2002,955685
58,2003,923605
58,2004,1186179
58,2005,981213
58,2006,1001326
58,2007,1156668
58,2008,961849
58,2009,1053464
58,2010,1138031
58,2011,985787
58,2012,1044212
58,2013,1011202
5801,1961,19605300
5801,1962,19276020
5801,1963,21594905
5801,1964,22387319
5801,1965,21845420
5801,1966,19838966
5801,1967,22517544
5801,1968,23367570
5801,1969,23828999
5801,1970,24034695
5801,1971,22105332
5801,1972,20957821
5801,1973,23526284
5801,1974,22814308
5801,1975,25201841
5801,1976,24101337
5801,1977,25186725
5801,1978,26058981
5801,1979,25240436
5801,1980,29474666
5801,1981,29716416
5801,1982,30315231
5801,1983,31351116
5801,1984,31051528
5801,1985,32097659
5801,1986,32523481
5801,1987,32240933
5801,1988,32685706
5801,1989,36243372
5801,1990,36313992
5801,1991,35666842
5801,1992,36312942
5801,1993,38117112
5801,1994,37486526
5801,1995,39458182
5801,1996,40925700
5801,1997,40366211
5801,1998,42013663
5801,1999,47914882
5801,2000,51088440
5801,2001,50952917
5801,2002,51648022
5801,2003,54108455
5801,2004,53897729
5801,2005,60021515
5801,2006,63499480
5801,2007,65419720
5801,2008,70666905
5801,2009,73184802
5801,2010,76149561
5801,2011,73934451
5801,2012,74381975
5801,2013,75323336
5802,1961,2193442
5802,1962,2188611
5802,1963,2174893
5802,1964,2432327
5802,1965,2433572
5802,1966,2293443
5802,1967,2478510
5802,1968,2486577
5802,1969,2649535
5802,1970,2686357
5802,1971,2655825
5802,1972,2428071
5802,1973,2784383
5802,1974,2888569
5802,1975,3076994
5802,1976,2773095
5802,1977,2656456
5802,1978,2688512
5802,1979,2612991
5802,1980,2932729
5802,1981,3062175
5802,1982,2522749
5802,1983,3161052
5802,1984,3276223
5802,1985,3468467
5802,1986,3201654
5802,1987,3467613
5802,1988,3618912
5802,1989,4081653
5802,1990,4148387
5802,1991,3975800
5802,1992,4402513
5802,1993,4819424
5802,1994,4624130
5802,1995,4850863
5802,1996,5211140
5802,1997,5267655
5802,1998,5385782
5802,1999,5749407
5802,2000,5909726
5802,2001,6058629
5802,2002,6107467
5802,2003,6547019
5802,2004,6540897
5802,2005,6787943
5802,2006,6964819
5802,2007,6569106
5802,2008,7644201
5802,2009,8421775
5802,2010,8460932
5802,2011,8340775
5802,2012,9320050
5802,2013,9321234
5803,1961,511610
5803,1962,538120
5803,1963,507326
5803,1964,541947
5803,1965,485056
5803,1966,522445
5803,1967,498077
5803,1968,509423
5803,1969,587780
5803,1970,736910
5803,1971,695069
5803,1972,661501
5803,1973,733091
5803,1974,908025
5803,1975,923221
5803,1976,932530
5803,1977,1036324
5803,1978,1044453
5803,1979,1015261
5803,1980,1106848
5803,1981,1128883
5803,1982,1240216
5803,1983,1211064
5803,1984,1321845
5803,1985,1264021
5803,1986,1287265
5803,1987,1196437
5803,1988,1137268
5803,1989,1222402
5803,1990,1066338
5803,1991,1151055
5803,1992,1228974
5803,1993,1019033
5803,1994,1129553
5803,1995,1315577
5803,1996,1441414
5803,1997,1496873
5803,1998,1251153
5803,1999,1429543
5803,2000,1379327
5803,2001,1523369
5803,2002,1536856
5803,2003,1573257
5803,2004,1332709
5803,2005,1265402
5803,2006,1400823
5803,2007,1455321
5803,2008,1515660
5803,2009,1730669
5803,2010,1723184
5803,2011,1831395
5803,2012,1903793
5803,2013,2056560
5815,1961,51333033
5815,1962,48419082
5815,1963,54219883
5815,1964,56878476
5815,1965,47874381
5815,1966,46942469
5815,1967,56166670
5815,1968,59005133
5815,1969,61162245
5815,1970,61971461
5815,1971,61859369
5815,1972,57972360
5815,1973,65403422
5815,1974,60705613
5815,1975,71938518
5815,1976,63973403
5815,1977,76174196
5815,1978,77756311
5815,1979,65955602
5815,1980,78363652
5815,1981,78551844
5815,1982,72013719
5815,1983,85794699
5815,1984,84379454
5815,1985,90172601
5815,1986,87860766
5815,1987,84524146
5815,1988,99114888
5815,1989,105343814
5815,1990,105463190
5815,1991,107946648
5815,1992,105955169
5815,1993,115127539
5815,1994,112844862
5815,1995,109484437
5815,1996,116060986
5815,1997,116916190
5815,1998,122659077
5815,1999,130057705
5815,2000,126835905
5815,2001,133328369
5815,2002,113680765
5815,2003,132008923
5815,2004,125778765
5815,2005,138409947
5815,2006,140600059
5815,2007,144421660
5815,2008,153519832
5815,2009,146667884
5815,2010,153998398
5815,2011,164224295
5815,2012,165033087
5815,2013,167952206
5817,1961,22755313
5817,1962,23190028
5817,1963,25673762
5817,1964,26567931
5817,1965,25574645
5817,1966,23783453
5817,1967,27256036
5817,1968,28943130
5817,1969,29893316
5817,1970,30290169
5817,1971,28201303
5817,1972,26917413
5817,1973,29578545
5817,1974,29036630
5817,1975,31704899
5817,1976,30644475
5817,1977,32430473
5817,1978,33793583
5817,1979,33199324
5817,1980,37303546
5817,1981,38024128
5817,1982,38801968
5817,1983,39827846
5817,1984,39677617
5817,1985,40385676
5817,1986,41231795
5817,1987,40710769
5817,1988,41116425
5817,1989,44869070
5817,1990,45527913
5817,1991,44966527
5817,1992,45762342
5817,1993,48693646
5817,1994,48321838
5817,1995,50907924
5817,1996,52510232
5817,1997,52623032
5817,1998,54080053
5817,1999,61907846
5817,2000,64781038
5817,2001,63377509
5817,2002,65423882
5817,2003,68372850
5817,2004,68044787
5817,2005,75387546
5817,2006,79348960
5817,2007,81174899
5817,2008,89173759
5817,2009,90463018
5817,2010,91135315
5817,2011,90427766
5817,2012,91201572
5817,2013,94081059
59,1961,761714
59,1962,1359346
59,1963,1480073
59,1964,1358012
59,1965,1193263
59,1966,1119226
59,1967,1519426
59,1968,1728197
59,1969,1708187
59,1970,1736868
59,1971,1689971
59,1972,1672169
59,1973,1517425
59,1974,1495206
59,1975,1616438
59,1976,1534121
59,1977,1515630
59,1978,1568117
59,1979,1674837
59,1980,1588861
59,1981,1491653
59,1982,1627822
59,1983,1628814
59,1984,1491703
59,1985,1541637
59,1986,1630815
59,1987,1604802
59,1988,1422044
59,1989,1786893
59,1990,2112670
59,1991,2299691
59,1992,2607774
59,1993,2775228
59,1994,3056866
59,1995,3193661
59,1996,3265224
59,1997,3655167
59,1998,2984231
59,1999,3879912
59,2000,4002327
59,2001,3486211
59,2002,4072339
59,2003,4119569
59,2004,4237031
59,2005,4085575
59,2006,4505585
59,2007,4586846
59,2008,4838000
59,2009,3682161
59,2010,2887778
59,2011,3785243
59,2012,3942694
59,2013,3817979
60,1961,11927
60,1962,17098
60,1963,13765
60,1964,22062
60,1965,23262
60,1966,33635
60,1967,51924
60,1968,53104
60,1969,23800
60,1970,29502
60,1971,36582
60,1972,23767
60,1973,24837
60,1974,21407
60,1975,40500
60,1976,23813
60,1977,21878
60,1978,33888
60,1979,38849
60,1980,40500
60,1981,33437
60,1982,23625
60,1983,28841
60,1984,42246
60,1985,45950
60,1986,31308
60,1987,28060
60,1988,38199
60,1989,42501
60,1990,41148
60,1991,40979
60,1992,47999
60,1993,49674
60,1994,43114
60,1995,34088
60,1996,36880
60,1997,44059
60,1998,34268
60,1999,38262
60,2000,31485
60,2001,25159
60,2002,19408
60,2003,15018
60,2004,17688
60,2005,17331
60,2006,20684
60,2007,21037
60,2008,23490
60,2009,26805
60,2010,22997
60,2011,17068
60,2012,18893
60,2013,24181
66,1961,15181
66,1962,14977
66,1963,14639
66,1964,11995
66,1965,9555
66,1966,9555
66,1967,9827
66,1968,11739
66,1969,11521
66,1970,13607
66,1971,11566
66,1972,11566
66,1973,10512
66,1974,11525
66,1975,15293
66,1976,13523
66,1977,11983
66,1978,10742
66,1979,12484
66,1980,11903
66,1981,11320
66,1982,13541
66,1983,10779
66,1984,14838
66,1985,18392
66,1986,16154
66,1987,15659
66,1988,21442
66,1989,21229
66,1990,17660
66,1991,19368
66,1992,14993
66,1993,14863
66,1994,12019
66,1995,12337
66,1996,11586
66,1997,11596
66,1998,3396
66,1999,11540
66,2000,8784
66,2001,9746
66,2002,8572
66,2003,10341
66,2004,9577
66,2005,10131
66,2006,8492
66,2007,9918
66,2008,7734
66,2009,7762
66,2010,5125
66,2011,5279
66,2012,3136
66,2013,4189
68,1961,89171
68,1962,86863
68,1963,78299
68,1964,81307
68,1965,65253
68,1966,68261
68,1967,78032
68,1968,56568
68,1969,63625
68,1970,60484
68,1971,51032
68,1972,27647
68,1973,46243
68,1974,32850
68,1975,28281
68,1976,20277
68,1977,16081
68,1978,24539
68,1979,20010
68,1980,16875
68,1981,13407
68,1982,18076
68,1983,25346
68,1984,23745
68,1985,41061
68,1986,40033
68,1987,39687
68,1988,49956
68,1989,70585
68,1990,80907
68,1991,75971
68,1992,83642
68,1993,85176
68,1994,82708
68,1995,81641
68,1996,76772
68,1997,80574
68,1998,71569
68,1999,73541
68,2000,77344
68,2001,68574
68,2002,70186
68,2003,71184
68,2004,76778
68,2005,68238
68,2006,63220
68,2007,58496
68,2008,74386
68,2009,92069
68,2010,75771
68,2011,85576
68,2012,82174
68,2013,54694
7,1961,19343
7,1962,15341
7,1963,16675
7,1964,17342
7,1965,21344
7,1966,20010
7,1967,22011
7,1968,10104
7,1969,10635
7,1970,19977
7,1971,18537
7,1972,13571
7,1973,19377
7,1974,11192
7,1975,13340
7,1976,13340
7,1977,13340
7,1978,10005
7,1979,8671
7,1980,7337
7,1981,6670
7,1982,6670
7,1983,5336
7,1984,5336
7,1985,3335
7,1986,3335
7,1987,1334
7,1988,1334
7,1989,2001
7,1990,2001
7,1991,2668
7,1992,2668
7,1993,2668
7,1994,14007
7,1995,12673
7,1996,9338
7,1997,8004
7,1998,6670
7,1999,4937
7,2000,3853
7,2001,3558
7,2002,3262
7,2003,7224
7,2004,8671
7,2005,5770
7,2006,2555
7,2007,3092
7,2008,5612
7,2009,9532
7,2010,11804
7,2011,15480
7,2012,14335
7,2013,25085
74,1961,524
74,1962,369
74,1963,449
74,1964,665
74,1965,678
74,1966,367
74,1967,375
74,1968,398
74,1969,172
74,1970,397
74,1971,424
74,1972,534
74,1973,600
74,1974,293
74,1975,233
74,1976,267
74,1977,313
74,1978,400
74,1979,634
74,1980,567
74,1981,645
74,1982,600
74,1983,534
74,1984,442
74,1985,334
74,1986,498
74,1987,139
74,1988,319
74,1989,507
74,1990,534
74,1991,667
74,1992,694
74,1993,267
74,1994,534
74,1995,514
74,1996,511
74,1997,431
74,1998,470
74,1999,481
74,2000,667
74,2001,648
74,2002,618
74,2003,798
74,2004,757
74,2005,872
74,2006,806
74,2007,734
74,2008,832
74,2009,966
74,2010,1009
74,2011,1125
74,2012,1134
74,2013,1134
75,1961,19653
75,1962,20331
75,1963,20670
75,1964,24398
75,1965,24601
75,1966,24612
75,1967,13554
75,1968,24679
75,1969,24398
75,1970,27108
75,1971,27108
75,1972,20010
75,1973,17009
75,1974,17409
75,1975,18142
75,1976,12006
75,1977,11472
75,1978,18876
75,1979,19610
75,1980,28481
75,1981,26347
75,1982,22478
75,1983,17409
75,1984,18142
75,1985,15408
75,1986,16315
75,1987,13627
75,1988,19670
75,1989,14160
75,1990,14294
75,1991,13692
75,1992,12948
75,1993,8041
75,1994,13518
75,1995,12641
75,1996,12129
75,1997,8671
75,1998,12540
75,1999,21144
75,2000,22745
75,2001,21744
75,2002,13641
75,2003,13674
75,2004,21744
75,2005,11962
75,2006,20693
75,2007,7600
75,2008,25546
75,2009,52693
75,2010,66627
75,2011,34108
75,2012,36164
75,2013,46493
81,1961,20277
81,1962,20677
81,1963,21687
81,1964,28599
81,1965,21754
81,1966,25346
81,1967,34902
81,1968,43576
81,1969,40662
81,1970,32550
81,1971,36618
81,1972,46757
81,1973,41354
81,1974,48824
81,1975,47424
81,1976,46557
81,1977,72703
81,1978,72036
81,1979,62031
81,1980,52026
81,1981,64699
81,1982,24012
81,1983,26680
81,1984,43355
81,1985,53360
81,1986,46423
81,1987,53827
81,1988,63365
81,1989,49158
81,1990,53960
81,1991,100650
81,1992,87711
81,1993,104986
81,1994,108254
81,1995,134547
81,1996,143885
81,1997,131466
81,1998,129131
81,1999,139903
81,2000,165883
81,2001,183156
81,2002,186760
81,2003,159286
81,2004,161285
81,2005,191429
81,2006,166750
81,2007,123622
81,2008,201381
81,2009,261090
81,2010,327899
81,2011,309471
81,2012,320916
81,2013,379873
84,1961,54192
84,1962,45615
84,1963,51266
84,1964,71208
84,1965,69675
84,1966,53452
84,1967,62314
84,1968,68346
84,1969,67636
84,1970,52531
84,1971,47020
84,1972,49358
84,1973,56333
84,1974,70035
84,1975,68034
84,1976,46023
84,1977,62698
84,1978,63365
84,1979,57829
84,1980,53427
84,1981,57295
84,1982,55028
84,1983,57562
84,1984,63365
84,1985,69211
84,1986,80707
84,1987,91379
84,1988,83375
84,1989,70837
84,1990,66033
84,1991,59363
84,1992,70702
84,1993,99383
84,1994,94714
84,1995,141137
84,1996,148074
84,1997,144739
84,1998,126063
84,1999,113390
84,2000,93380
84,2001,100178
84,2002,110722
84,2003,108721
84,2004,125674
84,2005,111554
84,2006,119504
84,2007,130292
84,2008,139270
84,2009,136735
84,2010,153077
84,2011,167217
84,2012,153861
84,2013,156285
89,1961,8380
89,1962,10911
89,1963,12027
89,1964,13273
89,1965,8772
89,1966,9804
89,1967,13811
89,1968,16716
89,1969,9675
89,1970,15116
89,1971,25351
89,1972,20281
89,1973,16724
89,1974,13103
89,1975,18369
89,1976,16077
89,1977,16565
89,1978,17571
89,1979,24632
89,1980,28237
89,1981,22011
89,1982,32690
89,1983,30529
89,1984,29648
89,1985,25613
89,1986,31971
89,1987,39310
89,1988,23169
89,1989,29946
89,1990,29633
89,1991,31673
89,1992,26971
89,1993,31783
89,1994,25886
89,1995,20398
89,1996,14246
89,1997,14635
89,1998,20472
89,1999,32281
89,2000,30164
89,2001,30164
89,2002,26624
89,2003,21674
89,2004,23296
89,2005,24577
89,2006,22656
89,2007,15391
89,2008,19010
89,2009,15640
89,2010,21344
89,2011,20264
89,2012,20767
89,2013,21378
9,1961,99383
9,1962,121594
9,1963,118859
9,1964,126730
9,1965,178489
9,1966,110255
9,1967,144739
9,1968,188694
9,1969,230115
9,1970,271469
9,1971,192096
9,1972,196098
9,1973,173420
9,1974,210772
9,1975,234117
9,1976,206103
9,1977,213440
9,1978,206770
9,1979,208104
9,1980,177422
9,1981,190962
9,1982,291612
9,1983,224846
9,1984,320427
9,1985,266800
9,1986,292546
9,1987,247457
9,1988,255728
9,1989,326830
9,1990,285543
9,1991,231849
9,1992,488711
9,1993,405736
9,1994,405269
9,1995,617775
9,1996,657662
9,1997,803828
9,1998,674427
9,1999,1106019
9,2000,602721
9,2001,582413
9,2002,473100
9,2003,478659
9,2004,707075
9,2005,637821
9,2006,796059
9,2007,720407
9,2008,830949
9,2009,889881
9,2010,829254
9,2011,1165966
9,2012,1045837
9,2013,1042821
90,1961,140697
90,1962,146920
90,1963,153420
90,1964,160207
90,1965,167290
90,1966,174691
90,1967,182418
90,1968,190485
90,1969,198909
90,1970,207707
90,1971,216895
90,1972,226490
90,1973,236505
90,1974,246967
90,1975,257889
90,1976,269295
90,1977,281207
90,1978,293647
90,1979,306633
90,1980,320197
90,1981,334360
90,1982,349148
90,1983,364589
90,1984,380717
90,1985,397555
90,1986,415137
90,1987,433500
90,1988,452673
90,1989,472696
90,1990,493603
90,1991,515434
90,1992,538232
90,1993,562038
90,1994,586897
90,1995,612856
90,1996,639960
90,1997,668267
90,1998,697825
90,1999,728691
90,2000,760920
90,2001,689357
90,2002,726142
90,2003,764891
90,2004,805707
90,2005,848701
90,2006,893989
90,2007,934862
90,2008,1023237
90,2009,971107
90,2010,1076358
90,2011,1195798
90,2012,1279867
90,2013,1369590
91,1961,143474
91,1962,147401
91,1963,109132
91,1964,199771
91,1965,164113
91,1966,186694
91,1967,148498
91,1968,117392
91,1969,127468
91,1970,139868
91,1971,123488
91,1972,105764
91,1973,112717
91,1974,187110
91,1975,194764
91,1976,115391
91,1977,236785
91,1978,203435
91,1979,160407
91,1980,187935
91,1981,184063
91,1982,198989
91,1983,164082
91,1984,201323
91,1985,170863
91,1986,183759
91,1987,162346
91,1988,151250
91,1989,158201
91,1990,103879
91,1991,160962
91,1992,190070
91,1993,230540
91,1994,260964
91,1995,352161
91,1996,362515
91,1997,378981
91,1998,348779
91,1999,375027
91,2000,299604
91,2001,330740
91,2002,296341
91,2003,364315
91,2004,333233
91,2005,280407
91,2006,312623
91,2007,305953
91,2008,338169
91,2009,369185
91,2010,370985
91,2011,412406
91,2012,433083
91,2013,549475
93,1961,36685
93,1962,40020
93,1963,42688
93,1964,45356
93,1965,48024
93,1966,50692
93,1967,51359
93,1968,51359
93,1969,55361
93,1970,53360
93,1971,54027
93,1972,61364
93,1973,79024
93,1974,79640
93,1975,71703
93,1976,87377
93,1977,60351
93,1978,75737
93,1979,81451
93,1980,79847
93,1981,77239
93,1982,75638
93,1983,82668
93,1984,82838
93,1985,86173
93,1986,90120
93,1987,80594
93,1988,80380
93,1989,82641
93,1990,86643
93,1991,80040
93,1992,83694
93,1993,73370
93,1994,70035
93,1995,66700
93,1996,80040
93,1997,106720
93,1998,67580
93,1999,83375
93,2000,86710
93,2001,68701
93,2002,71369
93,2003,72370
93,2004,70035
93,2005,70035
93,2006,73370
93,2007,86710
93,2008,73370
93,2009,85576
93,2010,94097
93,2011,96090
93,2012,98449
93,2013,112923
95,1961,7956
95,1962,8228
95,1963,7062
95,1964,6576
95,1965,6986
95,1966,7467
95,1967,7983
95,1968,8534
95,1969,9123
95,1970,9753
95,1971,10427
95,1972,11146
95,1973,13282
95,1974,14199
95,1975,23068
95,1976,18355
95,1977,19476
95,1978,18030
95,1979,21114
95,1980,23922
95,1981,24442
95,1982,14618
95,1983,30859
95,1984,32414
95,1985,30442
95,1986,22847
95,1987,39548
95,1988,21289
95,1989,31045
95,1990,29328
95,1991,36154
95,1992,24507
95,1993,20319
95,1994,24418
95,1995,23048
95,1996,26769
95,1997,33552
95,1998,18516
95,1999,8301
95,2000,4844
95,2001,7452
95,2002,5857
95,2003,17833
95,2004,14947
95,2005,14058
95,2006,17324
95,2007,31123
95,2008,33046
95,2009,29937
95,2010,28138
95,2011,32832
95,2012,35855
95,2013,33112
96,1961,19937
96,1962,12958
96,1963,9672
96,1964,8044
96,1965,13874
96,1966,11092
96,1967,8135
96,1968,11811
96,1969,12728
96,1970,10831
96,1971,7104
96,1972,5217
96,1973,4669
96,1974,2054
96,1975,2361
96,1976,2301
96,1977,920
96,1978,233
96,1979,67
96,1980,47
96,1981,20
96,1982,13
96,1983,8
96,1984,16
96,1985,10
96,1986,7
96,1987,3
96,1988,2
96,1989,2
96,1990,1
96,1991,0
96,1992,0
96,1993,0
96,1994,0
96,1995,0
96,1996,0
96,1997,0
96,1998,0
96,1999,0
96,2000,0
96,2001,0
96,2002,0
96,2003,0
96,2004,0
96,2005,0
96,2006,0
96,2007,0
96,2008,0
96,2009,0
96,2010,0
96,2011,0
96,2012,0
96,2013,0
97,1961,25467
97,1962,24249
97,1963,32085
97,1964,23270
97,1965,14289
97,1966,20647
97,1967,28744
97,1968,27426
97,1969,33389
97,1970,29774
97,1971,44893
97,1972,40967
97,1973,45830
97,1974,37207
97,1975,45718
97,1976,21523
97,1977,23673
97,1978,15550
97,1979,27444
97,1980,15945
97,1981,26148
97,1982,32276
97,1983,31262
97,1984,22076
97,1985,25387
97,1986,31036
97,1987,26502
97,1988,31618
97,1989,18965
97,1990,26250
97,1991,13624
97,1992,10032
97,1993,8572
97,1994,10044
97,1995,8871
97,1996,4675
97,1997,4871
97,1998,5101
97,1999,4994
97,2000,7507
97,2001,5141
97,2002,6515
97,2003,7466
97,2004,6400
97,2005,6297
97,2006,5203
97,2007,6614
97,2008,6660
97,2009,7819
97,2010,3931
97,2011,6053
97,2012,7517
97,2013,5763
