geo,year,tobacco_unmanufactured_gross_production_value_constant_2014_2016_thousand_us_vop
1,1992,252
1,1993,272
1,1994,85
1,1995,34
1,1996,4
1,1997,7
1,1998,34
1,1999,315
1,2000,778
1,2001,432
1,2002,461
1,2003,205
1,2004,179
1,2005,82
1,2006,29
1,2007,46
1,2008,91
1,2009,179
1,2010,234
1,2011,406
1,2012,309
1,2013,285
1,2014,213
1,2015,258
1,2016,192
1,2017,185
1,2018,155
1,2019,161
10,1961,155810
10,1962,117808
10,1963,141654
10,1964,179179
10,1965,131021
10,1966,142763
10,1967,145592
10,1968,128980
10,1969,177780
10,1970,196185
10,1971,195138
10,1972,165955
10,1973,175790
10,1974,169697
10,1975,160235
10,1976,154701
10,1977,167054
10,1978,156017
10,1979,155489
10,1980,156432
10,1981,150742
10,1982,137467
10,1983,138866
10,1984,149520
10,1985,129280
10,1986,110710
10,1987,126016
10,1988,131871
10,1989,118109
10,1990,127456
10,1991,130721
10,1992,119135
10,1993,117321
10,1994,86615
10,1995,70231
10,1996,88646
10,1997,89621
10,1998,87672
10,1999,73060
10,2000,80439
10,2001,93268
10,2002,93268
10,2003,66956
10,2004,39193
10,2005,37359
10,2006,41453
10,2007,41276
10,2008,40655
10,2009,37836
10,2010,35255
10,2011,32789
10,2012,30333
10,2013,27867
10,2014,25390
10,2015,24322
10,2016,22643
10,2017,21110
10,2018,19804
10,2019,19369
100,1961,389328
100,1962,429909
100,1963,432445
100,1964,456541
100,1965,438786
100,1966,371573
100,1967,448171
100,1968,467574
100,1969,457809
100,1970,427500
100,1971,458950
100,1972,531236
100,1973,472012
100,1974,586021
100,1975,460472
100,1976,443605
100,1977,531109
100,1978,625968
100,1979,575495
100,1980,556092
100,1981,609735
100,1982,659574
100,1983,737567
100,1984,624573
100,1985,616203
100,1986,559516
100,1987,585640
100,1988,465925
100,1989,624953
100,1990,699522
100,1991,704975
100,1992,741118
100,1993,756462
100,1994,713852
100,1995,718671
100,1996,678724
100,1997,783728
100,1998,819237
100,1999,933626
100,2000,659448
100,2001,431177
100,2002,697493
100,2003,621402
100,2004,697366
100,2005,696351
100,2006,700283
100,2007,659448
100,2008,621402
100,2009,789853
100,2010,875036
100,2011,1052580
100,2012,1039898
100,2013,970344
100,2014,912346
100,2015,935945
100,2016,963293
100,2017,980494
100,2018,999698
100,2019,1020183
101,1961,119976
101,1962,114103
101,1963,131303
101,1964,67679
101,1965,109629
101,1966,97603
101,1967,83900
101,1968,83900
101,1969,124731
101,1970,107204
101,1971,80197
101,1972,176969
101,1973,106982
101,1974,109169
101,1975,133771
101,1976,125567
101,1977,118161
101,1978,115314
101,1979,168217
101,1980,119539
101,1981,153321
101,1982,149344
101,1983,153094
101,1984,150774
101,1985,224802
101,1986,141559
101,1987,157579
101,1988,163488
101,1989,113235
101,1990,218743
101,1991,196161
101,1992,156130
101,1993,169715
101,1994,181970
101,1995,196002
101,1996,211182
101,1997,191215
101,1998,192359
101,1999,192969
101,2000,285718
101,2001,278411
101,2002,268595
101,2003,280889
101,2004,230875
101,2005,214601
101,2006,204526
101,2007,230515
101,2008,234970
101,2009,246818
101,2010,189753
101,2011,300081
101,2012,364683
101,2013,363844
101,2014,274491
101,2015,270982
101,2016,177207
101,2017,253295
101,2018,273347
101,2019,275820
102,1961,70956
102,1962,73364
102,1963,48299
102,1964,75959
102,1965,98171
102,1966,76232
102,1967,87658
102,1968,72580
102,1969,68627
102,1970,65626
102,1971,75214
102,1972,100985
102,1973,60471
102,1974,54633
102,1975,58535
102,1976,74145
102,1977,58535
102,1978,54633
102,1979,78047
102,1980,93656
102,1981,105363
102,1982,97559
102,1983,82148
102,1984,85852
102,1985,109867
102,1986,108286
102,1987,98878
102,1988,80728
102,1989,60069
102,1990,75885
102,1991,79983
102,1992,86484
102,1993,79959
102,1994,38583
102,1995,54036
102,1996,68088
102,1997,93785
102,1998,90858
102,1999,87073
102,2000,81871
102,2001,77458
102,2002,104360
102,2003,86613
102,2004,48861
102,2005,86554
102,2006,60404
102,2007,45423
102,2008,65181
102,2009,34442
102,2010,55199
102,2011,75050
102,2012,77594
102,2013,73860
102,2014,74297
102,2015,92041
102,2016,81949
102,2017,75784
102,2018,76685
102,2019,79097
105,1961,10265
105,1962,9889
105,1963,487
105,1964,4358
105,1965,7699
105,1966,8628
105,1967,9734
105,1968,8318
105,1969,9513
105,1970,7079
105,1971,4756
105,1972,4203
105,1973,3451
105,1974,2433
105,1975,2433
105,1976,3540
105,1977,3540
105,1978,3318
105,1979,3097
105,1980,2212
105,1981,1991
105,1982,2212
105,1983,2655
105,1984,2655
105,1985,2655
105,1986,2655
105,1987,2212
105,1988,1239
105,1989,1327
105,1990,664
105,1991,133
105,1992,66
105,1996,22
105,1997,18
105,1998,18
105,1999,13
105,2000,13
105,2001,13
105,2002,13
105,2003,13
105,2004,13
105,2005,9
105,2007,13
105,2008,22
105,2009,22
105,2010,22
105,2011,22
105,2012,22
105,2013,18
105,2014,18
105,2015,13
105,2016,13
105,2017,13
105,2018,13
105,2019,13
106,1961,92638
106,1962,171819
106,1963,241837
106,1964,292619
106,1965,272462
106,1966,271179
106,1967,322476
106,1968,274973
106,1969,294540
106,1970,290998
106,1971,294058
106,1972,312627
106,1973,347763
106,1974,343860
106,1975,420645
106,1976,402996
106,1977,406816
106,1978,406768
106,1979,506703
106,1980,465688
106,1981,485819
106,1982,537936
106,1983,578754
106,1984,686237
106,1985,617576
106,1986,540458
106,1987,601392
106,1988,683826
106,1989,731929
106,1990,796966
106,1991,717010
106,1992,559580
106,1993,503357
106,1994,447275
106,1995,461789
106,1996,484409
106,1997,484124
106,1998,491528
106,1999,468689
106,2000,481987
106,2001,484027
106,2002,453402
106,2003,463618
106,2004,437270
106,2005,430226
106,2006,358327
106,2007,408033
106,2008,343341
106,2009,363001
106,2010,330551
106,2011,260140
106,2012,187769
106,2013,184616
106,2014,200029
106,2015,190685
106,2016,179794
106,2017,209202
106,2018,183726
106,2019,155275
107,1961,780
107,1962,1008
107,1963,1099
107,1964,1138
107,1965,1077
107,1966,1156
107,1967,990
107,1968,1020
107,1969,1003
107,1970,1044
107,1971,1082
107,1972,1148
107,1973,1327
107,1974,1335
107,1975,785
107,1976,812
107,1977,816
107,1978,790
107,1979,750
107,1980,748
107,1981,747
107,1982,787
107,1983,807
107,1984,852
107,1985,897
107,1986,897
107,1987,897
107,1988,897
107,1989,897
107,1990,2422
107,1991,3275
107,1992,4307
107,1993,4307
107,1994,4307
107,1995,4755
107,1996,4935
107,1997,5204
107,1998,6056
107,1999,5383
107,2000,4576
107,2001,4576
107,2002,4576
107,2003,4578
107,2004,4576
107,2005,4644
107,2006,4710
107,2007,4768
107,2008,4504
107,2009,4338
107,2010,4274
107,2011,4209
107,2012,4144
107,2013,4080
107,2014,3945
107,2015,3253
107,2016,2868
107,2017,2688
107,2018,2584
107,2019,2522
108,1992,6325
108,1993,7009
108,1994,4786
108,1995,2906
108,1996,2906
108,1997,4103
108,1998,14872
108,1999,13676
108,2000,27625
108,2001,25166
108,2002,27061
108,2003,27180
108,2004,24462
108,2005,26411
108,2006,24035
108,2007,18855
108,2008,15351
108,2009,14308
108,2010,5487
108,2011,4768
108,2012,4754
108,2013,4588
108,2014,2740
108,2015,2395
108,2016,1727
108,2017,1954
108,2018,2742
108,2019,2015
109,1961,632
109,1962,918
109,1963,2040
109,1964,2550
109,1965,1366
109,1966,1480
109,1967,1480
109,1968,1366
109,1969,1272
109,1970,1184
109,1971,1138
109,1972,1138
109,1973,1134
109,1974,1004
109,1975,1023
109,1976,1202
109,1977,781
109,1978,896
109,1979,1249
109,1980,1200
109,1981,1851
109,1982,1757
109,1983,1466
109,1984,2369
109,1985,1392
109,1986,2348
109,1987,2348
109,1988,2348
109,1989,2348
109,1990,2348
109,1991,2348
109,1992,2348
109,1993,2359
109,1994,2209
109,1995,2008
109,1996,1949
109,1997,1807
109,1998,1807
109,1999,1807
109,2000,1845
109,2001,1856
109,2002,1869
109,2003,1908
109,2004,1927
109,2005,1942
109,2006,1984
109,2007,2008
109,2008,1910
109,2009,1841
109,2010,1772
109,2011,1708
109,2012,1606
109,2013,1656
109,2014,1683
109,2015,1606
109,2016,1582
109,2017,1558
109,2018,1533
109,2019,1508
11,1961,810
11,1962,602
11,1963,876
11,1964,1021
11,1965,794
11,1966,793
11,1967,725
11,1968,842
11,1969,902
11,1970,794
11,1971,840
11,1972,493
11,1973,788
11,1974,748
11,1975,549
11,1976,782
11,1977,780
11,1978,507
11,1979,449
11,1980,574
11,1981,582
11,1982,561
11,1983,620
11,1984,648
11,1985,601
11,1986,614
11,1987,556
11,1988,610
11,1989,539
11,1990,557
11,1991,427
11,1992,427
11,1993,524
11,1994,471
11,1995,351
11,1996,252
11,1997,303
11,1998,312
11,1999,303
11,2000,429
11,2001,379
11,2002,437
11,2003,443
11,2004,312
11,2005,329
11,2006,405
11,2007,533
11,2009,151
11,2011,180
11,2012,223
11,2013,216
11,2014,184
11,2015,161
11,2016,155
11,2017,144
110,1961,2520464
110,1962,2774695
110,1963,3138166
110,1964,4222620
110,1965,3833329
110,1966,3934624
110,1967,4159063
110,1968,3851205
110,1969,3455955
110,1970,2997147
110,1971,2971327
110,1972,2883935
110,1973,3122276
110,1974,3005092
110,1975,3291102
110,1976,3499651
110,1977,3440065
110,1978,3416231
110,1979,3044815
110,1980,2808460
110,1981,2734971
110,1982,2768736
110,1983,2715109
110,1984,2691275
110,1985,2307942
110,1986,2319859
110,1987,2073573
110,1988,1704143
110,1989,1477719
110,1990,1598876
110,1991,1388281
110,1992,1417736
110,1993,1205413
110,1994,1428680
110,1995,1398093
110,1996,1310879
110,1997,1360613
110,1998,1271156
110,1999,1285595
110,2000,1207658
110,2001,1203626
110,2002,1155957
110,2003,1006239
110,2004,1045903
110,2005,929533
110,2006,748790
110,2007,750776
110,2008,764680
110,2009,726942
110,2010,581951
110,2011,468739
110,2012,391278
110,2013,393264
110,2014,397236
110,2015,371416
110,2016,355526
110,2017,377374
110,2018,337611
110,2019,333639
112,1961,4046
112,1962,3023
112,1963,1062
112,1964,4232
112,1965,4115
112,1966,3162
112,1967,3259
112,1968,3431
112,1969,3891
112,1970,2277
112,1971,2639
112,1972,3219
112,1973,2187
112,1974,3672
112,1975,2100
112,1976,1589
112,1977,1687
112,1978,2675
112,1979,2549
112,1980,6554
112,1981,6725
112,1982,6827
112,1983,11790
112,1984,5275
112,1985,5810
112,1986,3292
112,1987,5723
112,1988,7154
112,1989,5739
112,1990,5671
112,1991,2469
112,1992,6325
112,1993,6625
112,1994,2972
112,1995,9323
112,1996,2151
112,1997,5292
112,1998,4520
112,1999,1099
112,2000,5228
112,2001,2473
112,2002,8363
112,2003,39
112,2004,676
112,2005,114
112,2006,106
112,2007,14
112,2008,31
112,2010,25
112,2011,104
112,2012,16
112,2013,6
112,2014,14
112,2015,24
112,2017,35
112,2018,333
112,2019,217
113,1992,16184
113,1993,18207
113,1994,13636
113,1995,6593
113,1996,6712
113,1997,9645
113,1998,10512
113,1999,11162
113,2000,12967
113,2001,9005
113,2002,2305
113,2003,3256
113,2004,4866
113,2005,5019
113,2006,5005
113,2007,5406
113,2008,5102
113,2009,4498
113,2010,3704
113,2011,3716
113,2012,2785
113,2013,2434
113,2014,1639
113,2015,504
113,2016,176
113,2017,576
113,2018,658
113,2019,335
114,1961,800
114,1962,636
114,1963,907
114,1964,900
114,1965,682
114,1966,123
114,1967,95
114,1968,143
114,1969,220
114,1970,220
114,1971,287
114,1972,298
114,1973,245
114,1974,248
114,1975,528
114,1976,1441
114,1977,3035
114,1978,3213
114,1979,5186
114,1980,4888
114,1981,6607
114,1982,9304
114,1983,11832
114,1984,15272
114,1985,9054
114,1986,9062
114,1987,12496
114,1988,14281
114,1989,18905
114,1990,15709
114,1991,17852
114,1992,16066
114,1993,17852
114,1994,15924
114,1995,23207
114,1996,28527
114,1997,39056
114,1998,19637
114,1999,29991
114,2000,32062
114,2001,34811
114,2002,35703
114,2003,34588
114,2004,39274
114,2005,44629
114,2006,31428
114,2007,19910
114,2008,15208
114,2009,18316
114,2010,25271
114,2011,27393
114,2012,20986
114,2013,18812
114,2014,19221
114,2015,19483
114,2016,17709
114,2017,16807
114,2018,15993
114,2019,15238
115,1961,16567
115,1962,19022
115,1963,20193
115,1964,30728
115,1965,30728
115,1966,29557
115,1967,34532
115,1968,40093
115,1969,47702
115,1970,28387
115,1971,26046
115,1972,26046
115,1973,14925
115,1974,21363
115,1975,21363
115,1976,21363
115,1977,21363
115,1978,17559
115,1979,12291
115,1980,13169
115,1981,13169
115,1982,13169
115,1983,14632
115,1984,14632
115,1985,16388
115,1986,17851
115,1987,19315
115,1988,16974
115,1989,17266
115,1990,22826
115,1991,25753
115,1992,26046
115,1993,14574
115,1994,35118
115,1995,32422
115,1996,28153
115,1997,30707
115,1998,29686
115,1999,18607
115,2000,22431
115,2001,13643
115,2002,13731
115,2003,22244
115,2004,7255
115,2005,41389
115,2006,41647
115,2007,39929
115,2008,50932
115,2009,39466
115,2010,42800
115,2011,40520
115,2012,40520
115,2013,42247
115,2014,41234
115,2015,41132
115,2016,41784
115,2017,42238
115,2018,42715
115,2019,43183
117,1961,262758
117,1962,291884
117,1963,241741
117,1964,410838
117,1965,467123
117,1966,599486
117,1967,550018
117,1968,580819
117,1969,493307
117,1970,469257
117,1971,528050
117,1972,966148
117,1973,929996
117,1974,792509
117,1975,868636
117,1976,930188
117,1977,1204480
117,1978,1119611
117,1979,921913
117,1980,770908
117,1981,724998
117,1982,959806
117,1983,839002
117,1984,784792
117,1985,630678
117,1986,691539
117,1987,650346
117,1988,608336
117,1989,653538
117,1990,583960
117,1991,580819
117,1992,663080
117,1993,887470
117,1994,821676
117,1995,698872
117,1996,509250
117,1997,453248
117,1998,462806
117,1999,545376
117,2000,568335
117,2001,463240
117,2002,396254
117,2003,297226
117,2004,303176
117,2005,291676
117,2006,283342
117,2007,266675
117,2008,275009
117,2009,283342
117,2010,282592
117,2011,282809
117,2012,276892
117,2013,255491
117,2014,237299
117,2015,229674
117,2016,229216
117,2017,223015
117,2018,216815
117,2019,210623
120,1961,27746
120,1962,30829
120,1963,30829
120,1964,46244
120,1965,41619
120,1966,46244
120,1967,61658
120,1968,61658
120,1969,58575
120,1970,58575
120,1971,60117
120,1972,57034
120,1973,61658
120,1974,64741
120,1975,62429
120,1976,95056
120,1977,113040
120,1978,27489
120,1979,84780
120,1980,37509
120,1981,40335
120,1982,47785
120,1983,33398
120,1984,35710
120,1985,24175
120,1986,21580
120,1987,38125
120,1988,46012
120,1989,51639
120,1990,87683
120,1991,77432
120,1992,78511
120,1993,94563
120,1994,88960
120,1995,68448
120,1996,66899
120,1997,71935
120,1998,65769
120,1999,59988
120,2000,102574
120,2001,77281
120,2002,70642
120,2003,66059
120,2004,84780
120,2005,72191
120,2006,63713
120,2007,58781
120,2008,85045
120,2009,124228
120,2010,215277
120,2011,206401
120,2012,194120
120,2013,145809
120,2014,162765
120,2015,161955
120,2016,171615
120,2017,91498
120,2018,138744
120,2019,145683
121,1961,31363
121,1962,32931
121,1963,32916
121,1964,47045
121,1965,45194
121,1966,49005
121,1967,50009
121,1968,51765
121,1969,52157
121,1970,56375
121,1971,65839
121,1972,74590
121,1973,77436
121,1974,72292
121,1975,32963
121,1976,47351
121,1977,32351
121,1978,32539
121,1979,39204
121,1980,39204
121,1981,32931
121,1982,31975
121,1983,32147
121,1984,31363
121,1985,27443
121,1986,27443
121,1987,25851
121,1988,24095
121,1989,17156
121,1990,13290
121,1991,11589
121,1992,13376
121,1993,35284
121,1994,42364
121,1995,66647
121,1996,96042
121,1997,90405
121,1998,88601
121,1999,98010
121,2000,84681
121,2001,100362
121,2002,76056
121,2003,77624
121,2004,86249
121,2005,70567
121,2006,67431
121,2007,73704
121,2008,86249
121,2009,72920
121,2010,76840
121,2011,77381
121,2012,73821
121,2013,72441
121,2014,81717
121,2015,87754
121,2016,96403
121,2017,91636
121,2018,92028
121,2019,92600
129,1961,12418
129,1962,11880
129,1963,13012
129,1964,14539
129,1965,15289
129,1966,13818
129,1967,15006
129,1968,15416
129,1969,15968
129,1970,12565
129,1971,16689
129,1972,15105
129,1973,16802
129,1974,10226
129,1975,12036
129,1976,11221
129,1977,9043
129,1978,8760
129,1979,9617
129,1980,10115
129,1981,8641
129,1982,7388
129,1983,6053
129,1984,10341
129,1985,10817
129,1986,15430
129,1987,12735
129,1988,6936
129,1989,11117
129,1990,11315
129,1991,4209
129,1992,4243
129,1993,6919
129,1994,14850
129,1995,11272
129,1996,10528
129,1997,8486
129,1998,3111
129,1999,4526
129,2000,6234
129,2001,3940
129,2002,3635
129,2003,3409
129,2004,4828
129,2005,4806
129,2006,5227
129,2007,5988
129,2008,5903
129,2009,5295
129,2010,4993
129,2011,5103
129,2012,4995
129,2013,4891
129,2014,4288
129,2015,2795
129,2016,2577
129,2017,2546
129,2018,2515
129,2019,2484
130,1961,2392
130,1962,3219
130,1963,3530
130,1964,2925
130,1965,4473
130,1966,3646
130,1967,3174
130,1968,2845
130,1969,2564
130,1970,4362
130,1971,5183
130,1972,6011
130,1973,5975
130,1974,5350
130,1975,6846
130,1976,7249
130,1977,10162
130,1978,10120
130,1979,10643
130,1980,10610
130,1981,10003
130,1982,11492
130,1983,14198
130,1984,14374
130,1985,14384
130,1986,12455
130,1987,14213
130,1988,14706
130,1989,16922
130,1990,19804
130,1991,22224
130,1992,24937
130,1993,25562
130,1994,19465
130,1995,25366
130,1996,27769
130,1997,30994
130,1998,24415
130,1999,16575
130,2000,19343
130,2001,16181
130,2002,17525
130,2003,18488
130,2004,20815
130,2005,18348
130,2006,23837
130,2007,23131
130,2008,31411
130,2009,40804
130,2010,33897
130,2011,34291
130,2012,14222
130,2013,26042
130,2014,24768
130,2015,23617
130,2016,21396
130,2017,16263
130,2018,18692
130,2019,20085
131,1961,6032
131,1962,7488
131,1963,7842
131,1964,8246
131,1965,7669
131,1966,7037
131,1967,7031
131,1968,6226
131,1969,6363
131,1970,8767
131,1971,13096
131,1972,24038
131,1973,20130
131,1974,25450
131,1975,30674
131,1976,15594
131,1977,24298
131,1978,32397
131,1979,25167
131,1980,31646
131,1981,24048
131,1982,28790
131,1983,29061
131,1984,23904
131,1985,31870
131,1986,47558
131,1987,37635
131,1988,24856
131,1989,46285
131,1990,33914
131,1991,30781
131,1992,37558
131,1993,32327
131,1994,20330
131,1995,34462
131,1996,39154
131,1997,37544
131,1998,37304
131,1999,25634
131,2000,23954
131,2001,27718
131,2002,37755
131,2003,39044
131,2004,42945
131,2005,31542
131,2006,20247
131,2007,21553
131,2008,20968
131,2009,8260
131,2010,10497
131,2011,9739
131,2012,6586
131,2013,1399
131,2014,1687
131,2015,4476
131,2016,4155
131,2017,3914
131,2018,3671
131,2019,3427
133,1961,408
133,1962,350
133,1963,350
133,1964,350
133,1965,291
133,1966,233
133,1967,175
133,1968,29
133,1969,12
133,1970,87
133,1971,175
133,1972,248
133,1973,311
133,1974,175
133,1975,233
133,1976,233
133,1977,233
133,1978,233
133,1979,321
133,1980,269
133,1981,204
133,1982,146
133,1983,117
133,1984,102
133,1985,233
133,1986,220
133,1987,247
133,1988,274
133,1989,274
133,1990,274
133,1991,274
133,1992,274
133,1993,274
133,1994,403
133,1995,403
133,1996,93
133,1997,93
133,1998,105
133,1999,450
133,2000,260
133,2001,710
133,2002,851
133,2003,585
133,2004,585
133,2005,312
133,2006,525
133,2007,694
133,2008,699
133,2009,719
133,2010,731
133,2011,776
133,2012,811
133,2013,849
133,2014,902
133,2015,841
133,2016,1092
133,2017,1301
133,2018,886
133,2019,100
137,1961,2181
137,1962,1713
137,1963,2090
137,1964,1402
137,1965,2094
137,1966,2129
137,1967,2678
137,1968,3141
137,1969,1947
137,1970,1752
137,1971,2380
137,1972,2622
137,1973,2626
137,1974,3353
137,1975,3483
137,1976,3029
137,1977,2544
137,1978,3163
137,1979,3050
137,1980,4985
137,1981,5396
137,1982,2700
137,1983,3444
137,1984,4072
137,1985,3613
137,1986,4102
137,1987,3907
137,1988,4184
137,1989,4478
137,1990,3457
137,1991,3730
137,1992,4167
137,1993,4392
137,1994,4431
137,1995,4396
137,1996,3799
137,1997,3124
137,1998,3033
137,1999,2890
137,2000,2436
137,2001,2406
137,2002,2099
137,2003,1843
137,2004,1545
137,2005,1281
137,2006,1289
137,2007,1367
137,2008,1501
137,2009,1493
137,2010,1220
137,2011,1493
137,2012,1060
137,2013,1125
137,2014,1147
137,2015,1168
137,2016,1125
137,2017,1190
137,2018,1220
137,2019,1004
138,1961,137374
138,1962,138329
138,1963,138727
138,1964,139109
138,1965,119415
138,1966,116023
138,1967,92897
138,1968,98986
138,1969,141315
138,1970,140755
138,1971,159141
138,1972,127221
138,1973,125199
138,1974,148837
138,1975,139901
138,1976,137815
138,1977,112955
138,1978,143315
138,1979,147601
138,1980,192837
138,1981,119033
138,1982,146199
138,1983,109405
138,1984,85563
138,1985,98175
138,1986,129830
138,1987,103656
138,1988,128303
138,1989,104563
138,1990,69672
138,1991,59918
138,1992,43703
138,1993,131961
138,1994,122282
138,1995,56247
138,1996,87511
138,1997,66107
138,1998,100098
138,1999,103801
138,2000,92710
138,2001,83259
138,2002,45029
138,2003,46058
138,2004,44674
138,2005,33094
138,2006,39784
138,2007,26702
138,2008,23488
138,2009,16057
138,2010,14334
138,2011,19805
138,2012,31274
138,2013,31089
138,2014,31036
138,2015,26684
138,2016,32565
138,2017,35396
138,2018,31163
138,2019,34798
143,1961,2232
143,1962,2617
143,1963,1043
143,1964,2793
143,1965,2872
143,1966,2104
143,1967,2228
143,1968,1858
143,1969,1653
143,1970,4473
143,1971,3844
143,1972,4092
143,1973,4359
143,1974,5308
143,1975,6610
143,1976,6966
143,1977,6002
143,1978,6916
143,1979,8826
143,1980,9511
143,1981,7875
143,1982,11905
143,1983,11781
143,1984,11657
143,1985,11533
143,1986,4960
143,1987,6200
143,1988,7440
143,1989,8124
143,1990,9038
143,1991,8681
143,1992,4645
143,1993,5255
143,1994,4397
143,1995,4913
143,1996,7540
143,1997,11291
143,1998,13728
143,1999,4340
143,2000,6613
143,2001,8030
143,2002,8061
143,2003,5004
143,2004,3059
143,2005,2341
143,2006,2480
143,2007,2344
143,2008,2344
143,2009,2480
143,2010,2558
143,2011,2126
143,2012,1811
143,2013,1690
143,2014,1656
143,2015,1579
143,2016,1466
143,2017,1372
143,2018,1277
143,2019,1190
144,1961,2315
144,1962,2646
144,1963,2786
144,1964,2726
144,1965,2738
144,1966,2756
144,1967,2205
144,1968,3859
144,1969,4300
144,1970,4631
144,1971,4962
144,1972,5816
144,1973,5352
144,1974,4966
144,1975,2979
144,1976,2977
144,1977,2977
144,1978,2756
144,1979,3290
144,1980,3308
144,1981,3308
144,1982,3308
144,1983,3308
144,1984,3308
144,1985,3308
144,1986,3308
144,1987,3308
144,1988,3308
144,1989,3308
144,1990,3308
144,1991,3308
144,1992,3775
144,1993,3840
144,1994,3986
144,1995,3197
144,1996,3197
144,1997,3197
144,1998,5565
144,1999,3308
144,2000,10441
144,2001,12316
144,2002,28238
144,2003,40852
144,2004,54608
144,2005,71714
144,2006,65097
144,2007,80488
144,2008,70942
144,2009,69462
144,2010,73854
144,2011,77180
144,2012,60035
144,2013,83796
144,2014,107032
144,2015,90142
144,2016,102534
144,2017,104548
144,2018,107639
144,2019,113292
146,1992,54996
146,1993,65167
146,1994,53833
146,1995,35036
146,1996,25304
146,1997,30823
146,1998,31680
146,1999,29076
146,2000,32838
146,2001,20837
146,2002,15320
146,2003,8684
146,2004,10251
146,2005,8681
146,2006,6293
146,2007,4713
146,2008,5014
146,2009,5730
146,2010,9875
146,2011,7027
146,2012,3703
146,2013,2856
146,2014,1811
146,2015,1618
146,2016,1103
146,2017,1257
146,2018,898
146,2019,600
149,1961,6691
149,1962,6822
149,1963,6953
149,1964,7084
149,1965,12240
149,1966,11571
149,1967,6953
149,1968,8396
149,1969,8659
149,1970,8790
149,1971,9059
149,1972,9059
149,1973,9237
149,1974,4920
149,1975,6285
149,1976,6336
149,1977,6733
149,1978,7911
149,1979,7202
149,1980,7215
149,1981,7202
149,1982,6323
149,1983,8711
149,1984,9026
149,1985,8436
149,1986,6140
149,1987,6415
149,1988,5851
149,1989,7058
149,1990,8659
149,1991,9157
149,1992,7878
149,1993,7898
149,1994,9183
149,1995,7146
149,1996,7229
149,1997,5877
149,1998,5982
149,1999,5131
149,2000,4997
149,2001,5212
149,2002,4937
149,2003,4539
149,2004,4342
149,2005,3957
149,2006,3566
149,2007,3474
149,2008,3429
149,2009,3276
149,2010,3268
149,2011,1624
149,2012,3355
149,2013,3188
149,2014,3055
149,2015,2922
149,2016,811
149,2017,1375
149,2018,1627
149,2019,1393
154,1992,82604
154,1993,74811
154,1994,58791
154,1995,48882
154,1996,48037
154,1997,72648
154,1998,98730
154,1999,91537
154,2000,69117
154,2001,72312
154,2002,68709
154,2003,67300
154,2004,65891
154,2005,86310
154,2006,78034
154,2007,68746
154,2008,53258
154,2009,75185
154,2010,94379
154,2011,82713
154,2012,85194
154,2013,86833
154,2014,85957
154,2015,75544
154,2016,79303
154,2017,71330
154,2018,79627
154,2019,81768
157,1961,2947
157,1962,2526
157,1963,2947
157,1964,3368
157,1965,3789
157,1966,4210
157,1967,5894
157,1968,6315
157,1969,7999
157,1970,7767
157,1971,8790
157,1972,8596
157,1973,8887
157,1974,10167
157,1975,13033
157,1976,12781
157,1977,13206
157,1978,12995
157,1979,14292
157,1980,11834
157,1981,15862
157,1982,12179
157,1983,10263
157,1984,19845
157,1985,14503
157,1986,11173
157,1987,12335
157,1988,8967
157,1989,6950
157,1990,5283
157,1991,3814
157,1992,7157
157,1993,5548
157,1994,3839
157,1995,7636
157,1996,12267
157,1997,19348
157,1998,9047
157,1999,4210
157,2000,6226
157,2001,7716
157,2002,8398
157,2003,9548
157,2004,10710
157,2005,12751
157,2006,12966
157,2007,11939
157,2008,11947
157,2009,12427
157,2010,12625
157,2011,22055
157,2012,20017
157,2013,19975
157,2014,23970
157,2015,27725
157,2016,21482
157,2017,24825
157,2018,24425
157,2019,25263
158,1961,155
158,1962,142
158,1963,127
158,1964,126
158,1965,145
158,1966,125
158,1967,104
158,1968,80
158,1969,129
158,1970,112
158,1971,121
158,1972,108
158,1973,89
158,1974,173
158,1975,345
158,1976,173
158,1977,86
158,1978,101
158,1979,316
158,1980,324
158,1981,345
158,1982,345
158,1983,354
158,1984,367
158,1985,345
158,1986,388
158,1987,397
158,1988,401
158,1989,410
158,1990,419
158,1991,1251
158,1992,893
158,1993,1269
158,1994,1187
158,1995,1342
158,1996,1333
158,1997,1782
158,1998,2114
158,1999,1049
158,2000,1683
158,2001,1273
158,2002,1316
158,2003,1683
158,2004,387
158,2005,432
158,2006,785
158,2007,836
158,2008,853
158,2009,992
158,2010,992
158,2011,718
158,2012,221
158,2013,326
158,2014,222
158,2015,641
158,2016,597
158,2017,636
158,2018,627
158,2019,904
159,1961,3577
159,1962,3571
159,1963,1935
159,1964,3427
159,1965,3963
159,1966,2863
159,1967,2908
159,1968,3274
159,1969,2713
159,1970,2933
159,1971,4592
159,1972,3411
159,1973,3025
159,1974,3130
159,1975,4617
159,1976,3643
159,1977,2688
159,1978,3188
159,1979,3238
159,1980,3411
159,1981,2751
159,1982,1079
159,1983,665
159,1984,2493
159,1985,2755
159,1986,2362
159,1987,2099
159,1988,2624
159,1989,2595
159,1990,2362
159,1991,2362
159,1992,2467
159,1993,2414
159,1994,2440
159,1995,2414
159,1996,3088
159,1997,3845
159,1998,4603
159,1999,5510
159,2000,5773
159,2001,4461
159,2002,4461
159,2003,4198
159,2004,3936
159,2005,3936
159,2006,3674
159,2007,2362
159,2008,3149
159,2009,3033
159,2010,2379
159,2011,2012
159,2012,1745
159,2013,1509
159,2014,1426
159,2015,1312
159,2016,1443
159,2017,1574
159,2018,1629
159,2019,1366
16,1961,22775
16,1962,27963
16,1963,25589
16,1964,24797
16,1965,23918
16,1966,24006
16,1967,33502
16,1968,34382
16,1969,35701
16,1970,36228
16,1971,41944
16,1972,30534
16,1973,35065
16,1974,36579
16,1975,35499
16,1976,39725
16,1977,55867
16,1978,43855
16,1979,38465
16,1980,34755
16,1981,41661
16,1982,44886
16,1983,44360
16,1984,42062
16,1985,43381
16,1986,40867
16,1987,35164
16,1988,36532
16,1989,34559
16,1990,33239
16,1991,29699
16,1992,29968
16,1993,31990
16,1994,33212
16,1995,33415
16,1996,34624
16,1997,33502
16,1998,32232
16,1999,25501
16,2000,30777
16,2001,32535
16,2002,33415
16,2003,32535
16,2004,34294
16,2005,33415
16,2006,37556
16,2007,34452
16,2008,35391
16,2009,35406
16,2010,48616
16,2011,69673
16,2012,75112
16,2013,69467
16,2014,74743
16,2015,82851
16,2016,77054
16,2017,80523
16,2018,78272
16,2019,113079
165,1961,46940
165,1962,54919
165,1963,55623
165,1964,58831
165,1965,64385
165,1966,86056
165,1967,109682
165,1968,101702
165,1969,97791
165,1970,90593
165,1971,88246
165,1972,68008
165,1973,49155
165,1974,51418
165,1975,59997
165,1976,45411
165,1977,56780
165,1978,58188
165,1979,53254
165,1980,60865
165,1981,52572
165,1982,54139
165,1983,50583
165,1984,62273
165,1985,68196
165,1986,61206
165,1987,54175
165,1988,54394
165,1989,57851
165,1990,53273
165,1991,58674
165,1992,76199
165,1993,79484
165,1994,78418
165,1995,63303
165,1996,62508
165,1997,71690
165,1998,77137
165,1999,85117
165,2000,84256
165,2001,66576
165,2002,73930
165,2003,69001
165,2004,67436
165,2005,78624
165,2006,88084
165,2007,80767
165,2008,84307
165,2009,84569
165,2010,93349
165,2011,80450
165,2012,76572
165,2013,84731
165,2014,101607
165,2015,93896
165,2016,90417
165,2017,78244
165,2018,83495
165,2019,81640
166,1961,2496
166,1962,3059
166,1963,5400
166,1964,3545
166,1965,3513
166,1966,4058
166,1967,4159
166,1968,3843
166,1969,3691
166,1970,3229
166,1971,3920
166,1972,2317
166,1973,3087
166,1974,3719
166,1975,5162
166,1976,5963
166,1977,6458
166,1978,7012
166,1979,6490
166,1980,8491
166,1981,7520
166,1982,6481
166,1983,5239
166,1984,6068
166,1985,6316
166,1986,6650
166,1987,5482
166,1988,6792
166,1989,8331
166,1990,8986
166,1991,11615
166,1992,11363
166,1993,10419
166,1994,10021
166,1995,5349
166,1996,10021
166,1997,10021
166,1998,10021
166,1999,8015
166,2000,8244
166,2001,9755
166,2002,9847
166,2003,10076
166,2004,10534
166,2005,10992
166,2006,11908
166,2007,12824
166,2008,11862
166,2009,11990
166,2010,12018
166,2011,12091
166,2012,12164
166,2013,12233
166,2014,12668
166,2015,12563
166,2016,12531
166,2017,12604
166,2018,12705
166,2019,12810
169,1961,14975
169,1962,28188
169,1963,44044
169,1964,21141
169,1965,31711
169,1966,15415
169,1967,23784
169,1968,38758
169,1969,42282
169,1970,31711
169,1971,31535
169,1972,41426
169,1973,47039
169,1974,57100
169,1975,49866
169,1976,67965
169,1977,72979
169,1978,47423
169,1979,45629
169,1980,36116
169,1981,20878
169,1982,25545
169,1983,32684
169,1984,38986
169,1985,43809
169,1986,30866
169,1987,25575
169,1988,11911
169,1989,6316
169,1990,13705
169,1991,14462
169,1992,14622
169,1993,14920
169,1994,15008
169,1995,12232
169,1996,12829
169,1997,14390
169,1998,14143
169,1999,11594
169,2000,7903
169,2001,22036
169,2002,17223
169,2003,22903
169,2004,29130
169,2005,27483
169,2006,26426
169,2007,26426
169,2008,6626
169,2009,10021
169,2010,11169
169,2011,11347
169,2012,8509
169,2013,9469
169,2014,9894
169,2015,10364
169,2016,10519
169,2017,11275
169,2018,12024
169,2019,12641
170,1961,619
170,1962,722
170,1963,722
170,1964,723
170,1965,826
170,1966,1743
170,1967,1213
170,1968,1288
170,1969,641
170,1970,582
170,1971,603
170,1972,1014
170,1973,944
170,1974,1404
170,1975,1278
170,1976,1396
170,1977,706
170,1978,607
170,1979,449
170,1980,738
170,1981,736
170,1982,596
170,1983,614
170,1984,1013
170,1985,783
170,1986,783
170,1987,783
170,1988,783
170,1989,783
170,1990,783
170,1991,783
170,1992,783
170,1993,783
170,1994,1389
170,1995,1516
170,1996,2526
170,1997,3611
170,1998,3109
170,1999,3931
170,2000,3094
170,2001,2889
170,2002,2484
170,2003,623
170,2004,447
170,2005,563
170,2006,361
170,2007,325
170,2008,192
170,2009,350
170,2010,355
170,2011,431
170,2012,331
170,2013,447
170,2014,561
170,2015,447
170,2016,525
170,2017,519
170,2018,490
170,2019,517
171,1961,134895
171,1962,156703
171,1963,152206
171,1964,146228
171,1965,102790
171,1966,130673
171,1967,115005
171,1968,145806
171,1969,127820
171,1970,137606
171,1971,125484
171,1972,126576
171,1973,145628
171,1974,142483
171,1975,128458
171,1976,132287
171,1977,113357
171,1978,127559
171,1979,114953
171,1980,94393
171,1981,173715
171,1982,193678
171,1983,194085
171,1984,220454
171,1985,167110
171,1986,166728
171,1987,186108
171,1988,171661
171,1989,179545
171,1990,183734
171,1991,191510
171,1992,265066
171,1993,235585
171,1994,127925
171,1995,143225
171,1996,146055
171,1997,147026
171,1998,139819
171,1999,116216
171,2000,111354
171,2001,108305
171,2002,112804
171,2003,118939
171,2004,108608
171,2005,101380
171,2006,86261
171,2007,77090
171,2008,72992
171,2009,81798
171,2010,91122
171,2011,101045
171,2012,108085
171,2013,120850
171,2014,138083
171,2015,126336
171,2016,126929
171,2017,114715
171,2018,113269
171,2019,114798
173,1961,102635
173,1962,82554
173,1963,162877
173,1964,211963
173,1965,116022
173,1966,107097
173,1967,174032
173,1968,185188
173,1969,203038
173,1970,189651
173,1971,156183
173,1972,167314
173,1973,174175
173,1974,145027
173,1975,228264
173,1976,278630
173,1977,195128
173,1978,131526
173,1979,165449
173,1980,125524
173,1981,213134
173,1982,213997
173,1983,222610
173,1984,219221
173,1985,248755
173,1986,279373
173,1987,254239
173,1988,201719
173,1989,125080
173,1990,131640
173,1991,128126
173,1992,100290
173,1993,80526
173,1994,96111
173,1995,88690
173,1996,85323
173,1997,72221
173,1998,84055
173,1999,97472
173,2000,65920
173,2001,53316
173,2002,46248
173,2003,49033
173,2004,64849
173,2005,74707
173,2006,65827
173,2007,88092
173,2008,91820
173,2009,87670
173,2010,77605
173,2011,76815
173,2012,78846
173,2013,68678
173,2014,77853
173,2015,60802
173,2016,69615
173,2017,72498
173,2018,74053
173,2019,64191
174,1961,22877
174,1962,22877
174,1963,25622
174,1964,34315
174,1965,42322
174,1966,32347
174,1967,50678
174,1968,53172
174,1969,27269
174,1970,21769
174,1971,21275
174,1972,21046
174,1973,16242
174,1974,17615
174,1975,19150
174,1976,24935
174,1977,29282
174,1978,28621
174,1979,19489
174,1980,15799
174,1981,13900
174,1982,4024
174,1983,5868
174,1984,7895
174,1985,8888
174,1986,9784
174,1987,8675
174,1988,8812
174,1989,11093
174,1990,11235
174,1991,12484
174,1992,9917
174,1993,5795
174,1994,10750
174,1995,11312
174,1996,14197
174,1997,13371
174,1998,15737
174,1999,13234
174,2000,14035
174,2001,13186
174,2002,12815
174,2003,13120
174,2004,12255
174,2005,10864
174,2006,5257
174,2007,2999
174,2008,3107
174,2009,4825
174,2010,2141
174,2011,149
174,2012,279
174,2013,430
174,2014,522
174,2015,631
174,2016,528
174,2017,560
174,2018,206
174,2019,206
177,1961,160328
177,1962,179036
177,1963,199903
177,1964,187465
177,1965,220885
177,1966,96392
177,1967,71979
177,1968,65272
177,1969,46629
177,1970,38071
177,1971,27638
177,1972,40795
177,1973,29141
177,1974,39048
177,1975,23398
177,1976,25993
177,1977,24567
177,1978,20276
177,1979,19119
177,1980,12194
177,1981,9393
177,1982,2917
177,1983,1953
177,1984,5602
177,1985,3970
177,1986,2518
177,1987,1221
177,1988,874
177,1989,758
177,1990,128
177,1991,103
177,1992,64
177,1993,64
177,1994,39
177,1995,26
177,1996,26
177,1997,26
177,1998,26
177,1999,26
177,2000,26
177,2001,26
177,2002,26
177,2003,26
177,2004,26
177,2005,26
177,2006,26
177,2007,26
177,2008,26
177,2009,13
177,2010,13
177,2011,13
177,2012,13
177,2013,13
177,2014,13
177,2015,13
177,2016,13
177,2017,13
177,2018,13
177,2019,13
18,1980,473
18,1981,473
18,1982,473
18,1983,675
18,1984,716
18,1985,777
18,1986,810
18,1987,844
18,1988,878
18,1989,912
18,1990,946
18,1991,979
18,1992,1047
18,1993,1081
18,1994,1101
18,1995,1121
18,1996,1141
18,1997,1155
18,1998,1175
18,1999,1189
18,2000,1202
18,2001,1216
18,2002,1229
18,2003,1243
18,2004,1249
18,2005,1263
18,2006,1276
18,2007,1283
18,2008,1290
18,2009,1303
18,2010,1310
18,2011,1324
18,2012,1351
18,2013,1337
18,2014,1337
18,2015,1371
18,2016,1378
18,2017,1391
18,2018,1405
18,2019,1412
181,1961,286684
181,1962,281099
181,1963,236841
181,1964,424869
181,1965,326996
181,1966,323940
181,1967,241975
181,1968,155201
181,1969,321747
181,1970,156467
181,1971,187069
181,1972,190063
181,1973,211858
181,1974,216450
181,1975,248815
181,1976,323492
181,1977,244157
181,1978,244286
181,1979,328512
181,1980,358859
181,1981,206100
181,1982,260028
181,1983,284004
181,1984,358383
181,1985,309837
181,1986,334229
181,1987,348188
181,1988,329292
181,1989,374136
181,1990,374231
181,1991,512568
181,1992,606701
181,1993,587747
181,1994,508102
181,1995,512731
181,1996,510527
181,1997,491318
181,1998,566027
181,1999,503059
181,2000,545995
181,2001,458778
181,2002,326132
181,2003,268385
181,2004,224755
181,2005,238870
181,2006,127574
181,2007,299350
181,2008,313909
181,2009,361927
181,2010,314945
181,2011,358911
181,2012,399444
181,2013,422085
181,2014,528089
181,2015,491008
181,2016,484955
181,2017,318042
181,2018,688530
181,2019,739783
183,1961,22954
183,1962,33013
183,1963,51454
183,1964,53775
183,1965,44472
183,1966,51840
183,1967,44619
183,1968,41953
183,1969,30634
183,1970,29036
183,1971,39203
183,1972,48874
183,1973,49003
183,1974,50164
183,1975,51325
183,1976,82532
183,1977,60609
183,1978,52872
183,1979,50551
183,1980,48101
183,1981,35979
183,1982,42427
183,1983,31852
183,1984,47843
183,1985,33658
183,1986,41395
183,1987,42685
183,1988,46166
183,1989,35463
183,1990,18312
183,1991,17949
183,1992,9767
183,1993,13544
183,1994,16755
183,1995,17226
183,1996,15593
183,1997,23366
183,1998,22614
183,1999,19026
183,2000,14016
183,2001,13009
183,2002,20606
183,2003,10139
183,2004,9634
183,2005,4748
183,2006,2174
183,2007,1455
183,2008,3051
183,2009,2019
183,2010,3831
183,2011,3304
183,2012,1729
183,2013,1750
183,2014,1812
183,2015,1391
183,2016,2136
183,2017,1572
183,2018,1625
183,2019,1560
184,1961,407
184,1962,480
184,1963,382
184,1964,382
184,1965,382
184,1966,371
184,1967,453
184,1968,436
184,1969,491
184,1970,436
184,1971,436
184,1972,436
184,1973,491
184,1974,545
184,1975,818
184,1976,873
184,1977,982
184,1978,1091
184,1979,1200
184,1980,1200
184,1981,1255
184,1982,1309
184,1983,1364
184,1984,1418
184,1985,1636
184,1986,1636
184,1987,1691
184,1988,1746
184,1989,1800
184,1990,1855
184,1991,1909
184,1992,1927
184,1993,1964
184,1994,2042
184,1995,2045
184,1996,2040
184,1997,2028
184,1998,2018
184,1999,2035
184,2000,2073
184,2001,2100
184,2002,2127
184,2003,2118
184,2004,2073
184,2005,2123
184,2006,2182
184,2007,2335
184,2008,2519
184,2009,2711
184,2010,2932
184,2011,2948
184,2012,2727
184,2013,2603
184,2014,2546
184,2015,2803
184,2016,2847
184,2017,2887
184,2018,2928
184,2019,2967
185,1992,15047
185,1993,26071
185,1994,14376
185,1995,5512
185,1996,4320
185,1997,4097
185,1998,3873
185,1999,11397
185,2000,10726
185,2001,5736
185,2002,1937
185,2003,596
185,2004,1043
185,2005,596
185,2006,74
185,2007,74
185,2008,22
185,2009,22
185,2010,22
185,2011,30
185,2012,37
185,2013,15
185,2016,22
185,2017,30
185,2018,45
185,2019,67
19,1961,1605
19,1962,1756
19,1963,1798
19,1964,1806
19,1965,1678
19,1966,1766
19,1967,1806
19,1968,1987
19,1969,2308
19,1970,2809
19,1971,3813
19,1972,4214
19,1973,4957
19,1974,5960
19,1975,5155
19,1976,4475
19,1977,4555
19,1978,3562
19,1979,3291
19,1980,3662
19,1981,2799
19,1982,2217
19,1983,2366
19,1984,2260
19,1985,1957
19,1986,1840
19,1987,1732
19,1988,1796
19,1989,1856
19,1990,1876
19,1991,1943
19,1992,1589
19,1993,1666
19,1994,1726
19,1995,1786
19,1996,1816
19,1997,1846
19,1998,1846
19,1999,1937
19,2000,1957
19,2001,1963
19,2002,1967
19,2003,2059
19,2004,2181
19,2005,2330
19,2006,2348
19,2007,2496
19,2008,2547
19,2009,2577
19,2010,1662
19,2011,1656
19,2012,1621
19,2013,1632
19,2014,2274
19,2015,2535
19,2016,2448
19,2017,2282
19,2018,2364
19,2019,2412
195,1969,72
195,1972,15
195,1973,74
195,1974,84
195,1975,1
195,1976,10
195,1977,11
195,1978,1
197,1975,1171
197,1976,3785
197,1977,5239
197,1978,8938
197,1979,6891
197,1980,6164
197,1981,6164
197,1982,6164
197,1983,6164
197,1984,6164
197,1985,6164
197,1986,7397
197,1987,8013
197,1988,8013
197,1989,8013
197,1990,8013
197,1991,8013
197,1992,8112
197,1993,8260
197,1994,8629
197,1995,8013
197,1996,5387
197,1997,2466
197,1998,1233
197,1999,493
197,2000,247
197,2001,234
197,2002,271
197,2003,308
197,2004,333
197,2005,370
197,2006,394
197,2007,407
197,2008,419
197,2009,431
197,2010,456
197,2011,493
197,2012,555
197,2013,604
197,2014,653
197,2015,579
197,2016,592
197,2017,604
197,2018,604
197,2019,604
199,1993,13662
199,1994,14274
199,1995,8870
199,1996,1128
199,1997,1013
199,1998,1516
199,1999,1314
199,2000,1907
199,2001,2026
199,2002,2060
199,2003,1970
199,2004,1323
199,2005,1058
199,2006,681
199,2007,398
199,2008,1
199,2009,2
199,2010,1
199,2011,14
199,2012,15
199,2013,4
199,2014,3
199,2015,13
199,2016,5
199,2017,5
200,1961,2326
200,1962,1957
200,1963,1630
200,1964,1759
200,1965,2293
200,1966,2155
200,1967,1833
200,1968,2340
200,1969,1575
200,1970,2257
200,1971,2303
200,1972,1460
200,1973,1920
200,1974,1732
200,1975,1432
200,1976,1874
200,1977,2653
200,1978,2745
200,1979,2201
200,1980,1851
200,1981,613
200,1982,405
200,1983,157
200,1984,46
200,1985,74
200,1986,46
200,1987,55
200,1988,46
200,1989,46
200,1990,60
200,1991,55
200,1992,51
200,1993,46
200,1994,23
200,1995,23
200,1996,9
202,1961,83591
202,1962,77848
202,1963,89972
202,1964,99543
202,1965,87419
202,1966,70510
202,1967,86781
202,1968,121717
202,1969,120600
202,1970,109752
202,1971,103372
202,1972,98905
202,1973,93162
202,1974,107519
202,1975,87738
202,1976,102414
202,1977,129310
202,1978,140285
202,1979,152208
202,1980,110391
202,1981,88494
202,1982,109210
202,1983,123440
202,1984,113262
202,1985,119005
202,1986,102733
202,1987,86781
202,1988,94119
202,1989,117729
202,1990,87419
202,1991,96640
202,1992,111603
202,1993,96959
202,1994,62087
202,1995,65628
202,1996,68659
202,1997,84292
202,1998,100468
202,1999,96033
202,2000,94757
202,2001,108444
202,2002,105350
202,2003,119324
202,2004,80400
202,2005,75136
202,2006,47379
202,2007,40870
202,2008,28845
202,2009,30517
202,2010,39243
202,2011,47857
202,2012,54270
202,2013,48495
202,2014,41081
202,2015,45879
202,2016,46900
202,2017,47219
202,2018,49771
202,2019,49038
203,1961,93356
203,1962,80307
203,1963,69365
203,1964,70794
203,1965,87346
203,1966,54750
203,1967,79452
203,1968,67228
203,1969,49657
203,1970,66464
203,1971,67738
203,1972,69011
203,1973,65446
203,1974,59589
203,1975,65955
203,1976,74104
203,1977,55005
203,1978,76141
203,1979,88943
203,1980,93712
203,1981,110774
203,1982,107464
203,1983,109883
203,1984,110056
203,1985,107464
203,1986,96004
203,1987,81234
203,1988,85818
203,1989,140314
203,1990,109954
203,1991,125131
203,1992,114726
203,1993,114085
203,1994,112129
203,1995,109284
203,1996,113056
203,1997,117357
203,1998,111176
203,1999,102867
203,2000,109266
203,2001,103669
203,2002,105745
203,2003,102350
203,2004,103379
203,2005,102500
203,2006,82923
203,2007,74481
203,2008,79266
203,2009,88688
203,2010,85080
203,2011,85798
203,2012,84545
203,2013,79783
203,2014,74206
203,2015,75209
203,2016,74455
203,2017,75578
203,2018,66159
203,2019,70717
208,1992,9376
208,1993,11184
208,1994,9505
208,1995,6127
208,1996,2786
208,1997,6196
208,1998,9781
208,1999,6684
208,2000,6989
208,2001,3948
208,2002,3969
208,2003,724
208,2004,2602
208,2005,1565
208,2006,1265
208,2007,502
208,2008,184
208,2009,229
208,2010,483
208,2011,685
208,2012,872
208,2013,1088
208,2014,535
208,2015,246
208,2016,174
208,2017,206
208,2018,134
208,2019,137
21,1961,464107
21,1962,517202
21,1963,571859
21,1964,581871
21,1965,686271
21,1966,631250
21,1967,671436
21,1968,713473
21,1969,691918
21,1970,674707
21,1971,675183
21,1972,727711
21,1973,647830
21,1974,818981
21,1975,790663
21,1976,825811
21,1977,987172
21,1978,1120432
21,1979,1166104
21,1980,1119516
21,1981,1011337
21,1982,1162291
21,1983,1085554
21,1984,1143679
21,1985,1135040
21,1986,1064976
21,1987,1094035
21,1988,1183227
21,1989,1227384
21,1990,1231864
21,1991,1144323
21,1992,1591790
21,1993,1813246
21,1994,1436632
21,1995,1260890
21,1996,1317997
21,1997,1650688
21,1998,1397399
21,1999,1740759
21,2000,1603058
21,2001,1572027
21,2002,1853534
21,2003,1814520
21,2004,2547521
21,2005,2459436
21,2006,2489728
21,2007,2512674
21,2008,2353341
21,2009,2386581
21,2010,2178467
21,2011,2632280
21,2012,2241328
21,2013,2352276
21,2014,2384692
21,2015,2398405
21,2016,1873342
21,2017,2393607
21,2018,2091128
21,2019,2128649
211,1961,29524
211,1962,30898
211,1963,28961
211,1964,31842
211,1965,25848
211,1966,29491
211,1967,34591
211,1968,31147
211,1969,33117
211,1970,32372
211,1971,29623
211,1972,30666
211,1973,28332
211,1974,29888
211,1975,25964
211,1976,32819
211,1977,19307
211,1978,24093
211,1979,29424
211,1980,20880
211,1981,28911
211,1982,25732
211,1983,28149
211,1984,29126
211,1985,24772
211,1986,28928
211,1987,21609
211,1988,25335
211,1989,26013
211,1990,18314
211,1991,22602
211,1992,19423
211,1993,23795
211,1994,21824
211,1995,26394
211,1996,27471
211,1997,17221
211,1998,24937
211,1999,18264
211,2000,19572
211,2001,22238
211,2002,24209
211,2003,26229
211,2004,21857
211,2005,25285
211,2006,19473
211,2007,14406
211,2008,19887
211,2009,15780
211,2010,19589
211,2011,20499
211,2012,17734
211,2013,17403
211,2014,16509
211,2015,17105
211,2016,16774
211,2017,16260
211,2018,15830
211,2019,14704
213,1992,4734
213,1993,5379
213,1994,4734
213,1995,2834
213,1996,5379
213,1997,6929
213,1998,6929
213,1999,6929
213,2000,6929
213,2001,6929
213,2002,6455
213,2003,6455
213,2004,6455
213,2005,6670
213,2006,7531
213,2007,6670
213,2008,6455
213,2009,6455
213,2010,6604
213,2011,6853
213,2012,6767
213,2013,6802
213,2014,6905
213,2015,6980
213,2016,6903
213,2017,6929
213,2018,6957
213,2019,6982
215,1961,103
215,1962,67
215,1963,84
215,1964,129
215,1965,196
215,1966,194
215,1967,294
215,1968,443
215,1969,419
215,1970,454
215,1971,537
215,1972,496
215,1973,494
215,1974,689
215,1975,537
215,1976,715
215,1977,695
215,1978,647
215,1979,653
215,1980,637
215,1981,653
215,1982,517
215,1983,418
215,1984,510
215,1985,477
215,1986,625
215,1987,491
215,1988,439
215,1989,448
215,1990,625
215,1991,885
215,1992,885
215,1993,915
215,1994,979
215,1995,859
215,1996,1086
215,1997,1343
215,1998,1911
215,1999,1440
215,2000,1002
215,2001,931
215,2002,1041
215,2003,1063
215,2004,1291
215,2005,1784
215,2006,1974
215,2007,1921
215,2008,1929
215,2009,2228
215,2010,2312
215,2011,4935
215,2012,4556
215,2013,3278
215,2014,3055
215,2015,3808
215,2016,4001
215,2017,4143
215,2018,4285
215,2019,4427
216,1961,9378
216,1962,9378
216,1963,9701
216,1964,9992
216,1965,11528
216,1966,28456
216,1967,25222
216,1968,27583
216,1969,29200
216,1970,30073
216,1971,15845
216,1972,16589
216,1973,14681
216,1974,18108
216,1975,20296
216,1976,21883
216,1977,24819
216,1978,26952
216,1979,23711
216,1980,27250
216,1981,24327
216,1982,27816
216,1983,30073
216,1984,29103
216,1985,29103
216,1986,27486
216,1987,21665
216,1988,17535
216,1989,19481
216,1990,22464
216,1991,27615
216,1992,30267
216,1993,30267
216,1994,16427
216,1995,15780
216,1996,19337
216,1997,23412
216,1998,24026
216,1999,25643
216,2000,19604
216,2001,23953
216,2002,25123
216,2003,24346
216,2004,22069
216,2005,23267
216,2006,21289
216,2007,18937
216,2008,20026
216,2009,20194
216,2010,19253
216,2011,21956
216,2012,22013
216,2013,23148
216,2014,25746
216,2015,19753
216,2016,18556
216,2017,21552
216,2018,21655
216,2019,21594
217,1961,3410
217,1962,3410
217,1963,3410
217,1964,3410
217,1965,3410
217,1966,3410
217,1967,3410
217,1968,3410
217,1969,3410
217,1970,3410
217,1971,3410
217,1972,3410
217,1973,3410
217,1974,3410
217,1975,3410
217,1976,3410
217,1977,3410
217,1978,3410
217,1979,3410
217,1980,3410
217,1981,3410
217,1982,3410
217,1983,3410
217,1984,3410
217,1985,3410
217,1986,3410
217,1987,3410
217,1988,3410
217,1989,3410
217,1990,3410
217,1991,3410
217,1992,3357
217,1993,3311
217,1994,3263
217,1995,3215
217,1996,3133
217,1997,3101
217,1998,3069
217,1999,3069
217,2000,3069
217,2001,3069
217,2002,3069
217,2003,3069
217,2004,3084
217,2005,3111
217,2006,3132
217,2007,3154
217,2008,3171
217,2009,3162
217,2010,3174
217,2011,3181
217,2012,3193
217,2013,3207
217,2014,3220
217,2015,3234
217,2016,3246
217,2017,3256
217,2018,3266
217,2019,3277
220,1961,364
220,1962,364
220,1963,446
220,1964,400
220,1965,428
220,1966,619
220,1967,1056
220,1968,1875
220,1969,2084
220,1970,2229
220,1971,1956
220,1972,2284
220,1973,3021
220,1974,2839
220,1975,2603
220,1976,1347
220,1977,801
220,1978,1092
220,1979,1083
220,1980,127
220,1981,391
220,1982,473
220,1983,373
220,1984,555
220,1985,400
220,1986,646
220,1987,610
220,1988,710
220,1989,646
220,1990,919
220,1991,828
220,1992,746
220,1993,673
220,1994,282
220,1995,291
220,1996,328
220,1997,300
220,1998,428
220,1999,546
220,2000,819
220,2001,1092
220,2002,1365
220,2003,1501
220,2004,1638
220,2005,1820
220,2006,2320
220,2007,2047
220,2008,2047
220,2009,2184
220,2010,2084
220,2011,1975
220,2012,1820
220,2013,1802
220,2014,1784
220,2015,1875
220,2016,1865
220,2017,1865
220,2018,1865
220,2019,1875
222,1961,974
222,1962,613
222,1963,924
222,1964,1553
222,1965,1744
222,1966,2171
222,1967,2320
222,1968,2738
222,1969,2668
222,1970,2599
222,1971,2029
222,1972,1484
222,1973,1661
222,1974,2151
222,1975,3266
222,1976,4228
222,1977,4381
222,1978,4680
222,1979,4381
222,1980,4082
222,1981,5835
222,1982,5476
222,1983,4381
222,1984,3336
222,1985,3933
222,1986,4481
222,1987,5377
222,1988,4978
222,1989,5476
222,1990,6771
222,1991,5775
222,1992,5188
222,1993,5178
222,1994,3565
222,1995,3983
222,1996,2688
222,1997,3286
222,1998,3784
222,1999,2788
222,2000,3421
222,2001,3108
222,2002,2788
222,2003,1969
222,2004,1976
222,2005,3035
222,2006,3953
222,2007,2571
222,2008,2535
222,2009,1593
222,2010,1593
222,2011,1354
222,2012,1095
222,2013,1394
222,2014,1438
222,2015,1236
222,2016,3167
222,2017,2586
222,2018,1648
222,2019,1713
223,1961,473689
223,1962,419438
223,1963,617449
223,1964,904656
223,1965,618342
223,1966,766992
223,1967,884061
223,1968,761578
223,1969,684756
223,1970,700026
223,1971,812135
223,1972,839872
223,1973,696565
223,1974,950523
223,1975,933931
223,1976,1513287
223,1977,1158226
223,1978,1366612
223,1979,1011706
223,1980,1066657
223,1981,784869
223,1982,970366
223,1983,1092321
223,1984,829268
223,1985,796393
223,1986,740287
223,1987,862821
223,1988,1023281
223,1989,1260693
223,1990,1382704
223,1991,1125196
223,1992,1561460
223,1993,1582574
223,1994,873294
223,1995,954974
223,1996,1052023
223,1997,1337889
223,1998,1170390
223,1999,1137281
223,2000,935542
223,2001,676320
223,2002,714017
223,2003,523909
223,2004,625531
223,2005,631762
223,2006,458415
223,2007,348395
223,2008,436301
223,2009,378612
223,2010,247656
223,2011,212235
223,2012,342327
223,2013,435157
223,2014,348918
223,2015,350338
223,2016,346778
223,2017,437530
223,2018,351627
223,2019,326982
230,1992,6633
230,1993,5268
230,1994,4427
230,1995,3025
230,1996,1815
230,1997,2058
230,1998,1844
230,1999,2951
230,2000,2213
230,2001,1623
230,2002,1180
230,2003,1070
230,2004,812
230,2005,361
230,2006,251
230,2007,118
230,2008,118
230,2009,81
230,2010,229
230,2011,236
230,2012,74
230,2013,74
230,2014,37
230,2015,214
230,2016,693
230,2017,1055
230,2018,952
230,2019,1247
231,1961,4194098
231,1962,4709950
231,1963,4768712
231,1964,4533215
231,1965,3773343
231,1966,3835321
231,1967,4004018
231,1968,3479994
231,1969,3669051
231,1970,3878989
231,1971,3468865
231,1972,3558798
231,1973,3552648
231,1974,4057286
231,1975,4440231
231,1976,4347392
231,1977,3894590
231,1978,4119807
231,1979,3105997
231,1980,3634287
231,1981,4198719
231,1982,4058093
231,1983,2907475
231,1984,3515821
231,1985,3075642
231,1986,2368432
231,1987,2418941
231,1988,2786496
231,1989,2781786
231,1990,3309121
231,1991,3386418
231,1992,3503005
231,1993,3282544
231,1994,3220646
231,1995,2583825
231,1996,3090037
231,1997,3636736
231,1998,3011067
231,1999,2630180
231,2000,2143027
231,2001,2016940
231,2002,1772430
231,2003,1632931
231,2004,1794312
231,2005,1312380
231,2006,1481019
231,2007,1602603
231,2008,1628750
231,2009,1673670
231,2010,1461269
231,2011,1217235
231,2012,1551848
231,2013,1472232
231,2014,1783201
231,2015,1463269
231,2016,1279222
231,2017,1444923
231,2018,1084948
231,2019,952128
233,1961,225
233,1962,225
233,1963,225
233,1964,257
233,1965,257
233,1966,322
233,1967,298
233,1968,515
233,1969,515
233,1970,515
233,1971,515
233,1972,515
233,1973,515
233,1974,450
233,1975,515
233,1976,547
233,1977,579
233,1978,611
233,1979,643
233,1980,708
233,1981,772
233,1982,772
233,1983,772
233,1984,643
233,1985,453
233,1986,398
233,1987,374
233,1988,419
233,1989,516
233,1990,593
233,1991,598
233,1992,611
233,1993,624
233,1994,450
233,1995,322
233,1996,274
233,1997,252
233,1998,257
233,1999,287
233,2000,322
233,2001,351
233,2002,363
233,2003,372
233,2004,373
233,2005,354
233,2006,322
233,2007,338
233,2008,365
233,2009,407
233,2010,443
233,2011,479
233,2012,515
233,2013,547
233,2014,575
233,2015,392
233,2016,298
233,2017,239
233,2018,245
233,2019,250
234,1961,48
234,1962,75
234,1963,93
234,1964,37
234,1965,36
234,1966,32
234,1967,37
234,1968,50
234,1969,63
234,1970,93
234,1971,91
234,1972,105
234,1973,120
234,1974,231
234,1975,180
234,1976,308
234,1977,323
234,1978,359
234,1979,308
234,1980,315
234,1981,289
234,1982,409
234,1983,391
234,1984,396
234,1985,451
234,1986,317
234,1987,317
234,1988,405
234,1989,430
234,1990,421
234,1991,445
234,1992,475
234,1993,543
234,1994,543
234,1995,566
234,1996,576
234,1997,589
234,1998,609
234,1999,624
234,2000,634
234,2001,657
234,2002,665
234,2003,679
234,2004,678
234,2005,679
234,2006,687
234,2007,694
234,2008,700
234,2009,705
234,2010,716
234,2011,716
234,2012,724
234,2013,702
234,2014,713
234,2015,716
234,2016,737
234,2017,739
234,2018,744
234,2019,749
236,1961,14597
236,1962,11801
236,1963,12423
236,1964,11768
236,1965,12745
236,1966,13736
236,1967,13719
236,1968,16097
236,1969,13387
236,1970,16784
236,1971,19380
236,1972,17664
236,1973,18927
236,1974,20214
236,1975,22221
236,1976,21556
236,1977,21549
236,1978,21819
236,1979,30539
236,1980,18501
236,1981,23441
236,1982,22924
236,1983,21091
236,1984,20862
236,1985,21778
236,1986,23551
236,1987,22891
236,1988,21558
236,1989,21005
236,1990,20500
236,1991,19725
236,1992,20096
236,1993,23432
236,1994,21947
236,1995,20784
236,1996,20306
236,1997,19537
236,1998,17378
236,1999,14137
236,2000,12335
236,2001,9108
236,2002,9164
236,2003,10199
236,2004,5181
236,2005,5233
236,2006,7094
236,2007,7160
236,2008,7045
236,2009,6711
236,2010,6163
236,2011,5529
236,2012,5484
236,2013,6180
236,2014,7111
236,2015,5110
236,2016,2384
236,2017,3817
236,2018,4581
236,2019,5072
237,1961,28963
237,1962,25185
237,1963,23087
237,1964,24766
237,1965,27704
237,1966,24976
237,1967,24976
237,1968,24346
237,1969,24766
237,1970,30432
237,1971,31482
237,1972,26025
237,1973,29383
237,1974,31482
237,1975,23926
237,1976,32678
237,1977,36519
237,1978,52805
237,1979,32090
237,1980,53582
237,1981,42626
237,1982,44494
237,1983,52155
237,1984,69197
237,1985,80593
237,1986,70099
237,1987,70162
237,1988,74633
237,1989,50161
237,1990,45810
237,1991,75976
237,1992,57297
237,1993,42605
237,1994,45544
237,1995,58136
237,1996,49321
237,1997,57087
237,1998,70154
237,1999,74717
237,2000,56877
237,2001,67161
237,2002,69680
237,2003,66741
237,2004,49112
237,2005,54359
237,2006,87939
237,2007,66951
237,2008,60445
237,2009,84082
237,2010,118644
237,2011,103670
237,2012,99497
237,2013,106207
237,2014,103357
237,2015,79265
237,2016,61316
237,2017,67298
237,2018,65986
237,2019,63033
238,1993,1892
238,1994,1878
238,1995,1686
238,1996,1686
238,1997,1686
238,1998,1631
238,1999,1541
238,2000,1589
238,2001,1526
238,2002,1445
238,2003,1445
238,2004,1445
238,2005,1392
238,2006,1347
238,2007,1316
238,2008,1284
238,2009,1252
238,2010,1219
238,2011,1187
238,2012,1155
238,2013,1123
238,2014,1091
238,2015,1066
238,2016,1028
238,2017,997
238,2018,966
238,2019,934
249,1961,7190
249,1962,7190
249,1963,7304
249,1964,7304
249,1965,7441
249,1966,7697
249,1967,7697
249,1968,7697
249,1969,7811
249,1970,7811
249,1971,9980
249,1972,14545
249,1973,14659
249,1974,14545
249,1975,14312
249,1976,16341
249,1977,17608
249,1978,11945
249,1979,16284
249,1980,17384
249,1981,16149
249,1982,17124
249,1983,14602
249,1984,11356
249,1985,11650
249,1986,11733
249,1987,12125
249,1988,14721
249,1989,10034
249,1990,15474
249,1991,15921
249,1992,19971
249,1993,18765
249,1994,16366
249,1995,18418
249,1996,19571
249,1997,23349
249,1998,26179
249,1999,25294
249,2000,26508
249,2001,27670
249,2002,26859
249,2003,27074
249,2004,38807
249,2005,40389
249,2006,46109
249,2007,48875
249,2008,50341
249,2009,51535
249,2010,52906
249,2011,50532
249,2012,53073
249,2013,52703
249,2014,50850
249,2015,44748
249,2016,43561
249,2017,43153
249,2018,43669
249,2019,65278
255,2000,2482
255,2001,2896
255,2002,2482
255,2003,2689
255,2004,2526
255,2005,1607
255,2006,432
255,2007,327
255,2008,395
255,2009,316
255,2010,436
255,2011,385
255,2012,267
255,2013,393
255,2014,379
255,2015,312
255,2016,275
255,2017,267
27,1961,163342
27,1962,312103
27,1963,307472
27,1964,437266
27,1965,359609
27,1966,386549
27,1967,345288
27,1968,337549
27,1969,281333
27,1970,356431
27,1971,350425
27,1972,462337
27,1973,413653
27,1974,423670
27,1975,473457
27,1976,482705
27,1977,343654
27,1978,407782
27,1979,465741
27,1980,357557
27,1981,388727
27,1982,435605
27,1983,327359
27,1984,411641
27,1985,368483
27,1986,368758
27,1987,389154
27,1988,339353
27,1989,237008
27,1990,223795
27,1991,211693
27,1992,192817
27,1993,131160
27,1994,95653
27,1995,54977
27,1996,116333
27,1997,179227
27,1998,113128
27,1999,100799
27,2000,94428
27,2001,169049
27,2002,182008
27,2003,179929
27,2004,203407
27,2005,170564
27,2006,122672
27,2007,120257
27,2008,124040
27,2009,150056
27,2010,120040
27,2011,118727
27,2012,82042
27,2013,106561
27,2014,87703
27,2015,68651
27,2016,44474
27,2017,38127
27,2018,25262
27,2019,18946
272,2006,24841
272,2007,25595
272,2008,24913
272,2009,22633
272,2010,23996
272,2011,23989
272,2012,15726
272,2013,18335
272,2014,21470
272,2015,20171
272,2016,17951
272,2017,16487
272,2018,16477
272,2019,18369
29,1961,5772
29,1962,5772
29,1963,6734
29,1964,9619
29,1965,12505
29,1966,14429
29,1967,12505
29,1968,9619
29,1969,7696
29,1970,5637
29,1971,9619
29,1972,9619
29,1973,15295
29,1974,15391
29,1975,15391
29,1976,15391
29,1977,15391
29,1978,24048
29,1979,28858
29,1980,32706
29,1981,32706
29,1982,32706
29,1983,33668
29,1984,28858
29,1985,34630
29,1986,35592
29,1987,38478
29,1988,38478
29,1989,38478
29,1990,38478
29,1991,39440
29,1992,40401
29,1993,39440
29,1994,13082
29,1995,5772
29,1996,5772
29,1997,4569
29,1998,1924
29,1999,3530
29,2000,7330
29,2001,8590
29,2002,6166
29,2003,6570
29,2004,8657
29,2005,10581
29,2006,7407
29,2007,7696
29,2008,9889
29,2009,11630
29,2010,12996
29,2011,11351
29,2012,11928
29,2013,12274
29,2014,12072
29,2015,8080
29,2016,6041
29,2017,4588
29,2018,3723
29,2019,3338
3,1961,7254
3,1962,23821
3,1963,36777
3,1964,31169
3,1965,30320
3,1966,31441
3,1967,29917
3,1968,23013
3,1969,24104
3,1970,27984
3,1971,29155
3,1972,32218
3,1973,34520
3,1974,31758
3,1975,32218
3,1976,29917
3,1977,29917
3,1978,32218
3,1979,43725
3,1980,41424
3,1981,40733
3,1982,40273
3,1983,40273
3,1984,43725
3,1985,46026
3,1986,55231
3,1987,57533
3,1988,32218
3,1989,43725
3,1990,32448
3,1991,16109
3,1992,28755
3,1993,31040
3,1994,8872
3,1995,13212
3,1996,14588
3,1997,18074
3,1998,17027
3,1999,16800
3,2000,14268
3,2001,8285
3,2002,5983
3,2003,3259
3,2004,4833
3,2005,4372
3,2006,4603
3,2007,2071
3,2008,2992
3,2009,3682
3,2010,3912
3,2011,4372
3,2012,4603
3,2013,6674
3,2014,6904
3,2015,5063
3,2016,4557
3,2017,3125
3,2018,3896
3,2019,3229
32,1961,12994
32,1962,13899
32,1963,14975
32,1964,10862
32,1965,10469
32,1966,18928
32,1967,19099
32,1968,24429
32,1969,17736
32,1970,21844
32,1971,21200
32,1972,17806
32,1973,16594
32,1974,15558
32,1975,14985
32,1976,15498
32,1977,14125
32,1978,16579
32,1979,9866
32,1980,9645
32,1981,10399
32,1982,8966
32,1983,9122
32,1984,11063
32,1985,8181
32,1986,16448
32,1987,8418
32,1988,10057
32,1989,4244
32,1990,779
32,1991,7508
32,1992,10057
32,1993,10128
32,1994,12571
32,1995,15086
32,1996,10057
32,1997,8549
32,1998,10057
32,1999,23634
32,2000,23634
32,2001,21246
32,2002,22453
32,2003,22629
32,2004,22453
32,2005,22629
32,2006,24192
32,2007,26340
32,2008,25993
32,2009,26868
32,2010,27738
32,2011,28613
32,2012,29488
32,2013,30358
32,2014,31293
32,2015,32842
32,2016,32268
32,2017,32942
32,2018,33616
32,2019,34290
33,1961,395978
33,1962,383340
33,1963,379785
33,1964,289664
33,1965,318865
33,1966,442166
33,1967,402351
33,1968,413136
33,1969,467246
33,1970,418905
33,1971,424754
33,1972,352770
33,1973,485840
33,1974,484845
33,1975,441458
33,1976,339241
33,1977,434049
33,1978,481257
33,1979,328227
33,1980,449014
33,1981,467750
33,1982,292237
33,1983,465027
33,1984,372138
33,1985,402409
33,1986,281039
33,1987,255535
33,1988,242851
33,1989,314582
33,1990,262482
33,1991,327615
33,1992,273234
33,1993,322503
33,1994,291966
33,1995,308946
33,1996,292012
33,1997,317208
33,1998,304612
33,1999,292278
33,2000,220661
33,2001,243955
33,2002,227071
33,2003,192888
33,2004,176620
33,2005,178993
33,2006,179763
33,2007,183155
33,2008,163316
33,2009,155278
33,2010,145292
33,2011,136451
33,2012,127888
33,2013,119134
33,2014,113119
33,2015,109818
33,2016,101614
33,2017,94712
33,2018,87586
33,2019,80584
351,1961,1142244
351,1962,1262480
351,1963,1442834
351,1964,1653248
351,1965,1803543
351,1966,2372260
351,1967,2549609
351,1968,2549609
351,1969,2331380
351,1970,2359635
351,1971,2359635
351,1972,2524960
351,1973,2855610
351,1974,2957810
351,1975,2885669
351,1976,2915728
351,1977,2966828
351,1978,3733334
351,1979,2829759
351,1980,2705314
351,1981,4499840
351,1982,6549867
351,1983,4149952
351,1984,5377564
351,1985,7288866
351,1986,5131507
351,1987,5840473
351,1988,8218144
351,1989,8507772
351,1990,7896759
351,1991,9110898
351,1992,10516342
351,1993,10373378
351,1994,6727215
351,1995,6955664
351,1996,9721097
351,1997,12778102
351,1998,7105977
351,1999,7421579
351,2000,7672103
351,2001,7062755
351,2002,7354028
351,2003,6785575
351,2004,7232207
351,2005,8064843
351,2006,8248203
351,2007,7200585
351,2008,8531426
351,2009,9216105
351,2010,9029738
351,2011,9489642
351,2012,10239615
351,2013,10141022
351,2014,9003888
351,2015,8046808
351,2016,7737199
351,2017,7187119
351,2018,6736233
351,2019,7846936
38,1961,26595
38,1962,24210
38,1963,31383
38,1964,38556
38,1965,41246
38,1966,46770
38,1967,61008
38,1968,68209
38,1969,72629
38,1970,77112
38,1971,80699
38,1972,80699
38,1973,82492
38,1974,82492
38,1975,50509
38,1976,58991
38,1977,58283
38,1978,67249
38,1979,98632
38,1980,166796
38,1981,136292
38,1982,149473
38,1983,130015
38,1984,137188
38,1985,137188
38,1986,135269
38,1987,107500
38,1988,115489
38,1989,98632
38,1990,92669
38,1991,81775
38,1992,82959
38,1993,104873
38,1994,109760
38,1995,102066
38,1996,96122
38,1997,89576
38,1998,81094
38,1999,53889
38,2000,48419
38,2001,40529
38,2002,34252
38,2003,34163
38,2004,39363
38,2005,37749
38,2006,33266
38,2007,37211
38,2008,33804
38,2009,34163
38,2010,37660
38,2011,31114
38,2012,32459
38,2013,45191
38,2014,29787
38,2015,42439
38,2016,62981
38,2017,63707
38,2018,52930
38,2019,85003
4,1961,735
4,1962,1348
4,1963,1789
4,1964,2206
4,1965,822
4,1966,1162
4,1967,1494
4,1968,1504
4,1969,1441
4,1970,947
4,1971,1056
4,1972,825
4,1973,628
4,1974,574
4,1975,823
4,1976,474
4,1977,598
4,1978,798
4,1979,693
4,1980,804
4,1981,1176
4,1982,1096
4,1983,809
4,1984,1554
4,1985,989
4,1986,967
4,1987,1132
4,1988,860
4,1989,864
4,1990,877
4,1991,823
4,1992,1515
4,1993,1686
4,1994,912
4,1995,684
4,1996,991
4,1997,1998
4,1998,1630
4,1999,1372
4,2000,1753
4,2001,1906
4,2002,1433
4,2003,1391
4,2004,1863
4,2005,1593
4,2006,1688
4,2007,1481
4,2008,1562
4,2009,1879
4,2010,1864
4,2011,2030
4,2012,1870
4,2013,1941
4,2014,2134
4,2015,2157
4,2016,2412
4,2017,2523
4,2018,2619
4,2019,3717
40,1961,23545
40,1962,22874
40,1963,17381
40,1964,22005
40,1965,18312
40,1966,15301
40,1967,22924
40,1968,29190
40,1969,18669
40,1970,26481
40,1971,19882
40,1972,16912
40,1973,11726
40,1974,16642
40,1975,25928
40,1976,23815
40,1977,26993
40,1978,29243
40,1979,23302
40,1980,44730
40,1981,18315
40,1982,17551
40,1983,17846
40,1984,25248
40,1985,24116
40,1986,24361
40,1987,25671
40,1988,32356
40,1989,32728
40,1990,44730
40,1991,47825
40,1992,51205
40,1993,60944
40,1994,49681
40,1995,37738
40,1996,34137
40,1997,34504
40,1998,36248
40,1999,36589
40,2000,32654
40,2001,22911
40,2002,21651
40,2003,23939
40,2004,28929
40,2005,30571
40,2006,25913
40,2007,25888
40,2008,19286
40,2009,17461
40,2010,24674
40,2011,23445
40,2012,23445
40,2013,24625
40,2014,19746
40,2015,22576
40,2016,23467
40,2017,13392
40,2018,17691
40,2019,22849
41,1961,1142244
41,1962,1262480
41,1963,1442834
41,1964,1653248
41,1965,1803543
41,1966,2372260
41,1967,2549609
41,1968,2549609
41,1969,2331380
41,1970,2359635
41,1971,2359635
41,1972,2524960
41,1973,2855610
41,1974,2957810
41,1975,2885669
41,1976,2915728
41,1977,2966828
41,1978,3733334
41,1979,2829759
41,1980,2705314
41,1981,4499840
41,1982,6549867
41,1983,4149952
41,1984,5377564
41,1985,7288866
41,1986,5131507
41,1987,5840473
41,1988,8218144
41,1989,8507772
41,1990,7896759
41,1991,9110898
41,1992,10516342
41,1993,10373378
41,1994,6727215
41,1995,6955664
41,1996,9721097
41,1997,12778102
41,1998,7105977
41,1999,7421579
41,2000,7672103
41,2001,7062755
41,2002,7354028
41,2003,6785575
41,2004,7232207
41,2005,8064843
41,2006,8248203
41,2007,7200585
41,2008,8531426
41,2009,9216105
41,2010,9029738
41,2011,9489642
41,2012,10239615
41,2013,10141022
41,2014,9003888
41,2015,8046808
41,2016,7737199
41,2017,7187119
41,2018,6736233
41,2019,7846936
44,1961,32614
44,1962,44696
44,1963,48857
44,1964,48418
44,1965,47008
44,1966,51757
44,1967,49710
44,1968,50295
44,1969,52049
44,1970,49125
44,1971,45967
44,1972,42224
44,1973,46435
44,1974,48072
44,1975,67372
44,1976,79887
44,1977,67021
44,1978,53687
44,1979,69711
44,1980,53102
44,1981,58950
44,1982,56962
44,1983,55909
44,1984,40469
44,1985,31858
44,1986,33421
44,1987,40786
44,1988,41756
44,1989,39429
44,1990,38585
44,1991,40163
44,1992,32643
44,1993,40143
44,1994,31469
44,1995,30411
44,1996,35571
44,1997,27275
44,1998,35364
44,1999,30477
44,2000,32478
44,2001,30596
44,2002,30966
44,2003,40304
44,2004,37997
44,2005,40867
44,2006,24044
44,2007,21181
44,2008,24768
44,2009,11641
44,2010,12585
44,2011,20864
44,2012,26045
44,2013,26439
44,2014,33452
44,2015,12252
44,2016,12252
44,2017,19099
44,2018,12397
44,2019,12208
46,1961,1132
46,1962,1156
46,1963,1011
46,1964,792
46,1965,887
46,1966,1281
46,1967,1506
46,1968,1292
46,1969,1550
46,1970,1698
46,1971,2001
46,1972,1965
46,1973,2324
46,1974,2041
46,1975,2049
46,1976,2037
46,1977,1225
46,1978,905
46,1979,1287
46,1980,956
46,1981,808
46,1982,863
46,1983,410
46,1984,586
46,1985,188
46,1986,226
46,1987,202
46,1988,202
46,1989,404
46,1990,259
46,1991,267
46,1992,303
46,1993,301
46,1994,265
46,1995,253
46,1996,186
46,1997,202
46,1998,303
46,1999,358
46,2000,404
46,2001,449
46,2002,505
46,2003,647
46,2004,598
46,2005,598
46,2006,606
46,2007,602
46,2008,685
46,2009,756
46,2010,849
46,2011,889
46,2012,910
46,2013,936
46,2014,960
46,2015,984
46,2016,968
46,2017,984
46,2018,1000
46,2019,1017
48,1961,5445
48,1962,7614
48,1963,6971
48,1964,6345
48,1965,6961
48,1966,7320
48,1967,6915
48,1968,7316
48,1969,6280
48,1970,7432
48,1971,7857
48,1972,9028
48,1973,11767
48,1974,12952
48,1975,13894
48,1976,14865
48,1977,12859
48,1978,11128
48,1979,9723
48,1980,7507
48,1981,7918
48,1982,6168
48,1983,9023
48,1984,11081
48,1985,9196
48,1986,7414
48,1987,7717
48,1988,8314
48,1989,6672
48,1990,8011
48,1991,6089
48,1992,9033
48,1993,9565
48,1994,8384
48,1995,4334
48,1996,3728
48,1997,1997
48,1998,2799
48,1999,872
48,2000,872
48,2001,429
48,2002,429
48,2003,429
48,2004,551
48,2005,509
48,2006,560
48,2007,569
48,2008,369
48,2009,289
48,2010,369
48,2011,355
48,2012,173
48,2013,280
48,2014,280
48,2015,187
48,2016,65
48,2017,65
48,2018,75
48,2019,84
50,1961,3799
50,1962,4311
50,1963,4028
50,1964,4125
50,1965,10530
50,1966,3655
50,1967,6016
50,1968,3867
50,1969,4738
50,1970,3050
50,1971,4730
50,1972,4125
50,1973,283
50,1975,42
50,1976,499
50,1977,465
50,1978,931
50,1979,969
50,1980,1130
50,1981,1485
50,1982,732
50,1983,863
50,1984,1235
50,1985,1337
50,1986,1168
50,1987,1701
50,1988,888
50,1989,1383
50,1990,1451
50,1991,943
50,1992,1333
50,1993,1303
50,1994,1282
50,1995,1400
50,1996,1421
50,1997,1362
50,1998,1290
50,1999,1409
50,2000,1582
50,2001,1510
50,2002,1510
50,2003,1481
50,2004,1481
50,2005,1481
50,2006,1481
50,2007,1269
50,2008,212
50,2009,182
50,2010,588
50,2011,673
50,2012,613
50,2013,584
50,2014,529
50,2015,533
50,2016,495
50,2017,474
5000,1961,12689135
5000,1962,13968510
5000,1963,15181156
5000,1964,17111030
5000,1965,15677903
5000,1966,16462503
5000,1967,17339457
5000,1968,16314464
5000,1969,15847301
5000,1970,15506169
5000,1971,15220587
5000,1972,16185386
5000,1973,16516221
5000,1974,17458010
5000,1975,18254397
5000,1976,19383105
5000,1977,18665969
5000,1978,20028225
5000,1979,17482021
5000,1980,17300160
5000,1981,19189167
5000,1982,21856390
5000,1983,18230374
5000,1984,19994353
5000,1985,20780857
5000,1986,17610008
5000,1987,18227326
5000,1988,20584976
5000,1989,21020931
5000,1990,21174749
5000,1991,22214150
5000,1992,25033176
5000,1993,24882204
5000,1994,19517220
5000,1995,18750931
5000,1996,22065144
5000,1997,26576312
5000,1998,19909834
5000,1999,20059478
5000,2000,19156918
5000,2001,17716353
5000,2002,18088333
5000,2003,16689802
5000,2004,18175652
5000,2005,18328886
5000,2006,17633957
5000,2007,16643146
5000,2008,17857401
5000,2009,18834837
5000,2010,18063261
5000,2011,18871661
5000,2012,19483874
5000,2013,19454392
5000,2014,18620935
5000,2015,17141211
5000,2016,15941085
5000,2017,16055798
5000,2018,15112044
5100,1961,423789
5100,1962,414281
5100,1963,383879
5100,1964,584685
5100,1965,479424
5100,1966,466194
5100,1967,400672
5100,1968,353867
5100,1969,509560
5100,1970,336704
5100,1971,371675
5100,1972,365755
5100,1973,388609
5100,1974,401661
5100,1975,419788
5100,1976,512202
5100,1977,458066
5100,1978,486044
5100,1979,584291
5100,1980,578184
5100,1981,404326
5100,1982,479948
5100,1983,521945
5100,1984,593894
5100,1985,548036
5100,1986,562906
5100,1987,560633
5100,1988,548645
5100,1989,624128
5100,1990,592661
5100,1991,745981
5100,1992,857844
5100,1993,831885
5100,1994,690988
5100,1995,702923
5100,1996,704898
5100,1997,713784
5100,1998,778570
5100,1999,714786
5100,2000,776141
5100,2001,700558
5100,2002,580733
5100,2003,545642
5100,2004,484042
5100,2005,515993
5100,2006,363163
5100,2007,532369
5100,2008,531530
5100,2009,594082
5100,2010,561805
5100,2011,621438
5100,2012,623676
5100,2013,673943
5100,2014,794760
5100,2015,740821
5100,2016,743453
5100,2017,571871
5100,2018,948211
5101,1961,313072
5101,1962,307512
5101,1963,266365
5101,1964,457491
5101,1965,365355
5101,1966,361405
5101,1967,278386
5101,1968,191104
5101,1969,355352
5101,1970,186524
5101,1971,227163
5101,1972,230467
5101,1973,259138
5101,1974,257218
5101,1975,291434
5101,1976,366388
5101,1977,288986
5101,1978,298086
5101,1979,391009
5101,1980,427307
5101,1981,274669
5101,1982,328753
5101,1983,358289
5101,1984,436536
5101,1985,387755
5101,1986,416439
5101,1987,435506
5101,1988,413370
5101,1989,469592
5101,1990,468781
5101,1991,606124
5101,1992,703104
5101,1993,690522
5101,1994,584740
5101,1995,590531
5101,1996,594931
5101,1997,585802
5101,1998,629272
5101,1999,568895
5101,2000,628504
5101,2001,541578
5101,2002,424111
5101,2003,378759
5101,2004,359292
5101,2005,395528
5101,2006,267363
5101,2007,443501
5101,2008,454495
5101,2009,515117
5101,2010,473639
5101,2011,524792
5101,2012,521109
5101,2013,576029
5101,2014,703309
5101,2015,643971
5101,2016,644214
5101,2017,472012
5101,2018,846490
5102,1961,14126
5102,1962,15055
5102,1963,15986
5102,1964,11654
5102,1965,11357
5102,1966,20209
5102,1967,20604
5102,1968,25720
5102,1969,19286
5102,1970,23542
5102,1971,23201
5102,1972,19771
5102,1973,18919
5102,1974,17600
5102,1975,17035
5102,1976,17535
5102,1977,15350
5102,1978,17485
5102,1979,11154
5102,1980,10601
5102,1981,11208
5102,1982,9829
5102,1983,9532
5102,1984,11649
5102,1985,8369
5102,1986,16675
5102,1987,8620
5102,1988,10259
5102,1989,4648
5102,1990,1038
5102,1991,7774
5102,1992,10360
5102,1993,10429
5102,1994,12836
5102,1995,15338
5102,1996,10243
5102,1997,8751
5102,1998,10360
5102,1999,23992
5102,2000,24039
5102,2001,21694
5102,2002,22958
5102,2003,23275
5102,2004,23051
5102,2005,23227
5102,2006,24799
5102,2007,26942
5102,2008,26678
5102,2009,27624
5102,2010,28587
5102,2011,29502
5102,2012,30397
5102,2013,31293
5102,2014,32253
5102,2015,33826
5102,2016,33237
5102,2017,33927
5102,2018,34617
5103,1961,3941
5103,1962,4578
5103,1963,3756
5103,1964,6552
5103,1965,5439
5103,1966,5438
5103,1967,6042
5103,1968,6099
5103,1969,5763
5103,1970,8018
5103,1971,6929
5103,1972,6401
5103,1973,6648
5103,1974,8032
5103,1975,10699
5103,1976,11667
5103,1977,10981
5103,1978,12393
5103,1979,13899
5103,1980,14398
5103,1981,14885
5103,1982,18477
5103,1983,16971
5103,1984,16546
5103,1985,16454
5103,1986,10408
5103,1987,12709
5103,1988,13278
5103,1989,14465
5103,1990,16685
5103,1991,15279
5103,1992,11348
5103,1993,12119
5103,1994,8874
5103,1995,9580
5103,1996,11219
5103,1997,16575
5103,1998,19141
5103,1999,8500
5103,2000,11788
5103,2001,13043
5103,2002,12282
5103,2003,8364
5103,2004,6898
5103,2005,6969
5103,2006,8122
5103,2007,6396
5103,2008,6441
5103,2009,5953
5103,2010,6015
5103,2011,5509
5103,2012,4776
5103,2013,5025
5103,2014,5227
5103,2015,4971
5103,2016,7045
5103,2017,6480
5103,2018,5544
5104,1961,83591
5104,1962,77848
5104,1963,89972
5104,1964,99543
5104,1965,87419
5104,1966,70510
5104,1967,86781
5104,1968,121717
5104,1969,120600
5104,1970,109752
5104,1971,103372
5104,1972,98905
5104,1973,93162
5104,1974,107519
5104,1975,87738
5104,1976,102414
5104,1977,129310
5104,1978,140285
5104,1979,152208
5104,1980,110391
5104,1981,88494
5104,1982,109210
5104,1983,123440
5104,1984,113262
5104,1985,119005
5104,1986,102733
5104,1987,86781
5104,1988,94119
5104,1989,117729
5104,1990,87419
5104,1991,96640
5104,1992,111603
5104,1993,96959
5104,1994,62087
5104,1995,65628
5104,1996,68659
5104,1997,84292
5104,1998,100468
5104,1999,96033
5104,2000,94757
5104,2001,108444
5104,2002,105350
5104,2003,119324
5104,2004,80400
5104,2005,75136
5104,2006,47379
5104,2007,40870
5104,2008,28845
5104,2009,30517
5104,2010,39243
5104,2011,47857
5104,2012,54270
5104,2013,48495
5104,2014,41081
5104,2015,45879
5104,2016,46900
5104,2017,47219
5104,2018,49771
5105,1961,9060
5105,1962,9288
5105,1963,7800
5105,1964,9446
5105,1965,9855
5105,1966,8633
5105,1967,8859
5105,1968,9227
5105,1969,8560
5105,1970,8867
5105,1971,11010
5105,1972,10212
5105,1973,10742
5105,1974,11291
5105,1975,12882
5105,1976,14197
5105,1977,13438
5105,1978,17795
5105,1979,16020
5105,1980,15488
5105,1981,15069
5105,1982,13680
5105,1983,13714
5105,1984,15901
5105,1985,16452
5105,1986,16651
5105,1987,17016
5105,1988,17619
5105,1989,17695
5105,1990,18737
5105,1991,20164
5105,1992,21430
5105,1993,21857
5105,1994,22451
5105,1995,21845
5105,1996,19846
5105,1997,18364
5105,1998,19328
5105,1999,17366
5105,2000,17053
5105,2001,15799
5105,2002,16032
5105,2003,15920
5105,2004,14400
5105,2005,15133
5105,2006,15501
5105,2007,14660
5105,2008,15071
5105,2009,14871
5105,2010,14321
5105,2011,13778
5105,2012,13123
5105,2013,13100
5105,2014,12890
5105,2015,12174
5105,2016,12058
5105,2017,12233
5105,2018,11789
52,1992,30606
52,1993,26276
52,1994,12172
52,1995,6855
52,1996,6547
52,1997,8829
52,1998,8566
52,1999,5048
52,2000,10099
52,2001,7454
52,2002,1915
52,2003,2742
52,2004,3814
52,2005,4175
52,2006,2835
52,2007,1705
52,2008,1454
52,2009,1527
52,2010,1898
52,2011,2099
52,2012,2504
52,2013,2020
52,2014,1673
52,2015,2028
52,2016,2098
52,2017,3111
52,2018,3697
52,2019,3534
5200,1961,5706257
5200,1962,6298726
5200,1963,6486005
5200,1964,6115751
5200,1965,5502214
5200,1966,5476378
5200,1967,5662333
5200,1968,5207351
5200,1969,5432252
5200,1970,5609760
5200,1971,5203852
5200,1972,5300133
5200,1973,5360852
5200,1974,6151704
5200,1975,6479295
5200,1976,6370796
5200,1977,6110321
5200,1978,6476678
5200,1979,5391351
5200,1980,5969802
5200,1981,6320293
5200,1982,6203603
5200,1983,5128051
5200,1984,5655214
5200,1985,5188846
5200,1986,4304571
5200,1987,4346966
5200,1988,4803991
5200,1989,4914252
5200,1990,5318663
5200,1991,5455640
5200,1992,5993254
5200,1993,6150495
5200,1994,5590614
5200,1995,4689760
5200,1996,5314532
5200,1997,6276422
5200,1998,5438472
5200,1999,5296729
5200,2000,4564383
5200,2001,4381304
5200,2002,4466472
5200,2003,4237559
5200,2004,5238846
5200,2005,4680031
5200,2006,4823979
5200,2007,4919006
5200,2008,4733135
5200,2009,4802889
5200,2010,4361631
5200,2011,4597004
5200,2012,4485571
5200,2013,4503228
5200,2014,4889020
5200,2015,4518690
5200,2016,3745427
5200,2017,4493362
5200,2018,3787455
5203,1961,4590076
5203,1962,5093290
5203,1963,5148497
5203,1964,4822879
5203,1965,4092208
5203,1966,4277487
5203,1967,4406369
5203,1968,3893130
5203,1969,4136297
5203,1970,4297895
5203,1971,3893619
5203,1972,3911567
5203,1973,4038488
5203,1974,4542131
5203,1975,4881690
5203,1976,4686633
5203,1977,4328639
5203,1978,4601064
5203,1979,3434224
5203,1980,4083301
5203,1981,4666468
5203,1982,4350330
5203,1983,3372502
5203,1984,3887959
5203,1985,3478051
5203,1986,2649471
5203,1987,2674476
5203,1988,3029348
5203,1989,3096368
5203,1990,3571604
5203,1991,3714033
5203,1992,3776240
5203,1993,3605047
5203,1994,3512612
5203,1995,2892770
5203,1996,3382049
5203,1997,3953945
5203,1998,3315679
5203,1999,2922458
5203,2000,2363688
5203,2001,2260894
5203,2002,1999501
5203,2003,1825818
5203,2004,1970932
5203,2005,1491373
5203,2006,1660782
5203,2007,1785758
5203,2008,1792066
5203,2009,1828948
5203,2010,1606561
5203,2011,1353686
5203,2012,1679736
5203,2013,1591366
5203,2014,1896320
5203,2015,1573088
5203,2016,1380836
5203,2017,1539635
5203,2018,1172534
5204,1961,192138
5204,1962,201608
5204,1963,205702
5204,1964,204572
5204,1965,191336
5204,1966,190218
5204,1967,166947
5204,1968,178811
5204,1969,219569
5204,1970,224230
5204,1971,250814
5204,1972,220585
5204,1973,200786
5204,1974,237466
5204,1975,245085
5204,1976,248288
5204,1977,232424
5204,1978,258431
5204,1979,281888
5204,1980,322490
5204,1981,254683
5204,1982,275770
5204,1983,240703
5204,1984,188989
5204,1985,192225
5204,1986,212443
5204,1987,182772
5204,1988,197244
5204,1989,181973
5204,1990,152215
5204,1991,139449
5204,1992,138141
5204,1993,221948
5204,1994,249759
5204,1995,153513
5204,1996,167873
5204,1997,150849
5204,1998,176311
5204,1999,166806
5204,2000,168340
5204,2001,162328
5204,2002,133557
5204,2003,137277
5204,2004,138942
5204,2005,131134
5204,2006,142489
5204,2007,130199
5204,2008,122684
5204,2009,112506
5204,2010,111347
5204,2011,126636
5204,2012,136511
5204,2013,136593
5204,2014,141137
5204,2015,140617
5204,2016,139823
5204,2017,146325
5204,2018,142069
5206,1961,236450
5206,1962,244082
5206,1963,280873
5206,1964,262423
5206,1965,270075
5206,1966,150769
5206,1967,127343
5206,1968,110430
5206,1969,104170
5206,1970,98529
5206,1971,89053
5206,1972,110952
5206,1973,144780
5206,1974,128917
5206,1975,115514
5206,1976,144542
5206,1977,115396
5206,1978,160802
5206,1979,135347
5206,1980,109140
5206,1981,114441
5206,1982,92518
5206,1983,89591
5206,1984,79854
5206,1985,86006
5206,1986,71928
5206,1987,77441
5206,1988,75436
5206,1989,79617
5206,1990,50240
5206,1991,63854
5206,1992,54008
5206,1993,50872
5206,1994,37013
5206,1995,55899
5206,1996,63782
5206,1997,70831
5206,1998,111331
5206,1999,46149
5206,2000,11372
5206,2001,14657
5206,2002,15050
5206,2003,22753
5206,2004,25071
5206,2005,29483
5206,2006,29183
5206,2007,36952
5206,2008,27125
5206,2009,34198
5206,2010,24484
5206,2011,30312
5206,2012,27017
5206,2013,27123
5206,2014,26900
5206,2015,36524
5206,2016,26182
5206,2017,30468
5206,2018,30813
5207,1961,687592
5207,1962,759746
5207,1963,850933
5207,1964,825877
5207,1965,948596
5207,1966,857904
5207,1967,961674
5207,1968,1024981
5207,1969,972217
5207,1970,989106
5207,1971,970365
5207,1972,1057029
5207,1973,976798
5207,1974,1243190
5207,1975,1237006
5207,1976,1291334
5207,1977,1433861
5207,1978,1456381
5207,1979,1539893
5207,1980,1454871
5207,1981,1284700
5207,1982,1484986
5207,1983,1425255
5207,1984,1498412
5207,1985,1432564
5207,1986,1370729
5207,1987,1412277
5207,1988,1501964
5207,1989,1556294
5207,1990,1544604
5207,1991,1538304
5207,1992,2024865
5207,1993,2272629
5207,1994,1791230
5207,1995,1587577
5207,1996,1700829
5207,1997,2100798
5207,1998,1835151
5207,1999,2161317
5207,2000,2020983
5207,2001,1943425
5207,2002,2318363
5207,2003,2251711
5207,2004,3103901
5207,2005,3028041
5207,2006,2991525
5207,2007,2966096
5207,2008,2791260
5207,2009,2827238
5207,2010,2619239
5207,2011,3086370
5207,2012,2642306
5207,2013,2748145
5207,2014,2824664
5207,2015,2768461
5207,2016,2198586
5207,2017,2776934
5207,2018,2442039
5300,1961,5364985
5300,1962,5787695
5300,1963,6463071
5300,1964,8255838
5300,1965,7810023
5300,1966,8728419
5300,1967,9320596
5300,1968,8963081
5300,1969,8205454
5300,1970,7711809
5300,1971,7867771
5300,1972,8590852
5300,1973,8806203
5300,1974,9029466
5300,1975,9124834
5300,1976,10042689
5300,1977,10046767
5300,1978,10947820
5300,1979,9184802
5300,1980,8716615
5300,1981,10229411
5300,1982,12825552
5300,1983,10419154
5300,1984,11240294
5300,1985,12630936
5300,1986,10334484
5300,1987,10894087
5300,1988,12877002
5300,1989,13297053
5300,1990,13078274
5300,1991,13826776
5300,1992,15948667
5300,1993,15863353
5300,1994,11461194
5300,1995,11658260
5300,1996,14246600
5300,1997,17724479
5300,1998,11852777
5300,1999,12267476
5300,2000,12102861
5300,2001,10844142
5300,2002,11325777
5300,2003,10229247
5300,2004,10816822
5300,2005,11552318
5300,2006,11345013
5300,2007,10099431
5300,2008,11563217
5300,2009,12344841
5300,2010,12092794
5300,2011,12696348
5300,2012,13538025
5300,2013,13420057
5300,2014,12079237
5300,2015,11099667
5300,2016,10700636
5300,2017,10250068
5300,2018,9746899
5301,1992,36618
5301,1993,41779
5301,1994,32662
5301,1995,18460
5301,1996,17784
5301,1997,26872
5301,1998,42094
5301,1999,38451
5301,2000,54509
5301,2001,45047
5301,2002,39790
5301,2003,37614
5301,2004,38385
5301,2005,39665
5301,2006,37837
5301,2007,31433
5301,2008,27092
5301,2009,25490
5301,2010,16279
5301,2011,16021
5301,2012,15179
5301,2013,14912
5301,2014,11819
5301,2015,10125
5301,2016,8979
5301,2017,9664
5301,2018,10491
5302,1961,3925466
5302,1962,4329059
5302,1963,4822741
5302,1964,6286706
5302,1965,6103995
5302,1966,6906370
5302,1967,7258689
5302,1968,6981632
5302,1969,6280642
5302,1970,5826039
5302,1971,5859012
5302,1972,6375042
5302,1973,6907882
5302,1974,6755411
5302,1975,7045407
5302,1976,7345567
5302,1977,7611374
5302,1978,8269176
5302,1979,6796487
5302,1980,6284682
5302,1981,7959809
5302,1982,10278409
5302,1983,7704063
5302,1984,8853631
5302,1985,10227486
5302,1986,8142905
5302,1987,8564392
5302,1988,10530623
5302,1989,10639028
5302,1990,10079595
5302,1991,11079997
5302,1992,12597157
5302,1993,12466261
5302,1994,8977571
5302,1995,9052629
5302,1996,11541226
5302,1997,14591963
5302,1998,8839940
5302,1999,9252550
5302,2000,9448096
5302,2001,8729621
5302,2002,8906239
5302,2003,8089040
5302,2004,8581287
5302,2005,9286052
5302,2006,9280336
5302,2007,8218037
5302,2008,9571114
5302,2009,10226389
5302,2010,9894282
5302,2011,10241190
5302,2012,10907785
5302,2013,10789777
5302,2014,9638423
5302,2015,8647897
5302,2016,8321941
5302,2017,7787509
5302,2018,7290659
5303,1961,563284
5303,1962,617187
5303,1963,600293
5303,1964,661768
5303,1965,678747
5303,1966,616208
5303,1967,746975
5303,1968,752842
5303,1969,741215
5303,1970,705849
5303,1971,754112
5303,1972,820520
5303,1973,708433
5303,1974,816062
5303,1975,671296
5303,1976,668213
5303,1977,767306
5303,1978,857803
5303,1979,851096
5303,1980,919852
5303,1981,953299
5303,1982,1012426
5303,1983,1054059
5303,1984,961690
5303,1985,984047
5303,1986,912095
5303,1987,888617
5303,1988,759797
5303,1989,884033
5303,1990,964192
5303,1991,965242
5303,1992,1025651
5303,1993,1061747
5303,1994,984109
5303,1995,979758
5303,1996,948435
5303,1997,1079314
5303,1998,1107715
5303,1999,1191525
5303,2000,910970
5303,2001,654703
5303,2002,949616
5303,2003,849496
5303,2004,892912
5303,2005,937912
5303,2006,924435
5303,2007,862059
5303,2008,844805
5303,2009,983013
5303,2010,1114438
5303,2011,1311814
5303,2012,1306341
5303,2013,1248119
5303,2014,1197172
5303,2015,1251465
5303,2016,1277882
5303,2017,1281519
5303,2018,1294112
5304,1961,345883
5304,1962,364666
5304,1963,376791
5304,1964,335642
5304,1965,333960
5304,1966,366701
5304,1967,354156
5304,1968,391950
5304,1969,420730
5304,1970,403302
5304,1971,354568
5304,1972,454736
5304,1973,395307
5304,1974,414528
5304,1975,422350
5304,1976,446303
5304,1977,454210
5304,1978,402821
5304,1979,463410
5304,1980,378939
5304,1981,472153
5304,1982,505481
5304,1983,506655
5304,1984,543821
5304,1985,574115
5304,1986,492908
5304,1987,530644
5304,1988,515205
5304,1989,477658
5304,1990,615234
5304,1991,625285
5304,1992,650925
5304,1993,619682
5304,1994,516296
5304,1995,548498
5304,1996,560111
5304,1997,558927
5304,1998,559117
5304,1999,513774
5304,2000,622512
5304,2001,596473
5304,2002,598329
5304,2003,618262
5304,2004,545644
5304,2005,538730
5304,2006,525621
5304,2007,513756
5304,2008,545378
5304,2009,604846
5304,2010,687346
5304,2011,783412
5304,2012,835505
5304,2013,803504
5304,2014,747362
5304,2015,703898
5304,2016,601563
5304,2017,594511
5304,2018,659387
5305,1961,530353
5305,1962,476783
5305,1963,663246
5305,1964,971721
5305,1965,693321
5305,1966,839140
5305,1967,960775
5305,1968,836656
5305,1969,762867
5305,1970,776619
5305,1971,900079
5305,1972,940554
5305,1973,794581
5305,1974,1043465
5305,1975,985782
5305,1976,1582606
5305,1977,1213878
5305,1978,1418020
5305,1979,1073809
5305,1980,1133142
5305,1981,844150
5305,1982,1029236
5305,1983,1154377
5305,1984,881152
5305,1985,845287
5305,1986,786577
5305,1987,910434
5305,1988,1071377
5305,1989,1296333
5305,1990,1419253
5305,1991,1156251
5305,1992,1638315
5305,1993,1673883
5305,1994,950557
5305,1995,1058914
5305,1996,1179045
5305,1997,1467403
5305,1998,1303912
5305,1999,1271177
5305,2000,1066774
5305,2001,818299
5305,2002,831803
5305,2003,634835
5305,2004,758594
5305,2005,749960
5305,2006,576784
5305,2007,474147
5305,2008,574828
5305,2009,505103
5305,2010,380449
5305,2011,343911
5305,2012,473215
5305,2013,563745
5305,2014,484461
5305,2015,486282
5305,2016,490270
5305,2017,576865
5305,2018,492251
5400,1961,1038294
5400,1962,1350001
5400,1963,1706547
5400,1964,1975577
5400,1965,1755221
5400,1966,1648748
5400,1967,1810264
5400,1968,1661185
5400,1969,1522254
5400,1970,1651711
5400,1971,1582151
5400,1972,1762690
5400,1973,1784767
5400,1974,1705483
5400,1975,2070245
5400,1976,2302717
5400,1977,1883760
5400,1978,1961665
5400,1979,2166088
5400,1980,1879127
5400,1981,2084394
5400,1982,2209819
5400,1983,2022357
5400,1984,2355431
5400,1985,2283759
5400,1986,2297337
5400,1987,2299624
5400,1988,2223467
5400,1989,2067390
5400,1990,2057694
5400,1991,2055032
5400,1992,2114276
5400,1993,1919149
5400,1994,1687809
5400,1995,1629757
5400,1996,1710467
5400,1997,1772007
5400,1998,1752343
5400,1999,1707426
5400,2000,1633094
5400,2001,1697080
5400,2002,1622083
5400,2003,1610397
5400,2004,1596749
5400,2005,1543185
5400,2006,1060349
5400,2007,1051063
5400,2008,988865
5400,2009,1055189
5400,2010,1011776
5400,2011,924082
5400,2012,806270
5400,2013,829297
5400,2014,832528
5400,2015,757712
5400,2016,728925
5400,2017,719388
5400,2018,609675
5401,1961,309179
5401,1962,449628
5401,1963,553288
5401,1964,736729
5401,1965,541849
5401,1966,568610
5401,1967,592131
5401,1968,596290
5401,1969,547318
5401,1970,595863
5401,1971,565015
5401,1972,699008
5401,1973,659981
5401,1974,638639
5401,1975,772789
5401,1976,866719
5401,1977,627883
5401,1978,617756
5401,1979,711493
5401,1980,548630
5401,1981,664739
5401,1982,721148
5401,1983,606039
5401,1984,702573
5401,1985,675616
5401,1986,714601
5401,1987,709363
5401,1988,606162
5401,1989,414828
5401,1990,389762
5401,1991,378413
5401,1992,394999
5401,1993,348528
5401,1994,309612
5401,1995,226599
5401,1996,262011
5401,1997,325703
5401,1998,273495
5401,1999,280533
5401,2000,234411
5401,2001,276127
5401,2002,282668
5401,2003,264904
5401,2004,304777
5401,2005,274140
5401,2006,208755
5401,2007,222534
5401,2008,235450
5401,2009,253457
5401,2010,222183
5401,2011,219033
5401,2012,177409
5401,2013,190173
5401,2014,180373
5401,2015,142066
5401,2016,127496
5401,2017,123461
5401,2018,110675
5403,1961,519700
5403,1962,664206
5403,1963,901061
5403,1964,975982
5403,1965,946113
5403,1966,815205
5403,1967,949271
5403,1968,784607
5403,1969,721933
5403,1970,794972
5403,1971,772706
5403,1972,785169
5403,1973,839076
5403,1974,791521
5403,1975,1025103
5403,1976,1111237
5403,1977,1010756
5403,1978,1071208
5403,1979,1181751
5403,1980,1096402
5403,1981,1186454
5403,1982,1255460
5403,1983,1208444
5403,1984,1441856
5403,1985,1395732
5403,1986,1359780
5403,1987,1382603
5403,1988,1419910
5403,1989,1470876
5403,1990,1505397
5403,1991,1532716
5403,1992,1578994
5403,1993,1421782
5403,1994,1230593
5403,1995,1266753
5403,1996,1303102
5403,1997,1325922
5403,1998,1356646
5403,1999,1304286
5403,2000,1267247
5403,2001,1282065
5403,2002,1215928
5403,2003,1224452
5403,2004,1191846
5403,2005,1162564
5403,2006,727705
5403,2007,724155
5403,2008,639761
5403,2009,689334
5403,2010,676888
5403,2011,605438
5403,2012,536436
5403,2013,558860
5403,2014,571706
5403,2015,535846
5403,2016,527163
5403,2017,525515
5403,2018,457486
5404,1961,209415
5404,1962,236167
5404,1963,252199
5404,1964,262866
5404,1965,267259
5404,1966,264933
5404,1967,268862
5404,1968,280288
5404,1969,253003
5404,1970,260877
5404,1971,244430
5404,1972,278513
5404,1973,285710
5404,1974,275323
5404,1975,272353
5404,1976,324760
5404,1977,245121
5404,1978,272701
5404,1979,272844
5404,1980,234096
5404,1981,233202
5404,1982,233212
5404,1983,207874
5404,1984,211002
5404,1985,212411
5404,1986,222956
5404,1987,207658
5404,1988,197395
5404,1989,181686
5404,1990,162535
5404,1991,143903
5404,1992,140284
5404,1993,148840
5404,1994,147603
5404,1995,136405
5404,1996,145354
5404,1997,120382
5404,1998,122202
5404,1999,122607
5404,2000,131435
5404,2001,138888
5404,2002,123488
5404,2003,121041
5404,2004,100127
5404,2005,106482
5404,2006,123889
5404,2007,104374
5404,2008,113654
5404,2009,112398
5404,2010,112705
5404,2011,99612
5404,2012,92425
5404,2013,80264
5404,2014,80449
5404,2015,79799
5404,2016,74266
5404,2017,70412
5404,2018,41514
5500,1961,155810
5500,1962,117808
5500,1963,141654
5500,1964,179179
5500,1965,131021
5500,1966,142763
5500,1967,145592
5500,1968,128980
5500,1969,177780
5500,1970,196185
5500,1971,195138
5500,1972,165955
5500,1973,175790
5500,1974,169697
5500,1975,160235
5500,1976,154701
5500,1977,167054
5500,1978,156017
5500,1979,155489
5500,1980,156432
5500,1981,150742
5500,1982,137467
5500,1983,138866
5500,1984,149520
5500,1985,129280
5500,1986,110710
5500,1987,126016
5500,1988,131871
5500,1989,118109
5500,1990,127456
5500,1991,130721
5500,1992,119135
5500,1993,117321
5500,1994,86615
5500,1995,70231
5500,1996,88646
5500,1997,89621
5500,1998,87672
5500,1999,73060
5500,2000,80439
5500,2001,93268
5500,2002,93268
5500,2003,66956
5500,2004,39193
5500,2005,37359
5500,2006,41453
5500,2007,41276
5500,2008,40655
5500,2009,37836
5500,2010,35255
5500,2011,32789
5500,2012,30333
5500,2013,27867
5500,2014,25390
5500,2015,24322
5500,2016,22643
5500,2017,21110
5500,2018,19804
5501,1961,155810
5501,1962,117808
5501,1963,141654
5501,1964,179179
5501,1965,131021
5501,1966,142763
5501,1967,145592
5501,1968,128980
5501,1969,177780
5501,1970,196185
5501,1971,195138
5501,1972,165955
5501,1973,175790
5501,1974,169697
5501,1975,160235
5501,1976,154701
5501,1977,167054
5501,1978,156017
5501,1979,155489
5501,1980,156432
5501,1981,150742
5501,1982,137467
5501,1983,138866
5501,1984,149520
5501,1985,129280
5501,1986,110710
5501,1987,126016
5501,1988,131871
5501,1989,118109
5501,1990,127456
5501,1991,130721
5501,1992,119135
5501,1993,117321
5501,1994,86615
5501,1995,70231
5501,1996,88646
5501,1997,89621
5501,1998,87672
5501,1999,73060
5501,2000,80439
5501,2001,93268
5501,2002,93268
5501,2003,66956
5501,2004,39193
5501,2005,37359
5501,2006,41453
5501,2007,41276
5501,2008,40655
5501,2009,37836
5501,2010,35255
5501,2011,32789
5501,2012,30333
5501,2013,27867
5501,2014,25390
5501,2015,24322
5501,2016,22643
5501,2017,21110
5501,2018,19804
56,1961,75126
56,1962,63765
56,1963,78484
56,1964,72008
56,1965,47397
56,1966,52279
56,1967,52828
56,1968,41917
56,1969,54185
56,1970,57045
56,1971,58321
56,1972,66735
56,1973,111484
56,1974,86027
56,1975,88491
56,1976,116000
56,1977,89247
56,1978,138538
56,1979,113896
56,1980,95619
56,1981,102806
56,1982,87371
56,1983,85799
56,1984,71328
56,1985,80243
56,1986,66415
56,1987,73263
56,1988,71504
56,1989,75864
56,1990,46845
56,1991,60575
56,1992,50850
56,1993,47775
56,1994,34484
56,1995,53574
56,1996,61480
56,1997,68698
56,1998,109071
56,1999,43770
56,2000,8682
56,2001,11683
56,2002,11790
56,2003,19318
56,2004,21480
56,2005,25695
56,2006,24854
56,2007,32872
56,2008,23141
56,2009,30160
56,2010,20616
56,2011,26617
56,2012,23578
56,2013,23652
56,2014,23420
56,2015,33030
56,2016,22722
56,2017,27031
56,2018,27402
56,2019,19381
5706,1961,1005316
5706,1962,1299593
5706,1963,1644837
5706,1964,1916691
5706,1965,1709583
5706,1966,1591472
5706,1967,1751772
5706,1968,1610892
5706,1969,1469772
5706,1970,1594406
5706,1971,1528103
5706,1972,1703930
5706,1973,1722199
5706,1974,1643836
5706,1975,2012106
5706,1976,2240480
5706,1977,1835001
5706,1978,1906285
5706,1979,2093907
5706,1980,1817953
5706,1981,2016235
5706,1982,2144546
5706,1983,1954798
5706,1984,2283816
5706,1985,2214298
5706,1986,2214345
5706,1987,2222183
5706,1988,2166802
5706,1989,1999035
5706,1990,2008383
5706,1991,2017264
5706,1992,1903487
5706,1993,1688842
5706,1994,1523859
5706,1995,1495761
5706,1996,1587244
5706,1997,1624406
5706,1998,1568441
5706,1999,1532449
5706,2000,1480846
5706,2001,1561849
5706,2002,1498213
5706,2003,1499643
5706,2004,1486942
5706,2005,1412186
5706,2006,922171
5706,2007,931532
5706,2008,878056
5706,2009,928487
5706,2010,857479
5706,2011,783036
5706,2012,677490
5706,2013,694874
5706,2014,697552
5706,2015,635115
5706,2016,605418
5706,2017,607581
5706,2018,487729
5707,1961,1005316
5707,1962,1299593
5707,1963,1644837
5707,1964,1916691
5707,1965,1709583
5707,1966,1591472
5707,1967,1751772
5707,1968,1610892
5707,1969,1469772
5707,1970,1594406
5707,1971,1528103
5707,1972,1703930
5707,1973,1722199
5707,1974,1643836
5707,1975,2012106
5707,1976,2240480
5707,1977,1835001
5707,1978,1906285
5707,1979,2093907
5707,1980,1817953
5707,1981,2016235
5707,1982,2144546
5707,1983,1954798
5707,1984,2283816
5707,1985,2214298
5707,1986,2214345
5707,1987,2222183
5707,1988,2166802
5707,1989,1999035
5707,1990,2008383
5707,1991,2017264
5707,1992,1903487
5707,1993,1688842
5707,1994,1523859
5707,1995,1495761
5707,1996,1587244
5707,1997,1624406
5707,1998,1568441
5707,1999,1532449
5707,2000,1480846
5707,2001,1561849
5707,2002,1498213
5707,2003,1499643
5707,2004,1486942
5707,2005,1412186
5707,2006,922171
5707,2007,931532
5707,2008,878056
5707,2009,928487
5707,2010,857479
5707,2011,783036
5707,2012,677490
5707,2013,694874
5707,2014,697552
5707,2015,635115
5707,2016,605418
5707,2017,607581
5707,2018,487729
58,1961,1758
58,1962,2022
58,1963,1797
58,1964,3832
58,1965,4956
58,1966,3402
58,1967,2983
58,1968,2543
58,1969,3086
58,1970,4462
58,1971,3439
58,1972,2409
58,1973,2657
58,1974,4650
58,1975,4131
58,1976,4751
58,1977,3904
58,1978,5187
58,1979,7156
58,1980,6769
58,1981,7354
58,1982,6742
58,1983,3644
58,1984,9161
58,1985,6327
58,1986,7265
58,1987,7734
58,1988,8593
58,1989,4063
58,1990,5274
58,1991,7530
58,1992,10072
58,1993,6664
58,1994,6395
58,1995,3357
58,1996,3751
58,1997,7953
58,1998,7149
58,1999,7955
58,2000,10494
58,2001,10172
58,2002,14799
58,2003,16439
58,2004,17249
58,2005,15875
58,2006,16113
58,2007,16319
58,2008,16526
58,2009,16732
58,2010,16342
58,2011,16445
58,2012,16162
58,2013,15970
58,2014,15098
58,2015,14607
58,2016,14109
58,2017,8519
58,2018,13022
58,2019,9508
5801,1961,108636
5801,1962,120083
5801,1963,121576
5801,1964,150691
5801,1965,155707
5801,1966,158452
5801,1967,182042
5801,1968,188953
5801,1969,194098
5801,1970,172075
5801,1971,188865
5801,1972,179070
5801,1973,184427
5801,1974,183681
5801,1975,184248
5801,1976,225482
5801,1977,263501
5801,1978,169557
5801,1979,224948
5801,1980,180040
5801,1981,186536
5801,1982,197410
5801,1983,186301
5801,1984,183097
5801,1985,180764
5801,1986,179944
5801,1987,195448
5801,1988,199201
5801,1989,206267
5801,1990,257034
5801,1991,244589
5801,1992,252962
5801,1993,263265
5801,1994,254283
5801,1995,224589
5801,1996,220042
5801,1997,226651
5801,1998,208504
5801,1999,174139
5801,2000,242209
5801,2001,208906
5801,2002,216990
5801,2003,233784
5801,2004,269338
5801,2005,308060
5801,2006,306211
5801,2007,315207
5801,2008,355939
5801,2009,394442
5801,2010,502323
5801,2011,512859
5801,2012,472578
5801,2013,454425
5801,2014,494543
5801,2015,473112
5801,2016,482588
5801,2017,402322
5801,2018,452942
5802,1961,347060
5802,1962,358882
5802,1963,331812
5802,1964,514803
5802,1965,432298
5802,1966,418061
5802,1967,352886
5802,1968,279525
5802,1969,444978
5802,1970,269502
5802,1971,307642
5802,1972,318732
5802,1973,357424
5802,1974,371254
5802,1975,396699
5802,1976,521790
5802,1977,468897
5802,1978,366876
5802,1979,511395
5802,1980,489650
5802,1981,323073
5802,1982,389142
5802,1983,412310
5802,1984,490843
5802,1985,440672
5802,1986,446155
5802,1987,476280
5802,1988,451766
5802,1989,500317
5802,1990,548521
5802,1991,682238
5802,1992,984470
5802,1993,987204
5802,1994,820131
5802,1995,749666
5802,1996,737084
5802,1997,767105
5802,1998,868512
5802,1999,772791
5802,2000,864568
5802,2001,743298
5802,2002,578119
5802,2003,512992
5802,2004,499295
5802,2005,518549
5802,2006,386337
5802,2007,534798
5802,2008,546774
5802,2009,669958
5802,2010,723507
5802,2011,741277
5802,2012,746867
5802,2013,734191
5802,2014,851063
5802,2015,797168
5802,2016,796702
5802,2017,538322
5802,2018,967628
5803,1961,240957
5803,1962,247753
5803,1963,284593
5803,1964,265584
5803,1965,274463
5803,1966,155053
5803,1967,131854
5803,1968,115911
5803,1969,107692
5803,1970,102539
5803,1971,93736
5803,1972,115034
5803,1973,149327
5803,1974,134002
5803,1975,120429
5803,1976,149445
5803,1977,120593
5803,1978,166710
5803,1979,140599
5803,1980,115976
5803,1981,120449
5803,1982,95623
5803,1983,93192
5803,1984,83972
5803,1985,89692
5803,1986,76076
5803,1987,81403
5803,1988,79666
5803,1989,84141
5803,1990,53757
5803,1991,67639
5803,1992,58226
5803,1993,55310
5803,1994,41467
5803,1995,60318
5803,1996,67590
5803,1997,73955
5803,1998,114364
5803,1999,49039
5803,2000,13808
5803,2001,17063
5803,2002,17149
5803,2003,24596
5803,2004,26616
5803,2005,30763
5803,2006,30473
5803,2007,38320
5803,2008,28626
5803,2009,35690
5803,2010,25705
5803,2011,31805
5803,2012,28077
5803,2013,28248
5803,2014,28046
5803,2015,37692
5803,2016,27307
5803,2017,31657
5803,2018,32033
5815,1961,788393
5815,1962,826166
5815,1963,784451
5815,1964,997622
5815,1965,894387
5815,1966,829288
5815,1967,829455
5815,1968,768345
5815,1969,921281
5815,1970,732776
5815,1971,814607
5815,1972,874411
5815,1973,852390
5815,1974,963338
5815,1975,866778
5815,1976,942915
5815,1977,973584
5815,1978,1082494
5815,1979,1095724
5815,1980,1125862
5815,1981,1026036
5815,1982,1133064
5815,1983,1245083
5815,1984,1233580
5815,1985,1180975
5815,1986,1142828
5815,1987,1176978
5815,1988,1041067
5815,1989,1218577
5815,1990,1290724
5815,1991,1467514
5815,1992,1617207
5815,1993,1608662
5815,1994,1458294
5815,1995,1477048
5815,1996,1429367
5815,1997,1544680
5815,1998,1634449
5815,1999,1688175
5815,2000,1466175
5815,2001,1156628
5815,2002,1303598
5815,2003,1177731
5815,2004,1233359
5815,2005,1276475
5815,2006,1197389
5815,2007,1312421
5815,2008,1279835
5815,2009,1534392
5815,2010,1628231
5815,2011,1869100
5815,2012,1856433
5815,2013,1843197
5815,2014,1916373
5815,2015,1861696
5815,2016,1854808
5815,2017,1713857
5815,2018,2104515
5817,1961,328397
5817,1962,336472
5817,1963,361480
5817,1964,399750
5817,1965,394343
5817,1966,430586
5817,1967,491681
5817,1968,496090
5817,1969,507752
5817,1970,495016
5817,1971,522577
5817,1972,502897
5817,1973,515834
5817,1974,506937
5817,1975,500236
5817,1976,566312
5817,1977,597059
5817,1978,563364
5817,1979,652574
5817,1980,656475
5817,1981,642160
5817,1982,655884
5817,1983,627048
5817,1984,585580
5817,1985,589621
5817,1986,554333
5817,1987,545202
5817,1988,549790
5817,1989,562472
5817,1990,577702
5817,1991,569093
5817,1992,594526
5817,1993,630707
5817,1994,643599
5817,1995,598654
5817,1996,569245
5817,1997,602498
5817,1998,603631
5817,1999,473735
5817,2000,516284
5817,2001,459208
5817,2002,483287
5817,2003,489686
5817,2004,530390
5817,2005,589517
5817,2006,585411
5817,2007,586735
5817,2008,609529
5817,2009,654383
5817,2010,771264
5817,2011,769692
5817,2012,716424
5817,2013,718209
5817,2014,761098
5817,2015,751716
5817,2016,764578
5817,2017,677178
5817,2018,721994
60,1961,5171
60,1962,6321
60,1963,6918
60,1964,6798
60,1965,6895
60,1966,6895
60,1967,6321
60,1968,6321
60,1969,6407
60,1970,6493
60,1971,10343
60,1972,10343
60,1973,10716
60,1974,11234
60,1975,16589
60,1976,12923
60,1977,12101
60,1978,13101
60,1979,23128
60,1980,23128
60,1981,25162
60,1982,25070
60,1983,27098
60,1984,8148
60,1985,7217
60,1986,6441
60,1987,7981
60,1988,5689
60,1989,3907
60,1990,4252
60,1991,4137
60,1992,4195
60,1993,4252
60,1994,4310
60,1995,7125
60,1996,5964
60,1997,5964
60,1998,5964
60,1999,6321
60,2000,6033
60,2001,6321
60,2002,6775
60,2003,7010
60,2004,7240
60,2005,7476
60,2006,7866
60,2007,8125
60,2008,8384
60,2009,8642
60,2010,8901
60,2011,9165
60,2012,9653
60,2013,9711
60,2014,9877
60,2015,10239
60,2016,10251
60,2017,10464
60,2018,10676
60,2019,10895
68,1961,127263
68,1962,146372
68,1963,150966
68,1964,161248
68,1965,182189
68,1966,175183
68,1967,175060
68,1968,192233
68,1969,165236
68,1970,172979
68,1971,159690
68,1972,186137
68,1973,187482
68,1974,183494
68,1975,189523
68,1976,230641
68,1977,170031
68,1978,200682
68,1979,192541
68,1980,170912
68,1981,157527
68,1982,159832
68,1983,134556
68,1984,132065
68,1985,133032
68,1986,139462
68,1987,139834
68,1988,121197
68,1989,106188
68,1990,102708
68,1991,93851
68,1992,88610
68,1993,90387
68,1994,94940
68,1995,82845
68,1996,85027
68,1997,69501
68,1998,58409
68,1999,60264
68,2000,65862
68,2001,68497
68,2002,52034
68,2003,46080
68,2004,35810
68,2005,36520
68,2006,70177
68,2007,58747
68,2008,60662
68,2009,63895
68,2010,68497
68,2011,52034
68,2012,46080
68,2013,35810
68,2014,36520
68,2015,35888
68,2016,31974
68,2017,29350
68,2018,25685
68,2019,19775
73,1992,4925
73,1993,2785
73,1994,2021
73,1995,1263
73,1996,1263
73,1997,253
73,1998,4313
73,1999,2707
73,2000,2343
73,2001,2063
73,2002,2608
73,2003,1748
73,2004,1845
73,2005,1382
73,2006,379
73,2007,126
73,2008,126
73,2009,126
73,2010,279
73,2011,460
73,2012,530
73,2013,530
73,2014,530
73,2015,586
73,2016,729
73,2017,729
73,2018,729
73,2019,729
79,1961,51818
79,1962,58294
79,1963,71396
79,1964,68756
79,1965,58427
79,1966,59467
79,1967,58486
79,1968,56066
79,1969,53748
79,1970,54732
79,1971,54277
79,1972,61216
79,1973,69109
79,1974,61193
79,1975,56317
79,1976,60518
79,1977,55003
79,1978,47421
79,1979,50429
79,1980,41729
79,1981,46181
79,1982,47087
79,1983,44549
79,1984,49162
79,1985,54007
79,1986,53952
79,1987,45659
79,1988,50253
79,1989,48946
79,1990,40956
79,1991,27023
79,1992,31824
79,1993,34135
79,1994,30369
79,1995,26815
79,1996,32605
79,1997,33358
79,1998,38544
79,1999,43776
79,2000,43090
79,2001,44879
79,2002,44326
79,2003,45600
79,2004,39622
79,2005,42741
79,2006,33401
79,2007,30361
79,2008,32711
79,2009,32256
79,2010,24183
79,2011,26513
79,2012,28121
79,2013,26442
79,2014,26858
79,2015,26333
79,2016,25089
79,2017,24391
80,1992,4665
80,1993,5459
80,1994,3110
80,1995,3335
80,1996,3110
80,1997,4043
80,1998,7100
80,1999,6363
80,2000,5095
80,2001,5711
80,2002,8043
80,2003,5098
80,2004,6602
80,2005,6874
80,2006,6089
80,2007,5077
80,2008,4817
80,2009,3769
80,2010,2883
80,2011,2853
80,2012,2323
80,2013,2817
80,2014,2817
80,2015,3415
80,2016,3600
80,2017,2737
80,2018,4222
80,2019,2228
81,1961,443
81,1962,517
81,1963,585
81,1964,667
81,1965,636
81,1966,450
81,1967,900
81,1968,825
81,1969,632
81,1970,691
81,1971,1041
81,1972,1284
81,1973,1916
81,1974,2460
81,1975,1728
81,1976,1508
81,1977,295
81,1978,443
81,1979,369
81,1980,369
81,1981,590
81,1982,886
81,1983,1328
81,1984,1771
81,1985,2094
81,1986,1476
81,1987,1476
81,1988,1476
81,1989,1476
81,1990,1129
81,1991,856
81,1992,1284
81,1993,1273
81,1994,1646
81,1995,1255
81,1996,1476
81,1997,1494
81,1998,1764
81,1999,996
81,2000,996
81,2001,996
81,2002,996
81,2003,996
81,2004,996
81,2005,1845
81,2006,1845
81,2007,1993
81,2008,1784
81,2009,1655
81,2010,1726
81,2011,1766
81,2012,1805
81,2013,1845
81,2014,1812
81,2015,1787
81,2016,1787
81,2017,1799
81,2018,1811
81,2019,1823
84,1961,303575
84,1962,365382
84,1963,527459
84,1964,547086
84,1965,513664
84,1966,425488
84,1967,466748
84,1968,366220
84,1969,326362
84,1970,387756
84,1971,360480
84,1972,350266
84,1973,375105
84,1974,338698
84,1975,487135
84,1976,579285
84,1977,489736
84,1978,527459
84,1979,522892
84,1980,479779
84,1981,535228
84,1982,565763
84,1983,473667
84,1984,593944
84,1985,615778
84,1986,658302
84,1987,633769
84,1988,609236
84,1989,543815
84,1990,554793
84,1991,661982
84,1992,762976
84,1993,674261
84,1994,578010
84,1995,607367
84,1996,610446
84,1997,600956
84,1998,598924
84,1999,591192
84,2000,560329
84,2001,580659
84,2002,546468
84,2003,556604
84,2004,547683
84,2005,508450
84,2006,152943
84,2007,120044
84,2008,110652
84,2009,109483
84,2010,122452
84,2011,131018
84,2012,140042
84,2013,166060
84,2014,167397
84,2015,151414
84,2016,154824
84,2017,133754
84,2018,92939
84,2019,92121
9,1961,133724
9,1962,130409
9,1963,151959
9,1964,134277
9,1965,145052
9,1966,123502
9,1967,174063
9,1968,171300
9,1969,147815
9,1970,182351
9,1971,170471
9,1972,203349
9,1973,196166
9,1974,269935
9,1975,270211
9,1976,261370
9,1977,248661
9,1978,174063
9,1979,193403
9,1980,171421
9,1981,140601
9,1982,189748
9,1983,205156
9,1984,216338
9,1985,166445
9,1986,183349
9,1987,192754
9,1988,199578
9,1989,222300
9,1990,186866
9,1991,261105
9,1992,301590
9,1993,310287
9,1994,226439
9,1995,218299
9,1996,271319
9,1997,340406
9,1998,321905
9,1999,313313
9,2000,316377
9,2001,271068
9,2002,365910
9,2003,320046
9,2004,434587
9,2005,445003
9,2006,398810
9,2007,352933
9,2008,360229
9,2009,374458
9,2010,367106
9,2011,373657
9,2012,318656
9,2013,310406
9,2014,351123
9,2015,301449
9,2016,258803
9,2017,323685
9,2018,287598
9,2019,293749
90,1961,63
90,1962,66
90,1963,69
90,1964,72
90,1965,75
90,1966,75
90,1967,75
90,1968,75
90,1969,75
90,1970,75
90,1971,75
90,1972,75
90,1973,75
90,1974,75
90,1975,78
90,1976,78
90,1977,80
90,1978,80
90,1979,83
90,1980,86
90,1981,86
90,1982,92
90,1983,98
90,1984,99
90,1985,100
90,1986,103
90,1987,103
90,1988,103
90,1989,103
90,1990,115
90,1991,125
90,1992,125
90,1993,125
90,1994,126
90,1995,126
90,1996,127
90,1997,127
90,1998,128
90,1999,128
90,2000,129
90,2001,129
90,2002,129
90,2003,130
90,2004,130
90,2005,129
90,2006,115
90,2007,109
90,2008,127
90,2009,133
90,2010,145
90,2011,144
90,2012,135
90,2013,135
90,2014,134
90,2015,134
90,2016,135
90,2017,135
90,2018,136
90,2019,136
95,1961,38705
95,1962,43759
95,1963,44739
95,1964,45407
95,1965,50763
95,1966,51711
95,1967,50763
95,1968,56032
95,1969,53877
95,1970,58553
95,1971,60762
95,1972,63079
95,1973,41130
95,1974,50558
95,1975,56506
95,1976,63941
95,1977,74846
95,1978,70880
95,1979,80654
95,1980,78693
95,1981,79188
95,1982,79673
95,1983,79673
95,1984,58284
95,1985,56819
95,1986,50935
95,1987,45601
95,1988,39179
95,1989,51549
95,1990,56010
95,1991,53877
95,1992,62691
95,1993,60202
95,1994,100922
95,1995,72820
95,1996,48381
95,1997,47412
95,1998,48381
95,1999,43586
95,2000,54254
95,2001,54847
95,2002,63079
95,2003,64157
95,2004,65234
95,2005,66312
95,2006,69404
95,2007,70040
95,2008,66635
95,2009,63101
95,2010,63101
95,2011,63165
95,2012,63230
95,2013,63305
95,2014,63305
95,2015,63219
95,2016,62928
95,2017,62971
95,2018,63025
95,2019,63068
97,1961,20249
97,1962,21958
97,1963,31487
97,1964,33726
97,1965,21746
97,1966,23123
97,1967,28191
97,1968,31600
97,1969,32314
97,1970,20745
97,1971,19204
97,1972,20482
97,1973,23149
97,1974,19778
97,1975,19744
97,1976,22852
97,1977,28492
97,1978,25576
97,1979,29752
97,1980,17448
97,1981,26899
97,1982,29119
97,1983,24218
97,1984,23868
97,1985,24721
97,1986,25075
97,1987,23285
97,1988,18923
97,1989,17277
97,1990,16016
97,1991,20645
97,1992,15450
97,1993,13130
97,1994,14183
97,1995,13264
97,1996,12195
97,1997,12898
97,1998,14784
97,1999,18499
97,2000,12363
97,2001,10531
97,2002,13310
97,2003,13485
97,2004,13457
97,2005,13424
97,2006,10783
97,2007,7428
97,2008,11383
97,2009,7875
97,2010,10579
97,2011,12879
97,2012,10962
97,2013,10235
97,2014,11154
97,2015,9376
97,2016,9447
97,2017,8918
97,2018,7841
97,2019,7204
98,1992,15771
98,1993,12975
98,1994,11659
98,1995,11571
98,1996,15258
98,1997,15349
98,1998,16424
98,1999,13605
98,2000,13149
98,2001,14216
98,2002,14761
98,2003,13103
98,2004,13933
98,2005,12966
98,2006,14688
98,2007,17109
98,2008,17416
98,2009,18068
98,2010,11494
98,2011,14407
98,2012,15955
98,2013,13312
98,2014,12405
98,2015,13715
98,2016,12152
98,2017,12742
98,2018,10233
98,2019,10667
