geo,year,ti_beverages_import_value_base_period_price
1,1992,637
1,1993,1076
1,1994,2673
1,1995,342
1,1996,3572
1,1997,1634
1,1998,471
1,1999,140
1,2000,110
1,2001,118
1,2002,508
1,2003,330
1,2004,467
1,2005,1659
1,2006,4067
1,2007,7424
1,2008,9774
1,2009,5993
1,2010,5531
1,2011,4128
1,2012,2898
1,2013,3270
1,2014,3373
1,2015,3771
1,2016,3952
1,2017,5786
1,2018,5860
1,2019,5593
1,2020,6752
1,2021,7795
1,2022,7943
1,2023,8532
10,1961,1313
10,1962,1163
10,1963,1377
10,1964,1397
10,1965,1384
10,1966,1547
10,1967,2061
10,1968,3079
10,1969,4713
10,1970,4771
10,1971,6107
10,1972,6323
10,1973,7763
10,1974,10382
10,1975,12437
10,1976,15077
10,1977,16893
10,1978,15943
10,1979,17809
10,1980,14420
10,1981,16524
10,1982,19766
10,1983,17906
10,1984,22766
10,1985,31712
10,1986,33569
10,1987,26389
10,1988,30834
10,1989,42979
10,1990,43590
10,1991,36223
10,1992,35082
10,1993,34991
10,1994,35995
10,1995,45480
10,1996,52932
10,1997,74021
10,1998,78894
10,1999,87024
10,2000,89803
10,2001,130956
10,2002,113528
10,2003,125932
10,2004,185417
10,2005,187413
10,2006,218874
10,2007,304699
10,2008,169848
10,2009,413058
10,2010,184920
10,2011,466001
10,2012,567403
10,2013,806805
10,2014,955751
10,2015,1059573
10,2016,1002008
10,2017,881472
10,2018,1274599
10,2019,672238
10,2020,612237
10,2021,890647
10,2022,1259507
10,2023,999767
100,1961,621
100,1962,357
100,1963,444
100,1964,327
100,1965,415
100,1966,150
100,1967,274
100,1968,381
100,1969,247
100,1970,180
100,1971,124
100,1972,114
100,1973,99
100,1974,306
100,1975,432
100,1976,298
100,1977,274
100,1978,235
100,1979,153
100,1980,146
100,1981,155
100,1982,172
100,1983,172
100,1984,294
100,1985,3639
100,1986,524
100,1987,1099
100,1988,1230
100,1989,2096
100,1990,531
100,1991,199
100,1992,420
100,1993,682
100,1994,941
100,1995,1545
100,1996,1215
100,1997,2013
100,1998,3651
100,1999,4866
100,2000,6589
100,2001,11911
100,2002,11261
100,2003,3103
100,2004,6834
100,2005,8980
100,2006,8859
100,2007,13560
100,2008,12976
100,2009,10130
100,2010,10237
100,2011,21701
100,2012,23800
100,2013,20928
100,2014,20963
100,2015,31232
100,2016,36155
100,2017,28471
100,2018,44617
100,2019,41170
100,2020,24509
100,2021,29202
100,2022,39211
100,2023,52287
101,1961,3740
101,1962,4680
101,1963,1802
101,1964,4114
101,1965,1205
101,1966,3297
101,1967,6140
101,1968,3398
101,1969,4184
101,1970,5539
101,1971,10114
101,1972,18443
101,1973,28994
101,1974,23972
101,1975,12115
101,1976,17808
101,1977,15810
101,1978,19170
101,1979,7949
101,1980,16550
101,1981,19075
101,1982,18677
101,1983,7463
101,1984,3492
101,1985,1701
101,1986,2274
101,1987,2679
101,1988,1980
101,1989,4208
101,1990,4610
101,1991,4750
101,1992,4285
101,1993,8577
101,1994,4970
101,1995,10599
101,1996,8039
101,1997,3416
101,1998,3503
101,1999,3182
101,2000,3785
101,2001,4331
101,2002,5500
101,2003,6908
101,2004,458
101,2005,1215
101,2006,77
101,2007,45
101,2008,1725
101,2009,283
101,2010,2361
101,2011,1572
101,2012,1079
101,2013,1076
101,2014,2665
101,2015,1687
101,2016,9365
101,2017,23599
101,2018,29417
101,2019,23122
101,2020,5102
101,2021,11406
101,2022,18577
101,2023,24178
102,1962,168
102,1965,97
102,1966,83
102,1967,61
102,1968,178
102,1969,182
102,1970,38
102,1971,63
102,1972,85
102,1973,61
102,1974,111
102,1975,211
102,1976,223
102,1977,29739
102,1978,48993
102,1979,16
102,2005,2399
102,2006,632
102,2007,4442
102,2008,6204
102,2009,47
102,2010,10
102,2011,14
102,2012,186
102,2013,81
102,2015,225
102,2019,72
102,2022,268
102,2023,80
103,1962,19
103,1963,18
103,1964,43
103,1965,56
103,1966,79
103,1967,60
103,1968,37
103,1969,52
103,1970,68
103,1971,70
103,1972,30
103,1973,26
103,1974,64
103,1975,1638
103,1976,1548
103,1977,3628
103,1978,10512
103,1979,13172
103,1980,4751
103,1981,12913
103,1982,21162
103,1983,12565
103,1984,13779
103,1985,12697
103,1986,10681
103,1987,11402
103,1988,11358
103,1989,12239
103,1990,13146
103,1991,12093
103,1992,5183
103,1993,1468
103,1994,518
103,1995,691
103,1996,1468
103,1997,216
103,1998,173
103,1999,26
103,2000,43
103,2001,643
103,2002,1117
103,2003,15806
103,2004,37353
103,2005,40425
103,2006,1200
103,2007,32297
103,2008,39261
103,2009,46929
103,2010,44454
103,2011,39531
103,2012,47473
103,2013,42808
103,2014,42622
103,2015,33284
103,2016,32802
103,2017,33749
103,2018,44202
103,2019,47069
103,2020,36491
103,2021,46437
103,2022,54602
103,2023,29697
104,1961,10427
104,1962,12442
104,1963,15398
104,1964,17817
104,1965,15696
104,1966,15513
104,1967,14139
104,1968,13480
104,1969,12563
104,1970,13387
104,1971,13759
104,1972,16219
104,1973,17812
104,1974,14000
104,1975,13556
104,1976,16448
104,1977,19212
104,1978,22008
104,1979,21647
104,1980,23572
104,1981,25479
104,1982,25466
104,1983,30025
104,1984,43655
104,1985,47378
104,1986,72046
104,1987,85162
104,1988,88715
104,1989,87555
104,1990,102531
104,1991,124593
104,1992,139977
104,1993,110361
104,1994,151039
104,1995,118836
104,1996,139768
104,1997,167871
104,1998,157249
104,1999,200711
104,2000,173599
104,2001,378121
104,2002,388545
104,2003,304721
104,2004,314251
104,2005,362351
104,2006,366574
104,2007,447576
104,2008,381975
104,2009,353914
104,2010,395998
104,2011,410536
104,2012,422526
104,2013,414484
104,2014,430092
104,2015,430211
104,2016,538789
104,2017,560465
104,2018,592348
104,2019,619069
104,2020,761943
104,2021,559475
104,2022,574952
104,2023,592737
105,1961,65
105,1962,49
105,1963,84
105,1964,121
105,1965,79
105,1966,62
105,1967,46
105,1968,133
105,1969,747
105,1970,1084
105,1971,527
105,1972,411
105,1973,680
105,1974,3496
105,1975,5043
105,1976,8547
105,1977,9905
105,1978,8280
105,1979,4527
105,1980,1998
105,1981,2689
105,1982,9284
105,1983,9251
105,1984,4126
105,1985,1195
105,1986,2473
105,1987,3144
105,1988,3164
105,1989,4243
105,1990,4716
105,1991,4090
105,1992,13524
105,1993,20175
105,1994,22487
105,1995,20271
105,1996,20853
105,1997,26502
105,1998,25487
105,1999,26975
105,2000,32460
105,2001,59015
105,2002,59774
105,2003,52100
105,2004,63532
105,2005,43182
105,2006,47402
105,2007,52596
105,2008,56069
105,2009,54436
105,2010,60158
105,2011,63429
105,2012,65676
105,2013,65447
105,2014,62714
105,2015,68379
105,2016,77810
105,2017,90371
105,2018,97196
105,2019,97489
105,2020,112594
105,2021,132798
105,2022,120355
105,2023,114697
106,1961,16310
106,1962,20155
106,1963,25938
106,1964,26521
106,1965,25456
106,1966,31217
106,1967,34457
106,1968,37693
106,1969,48780
106,1970,51340
106,1971,72317
106,1972,69824
106,1973,169469
106,1974,112471
106,1975,92020
106,1976,87116
106,1977,84207
106,1978,87265
106,1979,114520
106,1980,134677
106,1981,147270
106,1982,184222
106,1983,208285
106,1984,201455
106,1985,308351
106,1986,282411
106,1987,288365
106,1988,229708
106,1989,292550
106,1990,336354
106,1991,346930
106,1992,367694
106,1993,351105
106,1994,367750
106,1995,317951
106,1996,362090
106,1997,456450
106,1998,490353
106,1999,467337
106,2000,508311
106,2001,549482
106,2002,567213
106,2003,658652
106,2004,701686
106,2005,748959
106,2006,784791
106,2007,845400
106,2008,871511
106,2009,784431
106,2010,844532
106,2011,973656
106,2012,950523
106,2013,938120
106,2014,968550
106,2015,1052196
106,2016,936082
106,2017,966707
106,2018,974904
106,2019,946937
106,2020,851853
106,2021,1069897
106,2022,1038116
106,2023,999843
107,1961,28254
107,1962,25446
107,1963,29358
107,1964,35707
107,1965,33839
107,1966,34619
107,1967,29031
107,1968,35568
107,1969,28898
107,1970,25101
107,1971,36596
107,1972,35521
107,1973,35421
107,1974,43245
107,1975,47826
107,1976,56746
107,1977,78077
107,1978,72794
107,1979,57931
107,1980,66317
107,1981,79164
107,1982,74117
107,1983,52943
107,1984,54107
107,1985,64894
107,1986,52934
107,1987,43851
107,1988,41605
107,1989,39554
107,1990,18883
107,1991,22319
107,1992,18778
107,1993,15983
107,1994,14522
107,1995,19210
107,1996,21064
107,1997,23057
107,1998,23819
107,1999,22982
107,2000,21189
107,2001,24664
107,2002,29206
107,2003,29963
107,2004,20596
107,2005,18200
107,2006,18987
107,2007,22970
107,2008,31471
107,2009,36762
107,2010,38770
107,2011,35646
107,2012,37591
107,2013,33685
107,2014,40942
107,2015,46211
107,2016,53042
107,2017,61845
107,2018,56211
107,2019,53181
107,2020,48275
107,2021,80220
107,2022,90169
107,2023,117032
108,1992,6462
108,1993,15079
108,1994,44620
108,1995,28726
108,1996,20635
108,1997,43635
108,1998,22739
108,1999,7138
108,2000,7254
108,2001,8588
108,2002,31219
108,2003,45621
108,2004,86170
108,2005,122900
108,2006,161353
108,2007,222198
108,2008,219020
108,2009,114912
108,2010,28401
108,2011,89164
108,2012,90194
108,2013,82348
108,2014,76512
108,2015,63746
108,2016,72816
108,2017,86144
108,2018,127640
108,2019,95420
108,2020,92073
108,2021,98357
108,2022,93278
108,2023,94560
109,1961,4006
109,1962,4436
109,1963,2783
109,1964,4114
109,1965,4167
109,1966,4508
109,1967,4146
109,1968,5894
109,1969,7587
109,1970,10000
109,1971,12800
109,1972,13742
109,1973,11263
109,1974,2186
109,1975,1090
109,1976,499
109,1977,163
109,1978,451
109,1979,347
109,1980,180
109,1981,296
109,1982,516
109,1983,519
109,1984,557
109,1985,1274
109,1986,2504
109,1987,1930
109,1988,3754
109,1989,15126
109,1990,4743
109,1991,8476
109,1992,2893
109,1993,7448
109,1994,4711
109,1995,8732
109,1996,4330
109,1997,3953
109,1998,3302
109,1999,4222
109,2000,4296
109,2001,4097
109,2002,4322
109,2003,3788
109,2004,4184
109,2005,8116
109,2006,5589
109,2007,6747
109,2008,6609
109,2009,7801
109,2010,6963
109,2011,5308
109,2012,6472
109,2013,7613
109,2014,7998
109,2015,8582
109,2016,13925
109,2017,16684
109,2018,12254
109,2019,11070
109,2020,6418
109,2021,8663
109,2022,19826
109,2023,17268
11,1961,114918
11,1962,70269
11,1963,120695
11,1964,69898
11,1965,65869
11,1966,118865
11,1967,121705
11,1968,100513
11,1969,78539
11,1970,93755
11,1971,91120
11,1972,138549
11,1973,163796
11,1974,159105
11,1975,254185
11,1976,179421
11,1977,156093
11,1978,126576
11,1979,114338
11,1980,117293
11,1981,127925
11,1982,138091
11,1983,108368
11,1984,104743
11,1985,114418
11,1986,118602
11,1987,143715
11,1988,140032
11,1989,117702
11,1990,114329
11,1991,114405
11,1992,112183
11,1993,104394
11,1994,102920
11,1995,145209
11,1996,143917
11,1997,215757
11,1998,224648
11,1999,215637
11,2000,214809
11,2001,239392
11,2002,217247
11,2003,234259
11,2004,262470
11,2005,279233
11,2006,279565
11,2007,311273
11,2008,269736
11,2009,270246
11,2010,303833
11,2011,334965
11,2012,329540
11,2013,305026
11,2014,313848
11,2015,297923
11,2016,342351
11,2017,333115
11,2018,339845
11,2019,337436
11,2020,297573
11,2021,290713
11,2022,323634
11,2023,357270
110,1961,5506
110,1962,3177
110,1963,6883
110,1964,6848
110,1965,7905
110,1966,7761
110,1967,9432
110,1968,9761
110,1969,10030
110,1970,20025
110,1971,17382
110,1972,28689
110,1973,100726
110,1974,206569
110,1975,82192
110,1976,115888
110,1977,157087
110,1978,147246
110,1979,192105
110,1980,226246
110,1981,254132
110,1982,292736
110,1983,347266
110,1984,302747
110,1985,280925
110,1986,237119
110,1987,377417
110,1988,641723
110,1989,758729
110,1990,910918
110,1991,898070
110,1992,936879
110,1993,914758
110,1994,2072895
110,1995,1911524
110,1996,1478141
110,1997,1394931
110,1998,2024764
110,1999,1221251
110,2000,990279
110,2001,1031041
110,2002,1025445
110,2003,1004327
110,2004,1001664
110,2005,987927
110,2006,1026562
110,2007,1000651
110,2008,1036218
110,2009,1066413
110,2010,1124635
110,2011,1263516
110,2012,1500740
110,2013,1541324
110,2014,1614624
110,2015,1658076
110,2016,1578084
110,2017,1619297
110,2018,1516172
110,2019,1660551
110,2020,1510081
110,2021,1436015
110,2022,1579813
110,2023,1390121
112,1961,76
112,1962,103
112,1963,103
112,1964,120
112,1965,146
112,1966,124
112,1967,93
112,1968,138
112,1969,26
112,1970,88
112,1972,34
112,1973,26
112,1974,59
112,1975,67
112,1976,432
112,1977,1876
112,1978,3430
112,1979,3014
112,1980,1188
112,1981,680
112,1982,609
112,1983,888
112,1984,516
112,1985,375
112,1986,644
112,1987,446
112,1988,620
112,1989,5
112,1990,451
112,1991,441
112,1992,391
112,1993,312
112,1994,575
112,1995,554
112,1996,318
112,1997,1232
112,1998,1169
112,1999,1490
112,2000,1598
112,2001,1737
112,2002,1435
112,2003,2263
112,2004,2220
112,2005,2396
112,2006,1971
112,2007,2392
112,2008,2086
112,2009,2377
112,2010,2740
112,2011,2890
112,2012,3155
112,2013,2797
112,2014,3112
112,2015,2838
112,2016,5028
112,2017,3717
112,2018,5589
112,2019,5878
112,2020,9890
112,2021,13727
112,2022,10599
112,2023,16896
113,1992,122
113,1993,611
113,1994,2479
113,1995,3148
113,1996,5960
113,1997,4893
113,1998,6167
113,1999,1735
113,2000,2638
113,2001,4930
113,2002,6782
113,2003,10880
113,2004,18253
113,2005,20130
113,2006,20105
113,2007,25484
113,2008,19681
113,2009,16912
113,2010,18373
113,2011,19167
113,2012,17422
113,2013,14827
113,2014,14391
113,2015,10554
113,2016,8500
113,2017,9090
113,2018,7968
113,2019,9355
113,2020,6951
113,2021,9772
113,2022,14158
113,2023,10011
114,1961,2335
114,1962,2541
114,1963,2985
114,1964,2590
114,1965,2171
114,1966,3679
114,1967,2970
114,1968,2473
114,1969,1798
114,1970,3296
114,1971,2939
114,1972,1379
114,1973,1831
114,1974,1760
114,1975,1373
114,1976,1492
114,1977,1735
114,1978,2406
114,1979,2841
114,1980,2087
114,1981,1665
114,1982,1559
114,1983,1581
114,1984,1162
114,1985,1489
114,1986,1168
114,1987,1701
114,1988,1572
114,1989,1841
114,1990,1701
114,1991,1429
114,1992,2601
114,1993,2954
114,1994,2747
114,1995,4043
114,1996,4340
114,1997,6208
114,1998,15595
114,1999,14890
114,2000,13740
114,2001,11074
114,2002,8103
114,2003,7589
114,2004,9222
114,2005,8216
114,2006,9113
114,2007,8992
114,2008,11545
114,2009,9060
114,2010,11783
114,2011,28050
114,2012,32675
114,2013,15294
114,2014,32076
114,2015,29098
114,2016,24248
114,2017,26712
114,2018,34125
114,2019,22638
114,2020,22906
114,2021,23096
114,2022,22230
114,2023,22923
115,1961,2923
115,1962,2945
115,1963,2554
115,1964,348
115,1965,1007
115,1966,1034
115,1967,382
115,1968,585
115,1969,312
115,1970,149
115,1971,124
115,1972,587
115,1973,641
115,1974,163
115,1990,1283
115,1991,1350
115,1992,3376
115,1993,2025
115,1994,10127
115,1995,10802
115,1996,7100
115,1997,5695
115,1998,5917
115,1999,8954
115,2000,3768
115,2001,3473
115,2002,2716
115,2003,2474
115,2004,1965
115,2005,43267
115,2006,39819
115,2007,43274
115,2008,50992
115,2009,22446
115,2010,21908
115,2011,26829
115,2012,42487
115,2013,50998
115,2014,27686
115,2015,57747
115,2016,44102
115,2017,36805
115,2018,22060
115,2019,27102
115,2020,11680
115,2021,5219
115,2022,7647
115,2023,12010
116,1986,249
116,1987,621
116,1988,870
116,1989,1615
116,1990,3417
116,1991,3231
116,1992,4846
116,1993,4349
116,1994,4039
116,1995,6586
116,1996,5778
116,1997,6213
116,1998,4477
116,1999,2485
116,2000,4846
116,2001,4536
116,2002,6002
116,2003,5891
116,2004,1745
116,2005,1875
116,2006,2777
116,2007,4331
116,2008,1395
116,2009,1930
116,2010,1868
116,2011,2825
116,2012,3355
116,2013,5908
116,2014,5060
116,2015,4794
116,2016,5108
116,2017,16280
116,2018,17778
116,2019,22376
116,2020,14927
116,2021,13669
116,2022,17044
116,2023,1250
117,1963,16
117,1964,58
117,1965,129
117,1966,66
117,1967,142
117,1968,115
117,1969,61
117,1970,121
117,1971,191
117,1972,108
117,1973,262
117,1974,66
117,1975,100
117,1976,110
117,1977,336
117,1978,886
117,1979,1292
117,1980,694
117,1981,1024
117,1982,213
117,1983,176
117,1984,456
117,1985,471
117,1986,399
117,1987,1300
117,1988,5049
117,1989,7208
117,1990,6228
117,1991,2554
117,1992,4139
117,1993,8612
117,1994,8880
117,1995,15173
117,1996,17533
117,1997,30918
117,1998,6353
117,1999,14695
117,2000,26644
117,2001,45876
117,2002,51143
117,2003,56149
117,2004,60284
117,2005,67738
117,2006,79564
117,2007,109433
117,2008,116470
117,2009,104365
117,2010,119061
117,2011,137691
117,2012,166774
117,2013,207324
117,2014,248917
117,2015,337819
117,2016,418729
117,2017,596361
117,2018,694974
117,2019,655185
117,2020,539707
117,2021,543948
117,2022,487496
117,2023,467100
119,1992,7322
119,1993,6215
119,1994,13329
119,1995,30606
119,1996,35367
119,1997,25998
119,1998,43647
119,1999,58580
119,2000,53288
119,2001,52885
119,2002,70772
119,2003,67206
119,2004,39540
119,2005,68708
119,2006,83352
119,2007,89279
119,2008,87197
119,2009,88681
119,2010,117223
119,2011,133884
119,2012,138669
119,2013,143960
119,2014,220287
119,2015,190316
119,2016,227484
119,2017,289800
119,2018,309530
119,2019,332336
119,2020,335587
119,2021,305983
119,2022,392875
119,2023,369535
12,1961,15547
12,1962,16367
12,1963,19548
12,1964,21503
12,1965,24918
12,1966,26721
12,1967,30172
12,1968,39045
12,1969,53766
12,1970,43110
12,1971,34651
12,1972,39063
12,1973,36976
12,1974,27804
12,1975,18760
12,1976,32585
12,1977,24283
12,1978,22838
12,1979,49339
12,1980,52821
12,1981,33277
12,1982,70108
12,1983,50706
12,1984,52332
12,1985,58096
12,1986,72312
12,1987,60677
12,1988,43759
12,1989,57049
12,1990,68851
12,1991,26622
12,1992,27722
12,1993,28752
12,1994,25745
12,1995,30331
12,1996,22877
12,1997,21983
12,1998,22966
12,1999,25344
12,2000,26948
12,2001,21763
12,2002,24105
12,2003,25138
12,2004,20712
12,2005,20609
12,2006,22700
12,2007,23076
12,2008,21748
12,2009,24844
12,2010,19051
12,2011,21046
12,2012,23672
12,2013,18309
12,2014,23484
12,2015,25392
12,2016,26693
12,2017,33539
12,2018,30683
12,2019,34736
12,2020,20260
12,2021,32748
12,2022,33748
12,2023,35049
120,1961,5194
120,1962,5673
120,1963,3161
120,1964,2703
120,1965,3383
120,1966,2715
120,1967,3145
120,1968,4338
120,1969,8298
120,1970,9391
120,1971,2493
120,1972,3995
120,1973,3502
120,1974,783
120,1975,378
120,1991,431
120,1992,103
120,1993,107
120,1994,2633
120,1995,3750
120,1996,2181
120,1997,1873
120,1998,643
120,1999,1325
120,2000,1902
120,2001,1643
120,2002,2407
120,2003,2220
120,2004,2442
120,2005,3890
120,2006,5714
120,2007,4184
120,2008,4586
120,2009,4564
120,2010,4256
120,2011,6453
120,2012,8183
120,2013,9520
120,2014,10968
120,2015,20960
120,2016,22738
120,2017,15352
120,2018,16292
120,2019,19489
120,2020,9665
120,2021,6981
120,2022,12995
120,2023,15103
121,1961,827
121,1962,1046
121,1963,635
121,1964,590
121,1965,572
121,1966,599
121,1967,441
121,1968,497
121,1969,541
121,1970,603
121,1971,988
121,1972,922
121,1973,1489
121,1974,1708
121,1975,917
121,1976,3050
121,1977,3117
121,1978,2791
121,1979,5117
121,1980,8001
121,1981,14221
121,1982,15152
121,1983,8772
121,1984,13158
121,1985,4732
121,1986,4718
121,1987,1728
121,1988,2406
121,1989,4612
121,1990,8453
121,1991,12161
121,1992,8759
121,1993,7629
121,1994,8107
121,1995,7310
121,1996,6978
121,1997,10315
121,1998,8494
121,1999,12685
121,2000,11255
121,2001,12784
121,2002,12138
121,2003,14777
121,2004,17912
121,2005,18416
121,2006,17957
121,2007,20468
121,2008,19230
121,2009,25181
121,2010,33067
121,2011,24773
121,2012,21123
121,2013,20522
121,2014,23975
121,2015,22996
121,2016,23622
121,2017,26675
121,2018,27573
121,2019,24421
121,2020,9552
121,2021,8808
121,2022,9363
121,2023,8256
122,1971,1033
122,1972,887
122,1973,1275
122,1974,1822
122,1975,2891
122,1976,5466
122,1977,7228
122,1978,7495
122,1979,6681
122,1980,10204
122,1981,11419
122,1982,8868
122,1983,5223
122,1984,6074
122,1985,4009
122,1986,1883
122,1987,3617
122,1988,4130
122,1989,4130
122,1990,4130
122,1991,4130
122,1992,4130
122,1993,4130
122,1994,4130
122,1995,4130
122,1996,4130
122,1997,4130
122,1998,4130
122,1999,4130
122,2000,4009
122,2001,4009
122,2002,3949
122,2003,11
122,2004,26
122,2005,69
122,2006,102
122,2007,165
122,2008,177
122,2009,158
122,2010,214
122,2011,73
122,2012,361
122,2013,4510
122,2014,4673
122,2015,3114
122,2016,7849
122,2017,15613
122,2018,9421
122,2019,23731
122,2020,19338
122,2021,13193
122,2022,36596
122,2023,20581
123,1961,5989
123,1962,10010
123,1963,6821
123,1964,4064
123,1965,4400
123,1966,6432
123,1967,4686
123,1968,5037
123,1969,3174
123,1970,3141
123,1971,4029
123,1972,2499
123,1973,1800
123,1974,1989
123,1975,1738
123,1976,2406
123,1977,3432
123,1978,1489
123,1979,1421
123,1980,971
123,1981,613
123,1982,487
123,1983,537
123,1984,451
123,1985,229
123,1986,340
123,1987,578
123,1988,737
123,1989,565
123,1990,578
123,1991,2286
123,1992,1499
123,1993,473
123,1994,854
123,1995,1155
123,1996,614
123,1997,1684
123,1998,1346
123,1999,2150
123,2000,1942
123,2001,1075
123,2002,1153
123,2003,1088
123,2004,1446
123,2005,1872
123,2006,1888
123,2007,2524
123,2008,2416
123,2009,2297
123,2010,2964
123,2011,3410
123,2012,4818
123,2013,5102
123,2014,4422
123,2015,6549
123,2016,5323
123,2017,10045
123,2018,9069
123,2019,4947
123,2020,2887
123,2021,2998
123,2022,4765
123,2023,4982
124,1961,1318
124,1962,2360
124,1963,2333
124,1964,3367
124,1965,3466
124,1966,3420
124,1967,4081
124,1968,5487
124,1969,4049
124,1970,364
124,1971,158
124,1999,641
124,2000,167
124,2001,114
124,2002,417
124,2003,445
124,2004,254
124,2005,225
124,2006,577
124,2007,133
124,2008,13
124,2009,394
124,2010,278
124,2011,48
124,2012,132
124,2013,58
124,2014,26
124,2015,52
124,2016,31
124,2017,41
124,2018,13
124,2019,25
124,2020,289
124,2021,80
124,2022,7
124,2023,120
126,1992,17016
126,1993,25524
126,1994,25174
126,1995,50574
126,1996,40042
126,1997,39167
126,1998,43772
126,1999,44656
126,2000,38136
126,2001,47414
126,2002,52899
126,2003,57096
126,2004,55828
126,2005,68896
126,2006,72340
126,2007,86673
126,2008,109045
126,2009,127549
126,2010,207258
126,2011,258187
126,2012,285491
126,2013,320896
126,2014,297075
126,2015,222075
126,2016,230008
126,2017,260348
126,2018,264697
126,2019,271374
126,2020,279011
126,2021,300887
126,2022,294445
126,2023,302240
128,1961,6857
128,1962,6522
128,1963,7052
128,1964,7660
128,1965,11158
128,1966,11415
128,1967,11322
128,1968,11073
128,1969,21670
128,1970,15039
128,1971,16605
128,1972,17454
128,1973,17657
128,1974,16410
128,1975,14408
128,1976,16831
128,1977,19831
128,1978,20906
128,1979,18000
128,1980,27974
128,1981,43075
128,1982,36397
128,1983,40760
128,1984,48778
128,1985,49074
128,1986,53500
128,1987,65414
128,1988,70729
128,1989,76518
128,1990,95453
128,1991,133969
128,1992,124564
128,1993,104663
128,1994,112447
128,1995,114987
128,1996,148953
128,1997,151602
128,1998,119577
128,1999,105964
128,2000,94588
128,2001,110772
128,2002,124969
128,2003,124377
128,2004,126777
128,2005,126980
128,2006,138052
128,2007,151049
128,2008,156519
128,2009,146623
128,2010,156901
128,2011,172953
128,2012,173420
128,2013,170724
128,2014,175125
128,2015,175756
128,2016,178510
128,2017,171337
128,2018,173380
128,2019,175774
128,2020,136728
128,2021,137529
128,2022,170826
128,2023,190294
129,1961,51217
129,1962,48697
129,1963,43649
129,1964,40394
129,1965,42326
129,1966,35356
129,1967,36105
129,1968,43657
129,1969,37117
129,1970,32556
129,1971,32077
129,1972,20688
129,1973,24527
129,1974,9502
129,1975,8305
129,1976,250
129,1977,2662
129,1978,3776
129,1979,1567
129,1980,1608
129,1981,1045
129,1982,90
129,1983,373
129,1984,163
129,1985,207
129,1986,58
129,1987,853
129,1988,236
129,1989,144
129,1990,494
129,1991,202
129,1992,305
129,1993,171
129,1994,417
129,1995,284
129,1996,405
129,1997,499
129,1998,588
129,1999,534
129,2000,728
129,2001,1490
129,2002,1076
129,2003,2591
129,2004,1957
129,2005,1490
129,2006,1688
129,2007,1875
129,2008,2435
129,2009,1446
129,2010,1921
129,2011,3315
129,2012,2912
129,2013,3221
129,2014,2596
129,2015,2170
129,2016,2783
129,2017,3672
129,2018,4173
129,2019,3635
129,2020,1819
129,2021,1478
129,2022,2280
129,2023,8343
13,1961,1313
13,1962,1944
13,1963,1956
13,1964,2595
13,1965,2623
13,1966,3265
13,1967,3882
13,1968,5207
13,1969,5803
13,1970,6291
13,1971,5028
13,1972,5629
13,1973,5698
13,1974,5631
13,1975,6647
13,1976,8219
13,1977,9932
13,1978,11304
13,1979,6767
13,1980,8540
13,1981,9007
13,1982,14519
13,1983,14811
13,1984,18895
13,1985,11359
13,1986,10854
13,1987,18677
13,1988,10727
13,1989,10727
13,1990,10854
13,1991,13630
13,1992,13252
13,1993,13883
13,1994,11990
13,1995,14387
13,1996,18110
13,1997,25523
13,1998,10160
13,1999,13315
13,2000,25512
13,2001,27926
13,2002,29122
13,2003,25796
13,2004,29994
13,2005,35273
13,2006,31163
13,2007,30265
13,2008,16450
13,2009,36101
13,2010,36121
13,2011,39677
13,2012,39488
13,2013,25203
13,2014,24488
13,2015,25134
13,2016,26222
13,2017,29137
13,2018,38232
13,2019,36041
13,2020,33369
13,2021,31389
13,2022,37901
13,2023,38278
130,1961,1758
130,1962,1758
130,1963,1758
130,1964,1605
130,1965,2332
130,1966,2718
130,1967,3269
130,1968,3217
130,1969,4084
130,1970,396
130,1971,416
130,1972,399
130,1973,416
130,1974,404
130,1975,706
130,1976,303
130,1977,134
130,1978,228
130,1979,327
130,1980,191
130,1981,212
130,1982,161
130,1983,245
130,1984,137
130,1985,201
130,1986,133
130,1987,138
130,1988,182
130,1989,358
130,1990,262
130,1991,253
130,1992,273
130,1993,152
130,1994,305
130,1995,241
130,1996,374
130,1997,384
130,1998,317
130,1999,437
130,2001,401
130,2002,789
130,2003,775
130,2004,429
130,2005,259
130,2006,328
130,2007,266
130,2008,272
130,2009,1148
130,2010,543
130,2011,351
130,2012,1984
130,2013,814
130,2014,1404
130,2015,942
130,2016,1082
130,2017,1123
130,2018,285
130,2019,236
130,2020,327
130,2021,344
130,2022,242
130,2023,237
131,1961,76623
131,1962,66582
131,1963,46049
131,1964,50080
131,1965,45102
131,1966,22169
131,1967,19434
131,1968,18018
131,1969,16353
131,1970,11923
131,1971,15070
131,1972,8780
131,1973,5202
131,1974,6650
131,1975,8701
131,1976,7810
131,1977,8782
131,1978,8313
131,1979,8812
131,1980,10264
131,1981,8873
131,1982,11932
131,1983,9116
131,1984,11588
131,1985,20173
131,1986,7718
131,1987,8110
131,1988,5236
131,1989,3868
131,1990,3904
131,1991,10414
131,1992,7525
131,1993,7878
131,1994,11660
131,1995,13554
131,1996,15886
131,1997,15886
131,1998,17560
131,1999,17914
131,2000,22276
131,2001,29393
131,2002,40278
131,2003,64226
131,2004,90136
131,2005,46888
131,2006,33490
131,2007,48036
131,2008,80042
131,2009,77375
131,2010,85883
131,2011,96145
131,2012,129762
131,2013,172047
131,2014,155304
131,2015,170517
131,2016,215809
131,2017,200715
131,2018,157211
131,2019,150277
131,2020,62427
131,2021,70385
131,2022,153156
131,2023,105706
132,1986,2089
132,1987,2833
132,1988,3291
132,1989,2501
132,1990,4007
132,1991,3234
132,1992,3721
132,1993,2281
132,1994,2636
132,1995,3520
132,1996,5696
132,1997,4697
132,1998,5615
132,1999,4957
132,2000,5444
132,2001,5644
132,2002,6045
132,2003,7115
132,2004,8515
132,2005,6282
132,2006,9090
132,2007,10057
132,2008,10003
132,2009,9033
132,2010,9897
132,2011,11114
132,2012,10095
132,2013,10624
132,2014,10651
132,2015,10111
132,2016,10726
132,2017,12572
132,2018,14610
132,2019,15778
132,2020,16133
132,2021,15739
132,2022,18781
132,2023,17280
133,1961,1550
133,1962,894
133,1963,945
133,1964,853
133,1965,906
133,1966,1039
133,1967,1041
133,1968,998
133,1969,1051
133,1970,2092
133,1971,1557
133,1972,1892
133,1973,2140
133,1974,2335
133,1975,2304
133,1976,1733
133,1977,3326
133,1978,2545
133,1979,1045
133,1980,1774
133,1981,2632
133,1982,2733
133,1983,2159
133,1984,971
133,1985,1694
133,1986,1578
133,1987,1018
133,1988,1026
133,1989,1140
133,1990,1615
133,1991,1710
133,1992,1565
133,1993,1435
133,1994,1055
133,1995,1330
133,1996,240
133,1997,297
133,1998,242
133,1999,245
133,2000,178
133,2001,581
133,2002,547
133,2003,834
133,2004,1214
133,2005,1122
133,2006,1284
133,2007,1380
133,2008,1568
133,2009,1538
133,2010,2176
133,2011,2541
133,2012,3033
133,2013,5303
133,2014,6486
133,2015,7030
133,2016,1987
133,2017,2281
133,2018,3751
133,2019,8249
133,2020,12213
133,2021,14644
133,2022,10477
133,2023,11652
134,1961,1119
134,1962,1103
134,1963,871
134,1964,1057
134,1965,1033
134,1966,1602
134,1967,1657
134,1968,2852
134,1969,1666
134,1970,2088
134,1971,2762
134,1972,1832
134,1973,4840
134,1974,3204
134,1975,3320
134,1976,5417
134,1977,4886
134,1978,3796
134,1979,4538
134,1980,1620
134,1981,2456
134,1982,1377
134,1983,1392
134,1984,1797
134,1985,1988
134,1986,2257
134,1987,1891
134,1988,2511
134,1989,2690
134,1990,2556
134,1991,2681
134,1992,2784
134,1993,2392
134,1994,4225
134,1995,2633
134,1996,4135
134,1997,4520
134,1998,6161
134,1999,8313
134,2000,9478
134,2001,9285
134,2002,9802
134,2003,10331
134,2004,14252
134,2005,16156
134,2006,20345
134,2007,17771
134,2008,24314
134,2009,22983
134,2010,18078
134,2011,23512
134,2012,26080
134,2013,21799
134,2014,25485
134,2015,24712
134,2016,27911
134,2017,31807
134,2018,30198
134,2019,30465
134,2020,23730
134,2021,22600
134,2022,28099
134,2023,27173
136,1961,3228
136,1962,3570
136,1963,3421
136,1964,2264
136,1965,2491
136,1966,1589
136,1967,1919
136,1968,1824
136,1969,1606
136,1970,3133
136,1971,2610
136,1972,2779
136,1973,2717
136,1974,2882
136,1975,1898
136,1976,3537
136,1977,2544
136,1978,4117
136,1979,2227
136,1980,2800
136,1981,1688
136,1982,1272
136,1983,1112
136,1984,1359
136,1985,1647
136,1986,906
136,1987,700
136,1988,169
136,1989,346
136,1990,741
136,1991,1116
136,1992,552
136,1993,408
136,1994,441
136,1995,391
136,1996,206
136,1999,165
136,2000,379
136,2001,581
136,2002,597
136,2003,803
136,2004,885
136,2005,86
136,2006,469
136,2007,37
136,2008,424
136,2009,511
136,2010,366
136,2011,539
136,2012,379
136,2013,140
136,2014,118
136,2015,214
136,2016,126
136,2017,494
136,2018,290
136,2019,185
136,2020,218
136,2021,63
136,2022,41
136,2023,120
137,1961,19512
137,1962,20813
137,1963,17994
137,1964,14742
137,1965,13062
137,1966,9653
137,1967,10981
137,1968,8157
137,1969,6845
137,1970,5312
137,1971,4520
137,1972,5539
137,1973,6076
137,1974,6824
137,1975,3068
137,1976,3247
137,1977,3111
137,1978,2677
137,1979,1518
137,1980,1648
137,1981,1864
137,1982,1512
137,1983,1631
137,1984,1875
137,1985,1621
137,1986,2981
137,1987,3729
137,1988,4482
137,1989,4070
137,1990,4846
137,1991,6135
137,1992,9046
137,1993,6303
137,1994,8282
137,1995,8331
137,1996,7626
137,1997,9306
137,1998,9290
137,1999,16087
137,2000,11542
137,2001,8916
137,2002,9474
137,2003,10195
137,2004,9902
137,2005,10027
137,2006,10791
137,2007,10900
137,2008,12119
137,2009,10276
137,2010,11073
137,2011,12244
137,2012,9707
137,2013,12341
137,2014,14545
137,2015,16907
137,2016,20391
137,2017,18936
137,2018,32084
137,2019,29106
137,2020,18902
137,2021,16826
137,2022,35982
137,2023,20708
138,1961,824
138,1962,1034
138,1963,1156
138,1964,1671
138,1965,755
138,1966,855
138,1967,1188
138,1968,1259
138,1969,1100
138,1970,1372
138,1971,2681
138,1972,3987
138,1973,3959
138,1974,4883
138,1975,3846
138,1976,5463
138,1977,4687
138,1978,5774
138,1979,11709
138,1980,14092
138,1981,16267
138,1982,32107
138,1983,25729
138,1984,9585
138,1985,2137
138,1986,3359
138,1987,7888
138,1988,14424
138,1989,34214
138,1990,46705
138,1991,45537
138,1992,39454
138,1993,47006
138,1994,81617
138,1995,40491
138,1996,46290
138,1997,91198
138,1998,81727
138,1999,77737
138,2000,94881
138,2001,127226
138,2002,179383
138,2003,175378
138,2004,172218
138,2005,206033
138,2006,240223
138,2007,266894
138,2008,290940
138,2009,250926
138,2010,255195
138,2011,263068
138,2012,272196
138,2013,316980
138,2014,333875
138,2015,466532
138,2016,473056
138,2017,492237
138,2018,533628
138,2019,269738
138,2020,124816
138,2021,144856
138,2022,176847
138,2023,134809
14,1961,2683
14,1962,1914
14,1963,1584
14,1964,1060
14,1965,1077
14,1966,1073
14,1967,1110
14,1968,1380
14,1969,1756
14,1970,2180
14,1971,2049
14,1972,2262
14,1973,2378
14,1974,2019
14,1975,2466
14,1976,3275
14,1977,3826
14,1978,3904
14,1979,2726
14,1980,4260
14,1981,3696
14,1982,3262
14,1983,3288
14,1984,3545
14,1985,4075
14,1986,4528
14,1987,3758
14,1988,5329
14,1989,5837
14,1990,6337
14,1991,5636
14,1992,3884
14,1993,3492
14,1994,4146
14,1995,5101
14,1996,4346
14,1997,5575
14,1998,4146
14,1999,7898
14,2000,5752
14,2001,8425
14,2002,7956
14,2003,7410
14,2004,4183
14,2005,15426
14,2006,13187
14,2007,13580
14,2008,15286
14,2009,14490
14,2010,18089
14,2011,16793
14,2012,23092
14,2013,22491
14,2014,15848
14,2015,15471
14,2016,13070
14,2017,12922
14,2018,11270
14,2019,9988
14,2020,7682
14,2021,6457
14,2022,10022
14,2023,9840
141,1993,973
141,1994,3568
141,1995,1557
141,1996,1044
141,1997,6610
141,1998,11158
141,1999,6338
141,2000,12152
141,2001,8816
141,2002,10001
141,2003,12797
141,2004,9321
141,2005,6048
141,2006,8748
141,2007,10396
141,2008,13579
141,2009,7646
141,2010,13340
141,2011,16744
141,2012,20447
141,2013,23261
141,2014,16283
141,2015,13349
141,2016,13582
141,2017,7268
141,2018,8535
141,2019,6869
141,2020,7130
141,2021,18076
141,2022,25630
141,2023,19678
143,1961,13434
143,1962,7777
143,1963,6447
143,1964,5864
143,1965,5059
143,1966,4136
143,1967,4557
143,1968,6738
143,1969,7169
143,1970,10622
143,1971,10107
143,1972,10751
143,1973,11166
143,1974,14590
143,1975,12816
143,1976,13839
143,1977,14709
143,1978,6958
143,1979,2602
143,1980,2023
143,1981,1414
143,1982,1220
143,1983,1246
143,1984,1146
143,1985,2087
143,1986,618
143,1987,2654
143,1988,3026
143,1989,6353
143,1990,6748
143,1991,6926
143,1992,8716
143,1993,5567
143,1994,37895
143,1995,54113
143,1996,80111
143,1997,37905
143,1998,11415
143,1999,27901
143,2000,13862
143,2001,10289
143,2002,20017
143,2003,32578
143,2004,19134
143,2005,26966
143,2006,10386
143,2007,13146
143,2008,15697
143,2009,15473
143,2010,16163
143,2011,39685
143,2012,35804
143,2013,25225
143,2014,19341
143,2015,15077
143,2016,17760
143,2017,50496
143,2018,87256
143,2019,88518
143,2020,92042
143,2021,94402
143,2022,150530
143,2023,173855
144,1961,33438
144,1962,28259
144,1963,33076
144,1964,38598
144,1965,43452
144,1966,46972
144,1967,41656
144,1968,39496
144,1969,33691
144,1970,27798
144,1971,16550
144,1972,19196
144,1973,12576
144,1974,9067
144,1975,6872
144,1976,1389
144,1977,1849
144,1978,2497
144,1979,277
144,1980,2589
144,1981,3052
144,1982,1202
144,1983,3699
144,1984,1849
144,1985,1942
144,1986,2778
144,1987,3103
144,1988,4346
144,1989,6149
144,1990,10357
144,1991,36526
144,1992,29036
144,1993,20898
144,1994,34677
144,1995,51414
144,1996,36896
144,1997,11744
144,1998,14795
144,1999,10819
144,2000,13038
144,2001,13408
144,2002,25591
144,2003,8631
144,2004,9203
144,2005,12034
144,2006,11218
144,2007,11239
144,2008,11768
144,2009,10199
144,2010,11375
144,2011,12316
144,2012,9311
144,2013,35773
144,2014,57320
144,2015,54598
144,2016,37585
144,2017,30263
144,2018,41312
144,2019,32157
144,2020,21444
144,2021,18802
144,2022,33567
144,2023,8628
146,1992,609
146,1993,1171
146,1994,1183
146,1995,5426
146,1996,8871
146,1997,8529
146,1998,15214
146,1999,355
146,2000,1868
146,2001,4636
146,2002,14102
146,2003,12778
146,2004,13631
146,2005,20911
146,2006,18337
146,2007,19125
146,2008,26937
146,2009,19381
146,2010,13848
146,2011,13038
146,2012,14139
146,2013,13587
146,2014,11507
146,2015,10818
146,2016,12697
146,2017,15152
146,2018,15437
146,2019,14110
146,2020,14338
146,2021,17739
146,2022,14497
146,2023,15595
147,1997,33461
147,1998,27228
147,1999,26678
147,2000,33234
147,2001,56496
147,2002,40637
147,2003,30392
147,2004,20348
147,2005,10306
147,2006,1115
147,2007,2349
147,2008,2703
147,2009,1685
147,2010,1597
147,2011,677
147,2012,64960
147,2013,77280
147,2014,90872
147,2015,69979
147,2016,59601
147,2017,67491
147,2018,61975
147,2019,157808
147,2020,48086
147,2021,43182
147,2022,280221
147,2023,224226
148,1961,218
148,1962,374
148,1963,350
148,1964,342
148,1965,332
148,1966,305
148,1967,677
148,1968,1520
148,1969,1145
148,1970,1433
148,1971,1518
148,1972,1528
148,1973,1533
148,1974,1703
148,1975,2212
148,1976,1401
148,1977,1446
148,1978,1528
148,1979,2346
148,1980,2869
148,1981,1676
148,1982,1173
148,1983,2011
148,1984,1676
148,1985,1676
148,1986,1508
148,1987,2011
148,1988,1508
148,1989,1676
148,1990,1005
148,1991,1223
148,1992,1843
148,1993,1357
148,1994,1676
148,1995,1676
148,1996,3184
148,1997,3184
148,1998,3184
148,1999,871
148,2000,922
148,2001,637
148,2002,394
148,2003,389
148,2004,392
148,2005,382
148,2006,384
148,2007,385
148,2008,384
148,2009,384
148,2010,402
148,2011,385
148,2012,126
148,2013,127
148,2014,239
148,2015,51
148,2016,102
148,2017,13
148,2018,11
148,2019,13
148,2020,41
148,2021,26
148,2022,35
148,2023,232
149,1978,144
149,1979,230
149,1980,720
149,1981,230
149,1982,144
149,1983,345
149,1984,288
149,1985,489
149,1986,115
149,1987,374
149,1988,374
149,1989,52
149,1990,35
149,1991,3
149,1994,173
149,1995,432
149,1996,1727
149,1997,66
149,1999,841
149,2000,1152
149,2001,1045
149,2002,927
149,2003,2916
149,2004,3345
149,2005,1313
149,2006,1998
149,2007,2038
149,2008,1431
149,2009,1926
149,2010,2309
149,2011,2747
149,2012,2628
149,2013,2646
149,2014,2923
149,2015,2369
149,2016,3948
149,2017,2839
149,2018,3455
149,2019,2894
149,2020,1158
149,2021,2561
149,2022,1725
149,2023,2565
150,1961,82327
150,1962,89056
150,1963,99619
150,1964,106838
150,1965,116713
150,1966,130613
150,1967,156442
150,1968,196630
150,1969,244724
150,1970,269747
150,1971,223007
150,1972,271341
150,1973,304279
150,1974,350977
150,1975,336141
150,1976,363914
150,1977,387072
150,1978,395345
150,1979,397195
150,1980,429933
150,1981,435208
150,1982,465053
150,1983,461667
150,1984,521867
150,1985,521486
150,1986,525001
150,1987,535843
150,1988,565483
150,1989,553179
150,1990,582271
150,1991,681538
150,1992,750770
150,1993,588286
150,1994,736587
150,1995,687868
150,1996,694137
150,1997,690636
150,1998,630500
150,1999,945000
150,2000,642247
150,2001,725275
150,2002,820762
150,2003,1026715
150,2004,1260980
150,2005,1388645
150,2006,1331952
150,2007,1473789
150,2008,1289438
150,2009,1219848
150,2010,1141009
150,2011,1238550
150,2012,1268094
150,2013,1311324
150,2014,1369357
150,2015,1405507
150,2016,1470865
150,2017,1807983
150,2018,1797908
150,2019,1977527
150,2020,1985559
150,2021,2103799
150,2022,2187370
150,2023,2709052
153,1961,32506
153,1962,33656
153,1963,32398
153,1964,39764
153,1965,42232
153,1966,44192
153,1967,43497
153,1968,51223
153,1969,50424
153,1970,66809
153,1971,79193
153,1972,37577
153,1973,37241
153,1974,34215
153,1975,38183
153,1976,31963
153,1977,35688
153,1978,29995
153,1979,30298
153,1980,24318
153,1981,23807
153,1982,24098
153,1983,23427
153,1984,16069
153,1985,15770
153,1986,19295
153,1987,21148
153,1988,20992
153,1989,28953
153,1990,27735
153,1991,25144
153,1992,27264
153,1993,33536
153,1994,32219
153,1995,30342
153,1996,32414
153,1997,34007
153,1998,35461
153,1999,28825
153,2000,26030
153,2001,23739
153,2002,28174
153,2003,25659
153,2004,30127
153,2005,28138
153,2006,29061
153,2007,28885
153,2008,31532
153,2009,28186
153,2010,31915
153,2011,32402
153,2012,31061
153,2013,30849
153,2014,32196
153,2015,34758
153,2016,23079
153,2017,24020
153,2018,17560
153,2019,18074
153,2020,18864
153,2021,14058
153,2022,12839
153,2023,11966
154,1992,35
154,1993,4256
154,1994,167
154,1995,626
154,1996,2758
154,1997,2828
154,1998,7057
154,1999,1451
154,2000,1000
154,2001,1087
154,2002,2024
154,2003,3384
154,2004,3361
154,2005,4362
154,2006,4071
154,2007,5810
154,2008,6373
154,2009,5944
154,2010,5536
154,2011,5911
154,2012,6205
154,2013,6864
154,2014,4782
154,2015,5069
154,2016,4887
154,2017,5813
154,2018,6411
154,2019,7724
154,2020,6503
154,2021,7865
154,2022,7924
154,2023,9109
155,1961,4603
155,1962,5160
155,1963,5644
155,1964,4600
155,1965,4513
155,1966,5297
155,1967,6977
155,1968,6182
155,1969,5791
155,1970,4999
155,1971,5412
155,1972,5898
155,1973,6873
155,1974,7652
155,1975,3956
155,1976,4507
155,1977,4835
155,1978,5436
155,1979,6799
155,1980,5840
155,1981,5147
155,1982,4554
155,1983,5321
155,1984,5444
155,1985,5444
155,1986,5021
155,1987,4062
155,1988,5463
155,1989,4087
155,1990,3294
155,1991,3286
155,1992,3101
155,1993,3005
155,1994,3338
155,1995,2658
155,1996,2117
155,1997,2732
155,1998,2896
155,1999,2377
155,2000,1311
155,2001,1175
155,2002,953
155,2003,959
155,2004,904
155,2005,1005
155,2006,1161
155,2007,1278
155,2008,1459
155,2009,2420
155,2010,2789
155,2011,2811
155,2012,1306
155,2013,1817
155,2014,1770
155,2015,1935
155,2016,2019
155,2017,1691
155,2018,2190
155,2019,2325
155,2020,1957
155,2021,2267
155,2022,2805
155,2023,4385
156,1961,1835
156,1962,1452
156,1963,1976
156,1964,1881
156,1965,2059
156,1966,2365
156,1967,1710
156,1968,2340
156,1969,2659
156,1970,2765
156,1971,2752
156,1972,3712
156,1973,4546
156,1974,5916
156,1975,5871
156,1976,4468
156,1977,4089
156,1978,3618
156,1979,5068
156,1980,8390
156,1981,15434
156,1982,15326
156,1983,13196
156,1984,14623
156,1985,18182
156,1986,12950
156,1987,14794
156,1988,20401
156,1989,28811
156,1990,28199
156,1991,41636
156,1992,40758
156,1993,53575
156,1994,78546
156,1995,68483
156,1996,64272
156,1997,58065
156,1998,70919
156,1999,97097
156,2000,96212
156,2001,93731
156,2002,86640
156,2003,104881
156,2004,92737
156,2005,92837
156,2006,97592
156,2007,104784
156,2008,98324
156,2009,85538
156,2010,115585
156,2011,50622
156,2012,107393
156,2013,123155
156,2014,176055
156,2015,178725
156,2016,196139
156,2017,150695
156,2018,161001
156,2019,170515
156,2020,166862
156,2021,164261
156,2022,177059
156,2023,146204
157,1961,110
157,1962,189
157,1963,187
157,1964,259
157,1965,364
157,1966,565
157,1967,171
157,1968,340
157,1969,248
157,1970,326
157,1971,412
157,1972,329
157,1973,442
157,1974,530
157,1975,502
157,1976,733
157,1977,765
157,1978,512
157,1979,441
157,1980,294
157,1981,310
157,1982,79
157,1983,103
157,1984,154
157,1985,206
157,1986,58
157,1987,45
157,1988,90
157,1989,130
157,1990,241
157,1991,3121
157,1992,8553
157,1993,2765
157,1994,820
157,1995,1056
157,1996,1105
157,1997,3082
157,1998,2997
157,1999,3612
157,2000,3399
157,2001,3486
157,2002,3582
157,2003,2693
157,2004,10577
157,2005,8860
157,2006,6899
157,2007,6742
157,2008,6889
157,2009,7025
157,2010,9229
157,2011,9123
157,2012,7876
157,2013,7108
157,2014,6018
157,2015,6449
157,2016,6694
157,2017,7686
157,2018,6046
157,2019,6973
157,2020,5432
157,2021,6408
157,2022,4332
157,2023,6658
158,1961,2266
158,1962,2013
158,1963,2688
158,1964,2321
158,1965,1876
158,1966,1574
158,1967,2590
158,1968,2085
158,1969,2304
158,1970,1077
158,1971,739
158,1972,653
158,1973,839
158,1974,765
158,1975,539
158,1976,569
158,1977,841
158,1978,1807
158,1979,1225
158,1980,1588
158,1981,1767
158,1982,2311
158,1983,1189
158,1984,1678
158,1985,909
158,1986,575
158,1987,508
158,1988,548
158,1989,497
158,1990,335
158,1991,325
158,1992,286
158,1993,254
158,1994,21
158,1995,337
158,1996,349
158,1997,385
158,1998,531
158,1999,479
158,2000,356
158,2001,1025
158,2002,901
158,2003,1015
158,2004,1220
158,2005,1407
158,2006,1621
158,2007,1422
158,2008,1182
158,2009,1159
158,2010,1606
158,2011,2285
158,2012,2167
158,2013,2371
158,2014,2809
158,2015,3216
158,2016,4069
158,2017,3138
158,2018,2682
158,2019,4109
158,2020,6390
158,2021,4267
158,2022,3766
158,2023,1290
159,1961,33035
159,1962,73445
159,1963,30278
159,1964,25124
159,1965,8234
159,1966,7245
159,1967,5306
159,1968,4185
159,1969,3278
159,1970,7343
159,1971,10315
159,1972,20990
159,1973,16584
159,1974,24953
159,1975,260052
159,1976,403439
159,1977,647871
159,1978,47051
159,1979,12882
159,1980,27161
159,1981,22221
159,1982,27568
159,1983,7318
159,1984,12586
159,1985,5236
159,1986,11420
159,1987,16717
159,1988,3382
159,1989,3591
159,1990,8492
159,1991,12203
159,1992,17007
159,1993,12301
159,1994,8527
159,1995,8464
159,1996,5574
159,1997,5543
159,1998,9364
159,1999,21365
159,2000,27774
159,2001,50532
159,2002,26204
159,2003,92331
159,2004,15362
159,2005,19363
159,2006,25841
159,2007,30831
159,2008,87013
159,2009,44301
159,2010,70688
159,2011,89539
159,2012,111407
159,2013,120566
159,2014,133147
159,2015,103729
159,2016,59849
159,2017,77629
159,2018,86892
159,2019,102182
159,2020,76061
159,2021,121145
159,2022,93711
159,2023,62803
16,1973,135
16,1974,81
16,1977,169
16,1978,286
16,1979,316
16,1980,276
16,1981,239
16,1982,264
16,1983,228
16,1984,971
16,1985,828
16,1986,882
16,1987,1070
16,1988,1129
16,1989,1629
16,1990,1515
16,1991,1456
16,1992,2131
16,1993,1895
16,1994,2015
16,1995,2524
16,1996,2853
16,1997,2401
16,1998,3160
16,1999,2524
16,2000,2858
16,2001,2948
16,2002,2235
16,2003,1448
16,2004,1615
16,2005,424
16,2006,2395
16,2007,2274
16,2008,2167
16,2009,3592
16,2010,5147
16,2011,3059
16,2012,2902
16,2013,2423
16,2014,3882
16,2015,5285
16,2016,5335
16,2017,4117
16,2018,3710
16,2019,3628
16,2020,3004
16,2021,3406
16,2022,824
16,2023,1140
160,1961,63
160,1962,72
160,1963,83
160,1964,122
160,1965,101
160,1966,138
160,1967,138
160,1968,137
160,1969,138
160,1970,133
160,1971,176
160,1972,176
160,1973,275
160,1974,183
160,1975,377
160,1976,246
160,1977,397
160,1978,404
160,1979,307
160,1980,280
160,1981,268
160,1982,38
160,1983,381
160,1984,360
160,1985,180
160,1986,665
160,1987,270
160,1988,216
160,1989,216
160,1990,270
160,1991,216
160,1992,270
160,1993,180
160,1994,252
160,1995,360
160,1996,360
160,1997,162
160,1998,126
160,1999,180
160,2000,180
160,2001,90
160,2002,74
160,2003,93
160,2004,230
160,2005,124
160,2006,149
160,2007,77
160,2008,120
160,2009,117
160,2010,77
160,2011,140
160,2012,110
160,2013,203
160,2014,303
160,2015,321
160,2016,387
160,2017,45
160,2018,372
160,2019,579
160,2020,257
160,2021,421
160,2022,314
160,2023,473
162,1961,20174
162,1962,21544
162,1963,19899
162,1964,20499
162,1965,24065
162,1966,27660
162,1967,27335
162,1968,35923
162,1969,40406
162,1970,41167
162,1971,47316
162,1972,49615
162,1973,51618
162,1974,56517
162,1975,61724
162,1976,59145
162,1977,61913
162,1978,50553
162,1979,71303
162,1980,72204
162,1981,79669
162,1982,51894
162,1983,78625
162,1984,82006
162,1985,90314
162,1986,96512
162,1987,105705
162,1988,117456
162,1989,116678
162,1990,122486
162,1991,125143
162,1992,121380
162,1993,122136
162,1994,146794
162,1995,160120
162,1996,175223
162,1997,197594
162,1998,202867
162,1999,253128
162,2000,252112
162,2001,300230
162,2002,305927
162,2003,345597
162,2004,389438
162,2005,408757
162,2006,398075
162,2007,406330
162,2008,415765
162,2009,413454
162,2010,430877
162,2011,441772
162,2012,438848
162,2013,429338
162,2014,452129
162,2015,441649
162,2016,473974
162,2017,516479
162,2018,509197
162,2019,526321
162,2020,656209
162,2021,712911
162,2022,608224
162,2023,518146
165,1961,16332
165,1962,16332
165,1963,17149
165,1964,17966
165,1965,28582
165,1966,15516
165,1967,15107
165,1968,15352
165,1969,16332
165,1970,16741
165,1971,12249
165,1972,8983
165,1973,3266
165,1974,2458
165,1975,1854
165,1976,588
165,1978,563
165,1979,1070
165,1980,621
165,1981,539
165,1982,1037
165,1983,2670
165,1984,2156
165,1985,2123
165,1986,2711
165,1987,2262
165,1988,2564
165,1989,4908
165,1990,4393
165,1991,4565
165,1992,7325
165,1993,4581
165,1994,6002
165,1995,4810
165,1996,5333
165,1997,4859
165,1998,5128
165,1999,4998
165,2000,3951
165,2001,1723
165,2002,1053
165,2003,1944
165,2004,3364
165,2005,3209
165,2006,1233
165,2007,3773
165,2008,3217
165,2009,2548
165,2010,3128
165,2011,2385
165,2012,2376
165,2013,1274
165,2014,574
165,2015,164
165,2016,329
165,2017,215
165,2018,197
165,2019,202
165,2020,290
165,2021,438
165,2022,1000
165,2023,376
166,1961,448
166,1962,440
166,1963,403
166,1964,399
166,1965,419
166,1966,507
166,1967,493
166,1968,526
166,1969,665
166,1970,701
166,1971,752
166,1972,617
166,1973,837
166,1974,883
166,1975,971
166,1976,1129
166,1977,1220
166,1978,1459
166,1979,1475
166,1980,1368
166,1981,1816
166,1982,1857
166,1983,2036
166,1984,2379
166,1985,2219
166,1986,2155
166,1987,2017
166,1988,1067
166,1989,1282
166,1990,1728
166,1991,1470
166,1992,1621
166,1993,1872
166,1994,2351
166,1995,2871
166,1996,3589
166,1997,4363
166,1998,11625
166,1999,18579
166,2000,13973
166,2001,13784
166,2002,14829
166,2003,12621
166,2004,12894
166,2005,13756
166,2006,15330
166,2007,18582
166,2008,27954
166,2009,38436
166,2010,44089
166,2011,45569
166,2012,51450
166,2013,65147
166,2014,72445
166,2015,86971
166,2016,70630
166,2017,59432
166,2018,79766
166,2019,119000
166,2020,120871
166,2021,143811
166,2022,149179
166,2023,74468
167,1993,39604
167,1994,60920
167,1995,53869
167,1996,93798
167,1997,117043
167,1998,88573
167,1999,96324
167,2000,114152
167,2001,150197
167,2002,164031
167,2003,168338
167,2004,182821
167,2005,181361
167,2006,213430
167,2007,224204
167,2008,248530
167,2009,263944
167,2010,317055
167,2011,310694
167,2012,254616
167,2013,251610
167,2014,222710
167,2015,238037
167,2016,234843
167,2017,249374
167,2018,251879
167,2019,253369
167,2020,274322
167,2021,267720
167,2022,303429
167,2023,284085
168,1961,4157
168,1962,4601
168,1963,7009
168,1964,5263
168,1965,4075
168,1966,3524
168,1967,3695
168,1968,4923
168,1969,3997
168,1970,7210
168,1971,11022
168,1972,10870
168,1973,7079
168,1974,2089
168,1975,1899
168,1976,1347
168,1977,1331
168,1978,1313
168,1979,1250
168,1980,1223
168,1981,1162
168,1982,1140
168,1983,1181
168,1984,1286
168,1985,1823
168,1986,1104
168,1987,2303
168,1988,1259
168,1989,1464
168,1990,877
168,1991,719
168,1992,719
168,1993,647
168,1994,1492
168,1995,604
168,1996,975
168,1997,1059
168,1998,1821
168,1999,1726
168,2000,1764
168,2001,3422
168,2002,556
168,2003,581
168,2004,455
168,2005,820
168,2006,842
168,2007,638
168,2008,838
168,2009,912
168,2010,777
168,2011,942
168,2012,1546
168,2013,7951
168,2014,5441
168,2015,26466
168,2016,22833
168,2017,23686
168,2018,8409
168,2019,11480
168,2020,2582
168,2021,2268
168,2022,8165
168,2023,4431
169,1961,332
169,1962,360
169,1963,502
169,1964,525
169,1965,181
169,1966,350
169,1967,472
169,1968,542
169,1969,437
169,1970,343
169,1971,321
169,1972,390
169,1973,245
169,1974,601
169,1975,503
169,1976,703
169,1977,4084
169,1978,4876
169,1979,8438
169,1980,11453
169,1981,8645
169,1982,6326
169,1983,3321
169,1984,7838
169,1985,7050
169,1986,7285
169,1987,6624
169,1988,7477
169,1989,4891
169,1990,7122
169,1991,15635
169,1992,15821
169,1993,22536
169,1994,64916
169,1995,66979
169,1996,70278
169,1997,64550
169,1998,35563
169,1999,51205
169,2000,50429
169,2001,37149
169,2002,28122
169,2003,44444
169,2004,36475
169,2005,52443
169,2006,68525
169,2007,83203
169,2008,111532
169,2009,91857
169,2010,97362
169,2011,112278
169,2012,118803
169,2013,104242
169,2014,154927
169,2015,173473
169,2016,181306
169,2017,196376
169,2018,185825
169,2019,188362
169,2020,182765
169,2021,231417
169,2022,192750
169,2023,196716
170,1961,407
170,1962,546
170,1963,589
170,1964,486
170,1965,638
170,1966,895
170,1967,811
170,1968,220
170,1969,456
170,1970,508
170,1971,688
170,1972,321
170,1973,387
170,1974,400
170,1975,65
170,1976,67
170,1977,306
170,1978,9
170,1979,1144
170,1980,2972
170,1981,7114
170,1982,6631
170,1983,4727
170,1984,3700
170,1985,3549
170,1986,1385
170,1987,625
170,1990,2093
170,1991,8890
170,1992,4260
170,1993,7094
170,1994,10715
170,1995,14514
170,1996,12840
170,1997,16187
170,1998,14825
170,1999,14191
170,2000,14850
170,2001,14991
170,2002,18306
170,2003,17834
170,2004,16283
170,2005,32344
170,2006,26448
170,2007,24996
170,2008,29707
170,2009,27896
170,2010,41336
170,2011,45633
170,2012,49041
170,2013,44680
170,2014,38386
170,2015,43429
170,2016,45019
170,2017,54582
170,2018,69619
170,2019,86239
170,2020,90348
170,2021,145321
170,2022,130008
170,2023,99358
171,1961,2
171,1962,425
171,1963,344
171,1964,399
171,1965,390
171,1966,401
171,1967,554
171,1968,589
171,1969,439
171,1970,335
171,1971,453
171,1972,304
171,1973,246
171,1974,336
171,1975,534
171,1976,686
171,1977,819
171,1978,896
171,1979,1200
171,1980,1102
171,1981,1034
171,1982,1361
171,1983,1878
171,1984,451
171,1985,695
171,1986,956
171,1987,2259
171,1988,2041
171,1989,2581
171,1990,1984
171,1991,1558
171,1992,2216
171,1993,2584
171,1994,3729
171,1995,3169
171,1996,4320
171,1997,4329
171,1998,5159
171,1999,6321
171,2000,10254
171,2001,10501
171,2002,10900
171,2003,11758
171,2004,12370
171,2005,12011
171,2006,12439
171,2007,12906
171,2008,15924
171,2009,15706
171,2010,18479
171,2011,19154
171,2012,18577
171,2013,18955
171,2014,27863
171,2015,31135
171,2016,44062
171,2017,50452
171,2018,31044
171,2019,35813
171,2020,17397
171,2021,30463
171,2022,36485
171,2023,32869
173,1961,23653
173,1962,30673
173,1963,40129
173,1964,42291
173,1965,33216
173,1966,35909
173,1967,48200
173,1968,63775
173,1969,76441
173,1970,71887
173,1971,74362
173,1972,109423
173,1973,112863
173,1974,97425
173,1975,88793
173,1976,118035
173,1977,134341
173,1978,104853
173,1979,101111
173,1980,119298
173,1981,65415
173,1982,94784
173,1983,133062
173,1984,154079
173,1985,182023
173,1986,210211
173,1987,226101
173,1988,218157
173,1989,252245
173,1990,180504
173,1991,110912
173,1992,152074
173,1993,131882
173,1994,113232
173,1995,103652
173,1996,132681
173,1997,164509
173,1998,186986
173,1999,216930
173,2000,218987
173,2001,209078
173,2002,223020
173,2003,183344
173,2004,150512
173,2005,164961
173,2006,182473
173,2007,245822
173,2008,228546
173,2009,256293
173,2010,252135
173,2011,296260
173,2012,335791
173,2013,326516
173,2014,381342
173,2015,372905
173,2016,391641
173,2017,455938
173,2018,435311
173,2019,483856
173,2020,500890
173,2021,545760
173,2022,567334
173,2023,525524
174,1961,496
174,1962,400
174,1963,317
174,1964,351
174,1965,408
174,1966,420
174,1967,296
174,1968,306
174,1969,310
174,1970,362
174,1971,365
174,1972,333
174,1973,352
174,1974,273
174,1975,141
174,1976,97
174,1977,120
174,1978,75
174,1979,42997
174,1980,175
174,1981,260
174,1982,472
174,1983,439
174,1984,360
174,1985,302
174,1986,1429
174,1987,2759
174,1988,3117
174,1989,137652
174,1990,23051
174,1991,11494
174,1992,9778
174,1993,23134
174,1994,108588
174,1995,68016
174,1996,53276
174,1997,51123
174,1998,128445
174,1999,181392
174,2000,160392
174,2001,145270
174,2002,118330
174,2003,115384
174,2004,145637
174,2005,130903
174,2006,92559
174,2007,112502
174,2008,118618
174,2009,135344
174,2010,127603
174,2011,119397
174,2012,115847
174,2013,143326
174,2014,199702
174,2015,195700
174,2016,177339
174,2017,219461
174,2018,201280
174,2019,268725
174,2020,267609
174,2021,271369
174,2022,292644
174,2023,276148
175,1961,1789
175,1962,2063
175,1963,2962
175,1964,3228
175,1965,3194
175,1966,4195
175,1967,3642
175,1968,4293
175,1969,4725
175,1970,4504
175,1971,5167
175,1972,5141
175,1973,5182
175,1974,3446
175,1975,3970
175,1976,1642
175,1977,1486
175,1978,219
175,1979,446
175,1980,272
175,1981,594
175,1982,520
175,1983,865
175,1984,382
175,1985,566
175,1986,132
175,1987,420
175,1988,1712
175,1989,2740
175,1990,3425
175,1991,3425
175,1992,3767
175,1993,4794
175,1994,4452
175,1995,3853
175,1996,4195
175,1997,5779
175,1998,2269
175,1999,4452
175,2000,7149
175,2001,6145
175,2002,6709
175,2003,6190
175,2004,7275
175,2005,8408
175,2006,6766
175,2007,7917
175,2008,6680
175,2009,9151
175,2010,9979
175,2011,12683
175,2012,12248
175,2013,11262
175,2014,14808
175,2015,13038
175,2016,14506
175,2017,16466
175,2018,14466
175,2019,17839
175,2020,15751
175,2021,20565
175,2022,22972
175,2023,20753
176,1961,701
176,1962,751
176,1963,1173
176,1964,758
176,1965,1268
176,1966,1706
176,1967,2190
176,1968,2285
176,1969,2756
176,1970,2939
176,1971,3274
176,1972,1959
176,1973,2374
176,1974,2611
176,1975,2598
176,1976,2598
176,1977,2598
176,1978,2598
176,1979,2571
176,1980,2571
176,1981,2571
176,1982,2571
176,1983,2638
176,1984,2638
176,1985,2774
176,1986,2841
176,1987,2841
176,1988,3112
176,1989,3112
176,1990,3450
176,1991,3721
176,1992,3721
176,1993,4059
176,1994,4330
176,1995,4465
176,1996,4533
176,1997,4668
176,1998,4925
176,1999,4898
176,2000,5020
176,2001,5087
176,2002,5141
176,2003,4883
176,2004,4844
176,2005,4827
176,2006,260
176,2007,257
176,2008,368
176,2009,568
176,2010,777
176,2011,6179
176,2012,7501
176,2013,7370
176,2014,9874
176,2015,10755
176,2016,9733
176,2017,10619
176,2018,2857
176,2019,3200
176,2020,1746
176,2021,633
176,2022,8167
176,2023,7650
178,2014,47
178,2015,9
178,2016,303
178,2017,26
178,2018,49
178,2019,26
178,2020,5
178,2021,4
178,2022,58
178,2023,79
179,1972,101
179,1973,1207
179,1974,1857
179,1975,309
179,1976,829
179,1977,1261
179,1978,2319
179,1979,2002
179,1980,638
179,1981,1576
179,1982,1576
179,1983,1576
179,1984,1576
179,1985,1103
179,1986,1293
179,1987,1261
179,1988,1182
179,1989,1025
179,1990,709
179,1991,1055
179,1992,980
179,1993,1277
179,1994,1264
179,1995,1879
179,1996,1879
179,1997,2207
179,1998,1892
179,1999,1734
179,2000,3213
179,2001,3911
179,2002,5110
179,2003,3069
179,2004,2216
179,2005,14817
179,2006,17128
179,2007,19198
179,2008,21488
179,2009,21488
179,2010,24770
179,2011,32542
179,2012,33604
179,2013,26870
179,2014,24877
179,2015,23324
179,2016,24421
179,2017,24591
179,2018,20959
179,2019,19922
179,2020,17595
179,2021,22435
179,2022,31158
179,2023,16047
18,1990,1508
18,1991,1809
18,1992,1111
18,1993,1135
18,1994,2998
18,1995,1525
18,1996,2444
18,1997,5160
18,1998,5507
18,1999,6767
18,2000,8854
18,2001,7950
18,2002,1732
18,2003,3061
18,2004,4058
18,2005,2493
18,2006,1854
18,2007,960
18,2008,1162
18,2009,1038
18,2010,9936
18,2011,1421
18,2012,2533
18,2013,2309
18,2014,1007
18,2015,920
18,2016,1116
18,2017,1119
18,2018,1018
18,2019,375
18,2020,275
18,2021,246
18,2022,407
18,2023,62
181,1961,770
181,1962,330
181,1963,880
181,1964,1174
181,1965,1015
181,1966,303
181,1975,380
181,1976,358
181,1977,213
181,1978,143
181,1979,161
181,1980,172
181,1981,193
181,1982,150
181,1983,126
181,1984,329
181,1985,233
181,1986,205
181,1987,221
181,1988,232
181,1989,208
181,1990,166
181,1991,270
181,1992,10752
181,1993,1031
181,1994,2620
181,1995,5009
181,1996,2117
181,1997,2806
181,1998,1430
181,1999,1407
181,2000,718
181,2001,677
181,2002,2013
181,2003,1024
181,2004,923
181,2005,509
181,2006,1055
181,2007,1022
181,2008,9603
181,2009,14141
181,2010,10790
181,2011,12196
181,2012,10915
181,2013,9032
181,2014,9429
181,2015,7436
181,2016,6274
181,2017,3400
181,2018,4365
181,2019,327
181,2020,2426
181,2021,6654
181,2022,19244
181,2023,8803
183,1961,19797
183,1962,21052
183,1963,19427
183,1964,20275
183,1965,15455
183,1966,19255
183,1967,16087
183,1968,17161
183,1969,12828
183,1970,11636
183,1971,15256
183,1972,12638
183,1973,20227
183,1974,21936
183,1975,45834
183,1976,26540
183,1977,45137
183,1978,20763
183,1979,15527
183,1980,12367
183,1981,11916
183,1982,10472
183,1983,9388
183,1984,10652
183,1985,10472
183,1986,9027
183,1987,7222
183,1988,9027
183,1990,24825
183,1991,33297
183,1992,46039
183,1993,54428
183,1994,48852
183,1995,52684
183,1996,13706
183,1997,6303
183,1998,12204
183,1999,8626
183,2000,2920
183,2001,2394
183,2002,2339
183,2003,2833
183,2004,6766
183,2005,6759
183,2006,69498
183,2007,52159
183,2008,87687
183,2009,28447
183,2010,42480
183,2011,115770
183,2012,89251
183,2013,82798
183,2014,74604
183,2015,80381
183,2016,87291
183,2017,89226
183,2018,79862
183,2019,74851
183,2020,96068
183,2021,113184
183,2022,117011
183,2023,99108
184,1967,23
184,1969,18
184,1970,7
184,1971,74
184,1972,25
184,1973,79
184,1974,149
184,1975,102
184,1976,104
184,1977,119
184,1978,109
184,1979,125
184,1980,170
184,1981,153
184,1982,166
184,1983,148
184,1984,174
184,1985,245
184,1986,189
184,1987,202
184,1988,192
184,1989,206
184,1990,78
184,1991,63
184,1992,513
184,1993,298
184,1994,336
184,1995,480
184,1996,1460
184,1997,1331
184,1998,1754
184,1999,560
184,2000,368
184,2001,354
184,2002,302
184,2003,406
184,2004,452
184,2005,1064
184,2006,1154
184,2007,1036
184,2008,2742
184,2009,1433
184,2010,1527
184,2011,2549
184,2012,4557
184,2013,3482
184,2014,5451
184,2015,7206
184,2016,9011
184,2017,8754
184,2018,6808
184,2019,3982
184,2020,4296
184,2021,5826
184,2022,15501
184,2023,4617
185,1992,355019
185,1993,627290
185,1994,611523
185,1995,914445
185,1996,509754
185,1997,559333
185,1998,513046
185,1999,134609
185,2000,312653
185,2001,516374
185,2002,586781
185,2003,824055
185,2004,992001
185,2005,1221424
185,2006,982047
185,2007,1069767
185,2008,1107266
185,2009,1116248
185,2010,1376507
185,2011,1381071
185,2012,1439484
185,2013,1403524
185,2014,1248749
185,2015,938132
185,2016,959494
185,2017,1196831
185,2018,1267245
185,2019,1450905
185,2020,1444537
185,2021,1604562
185,2022,979685
185,2023,941136
188,1961,235
188,1962,235
188,1963,264
188,1964,376
188,1965,264
188,1966,264
188,1967,305
188,1968,332
188,1969,478
188,1970,696
188,1971,869
188,1972,898
188,1973,358
188,1974,270
188,1975,276
188,1976,361
188,1977,276
188,1978,323
188,1979,311
188,1980,379
188,1981,452
188,1982,235
188,1983,543
188,1984,261
188,1985,478
188,1986,716
188,1987,660
188,1988,734
188,1989,763
188,1990,998
188,1991,470
188,1992,587
188,1993,1027
188,1994,646
188,1995,1198
188,1996,842
188,1997,1139
188,1998,1262
188,1999,675
188,2000,1547
188,2001,1201
188,2002,1027
188,2003,1374
188,2004,1071
188,2005,1280
188,2006,1550
188,2007,1908
188,2008,3367
188,2009,2422
188,2010,2530
188,2011,1738
188,2012,2886
188,2013,2877
188,2014,2177
188,2015,2031
188,2016,2508
188,2017,2344
188,2018,2161
188,2019,1977
188,2020,1415
188,2021,767
188,2022,1389
188,2023,1181
189,1961,665
189,1962,625
189,1963,655
189,1964,965
189,1965,1003
189,1966,1466
189,1967,1230
189,1968,1484
189,1969,2312
189,1970,2644
189,1971,3396
189,1972,3886
189,1973,5106
189,1974,2398
189,1975,2508
189,1976,1259
189,1977,1080
189,1978,1218
189,1979,876
189,1980,648
189,1981,801
189,1982,615
189,1983,711
189,1984,903
189,1985,778
189,1986,874
189,1987,1257
189,1988,1518
189,1989,1163
189,1990,1316
189,1991,3899
189,1992,4022
189,1993,2396
189,1994,2260
189,1995,2869
189,1996,1977
189,1997,2068
189,1998,2667
189,1999,2990
189,2000,3123
189,2001,2304
189,2002,3046
189,2003,4064
189,2004,3586
189,2005,4614
189,2006,5527
189,2007,5302
189,2008,6374
189,2009,4287
189,2010,3115
189,2011,2412
189,2012,4770
189,2013,3350
189,2014,6899
189,2015,3982
189,2016,6141
189,2017,30003
189,2018,6932
189,2019,6593
189,2020,4188
189,2021,2232
189,2022,3582
189,2023,2708
19,1961,163
19,1962,206
19,1963,198
19,1964,161
19,1965,152
19,1966,103
19,1967,113
19,1968,41
19,1969,25
19,1970,35
19,1971,29
19,1972,31
19,1978,33
19,1979,83
19,1980,18
19,1981,31
19,1982,11
19,1983,105
19,1984,5
19,1985,59
19,1986,167
19,1987,323
19,1988,156
19,1989,166
19,1990,101
19,1991,115
19,1992,97
19,1993,202
19,1994,167
19,1995,196
19,1996,300
19,1997,599
19,1998,933
19,1999,821
19,2000,1506
19,2001,1069
19,2002,777
19,2003,879
19,2004,702
19,2005,794
19,2006,960
19,2007,874
19,2008,1024
19,2009,1336
19,2010,1631
19,2011,5333
19,2012,17536
19,2013,17409
19,2014,11883
19,2015,13326
19,2016,13826
19,2017,12172
19,2018,13139
19,2019,11383
19,2020,15869
19,2021,21160
19,2022,21251
19,2023,30095
191,1961,1298
191,1962,882
191,1963,942
191,1964,949
191,1965,860
191,1966,1167
191,1967,1155
191,1968,1367
191,1969,2484
191,1970,3325
191,1971,3445
191,1972,4004
191,1973,3407
191,1974,2509
191,1975,2944
191,1976,2776
191,1977,2811
191,1978,2855
191,1979,3648
191,1980,4711
191,1981,3607
191,1982,3747
191,1983,3125
191,1984,3157
191,1985,1631
191,1986,1666
191,1987,964
191,1988,1098
191,1989,1275
191,1990,1107
191,1991,1110
191,1992,1164
191,1993,546
191,1994,815
191,1995,1072
191,1996,1031
191,1997,1253
191,1998,1488
191,1999,1542
191,2000,1082
191,2001,1989
191,2002,2427
191,2003,1834
191,2004,2179
191,2005,2265
191,2006,2709
191,2007,3613
191,2008,6367
191,2009,4473
191,2010,4048
191,2011,3664
191,2012,3766
191,2013,1240
191,2014,2859
191,2015,2932
191,2016,3138
191,2017,2416
191,2018,3192
191,2019,4663
191,2020,6362
191,2021,6548
191,2022,6999
191,2023,7087
193,1961,3194
193,1962,3275
193,1963,3299
193,1964,4190
193,1965,3465
193,1966,3694
193,1967,3938
193,1968,3962
193,1969,5045
193,1970,5202
193,1971,4399
193,1972,4112
193,1973,4048
193,1974,2441
193,1975,2861
193,1976,2389
193,1977,2395
193,1978,1331
193,1979,798
193,1980,1996
193,1981,780
193,1982,760
193,1983,399
193,1984,293
193,1985,568
193,1986,466
193,1987,409
193,1988,1214
193,1989,1131
193,1990,1859
193,1991,2467
193,1992,2036
193,1993,4083
193,1994,3846
193,1995,4431
193,1996,5452
193,1997,5401
193,1998,7501
193,1999,6491
193,2000,4658
193,2001,6835
193,2002,8534
193,2003,7247
193,2004,6993
193,2005,5908
193,2006,7974
193,2007,7720
193,2008,4595
193,2009,3755
193,2010,6554
193,2011,7014
193,2012,6922
193,2013,8783
193,2014,7988
193,2015,6324
193,2016,7042
193,2017,5015
193,2018,6149
193,2019,5552
193,2020,5874
193,2021,7320
193,2022,7431
193,2023,5337
195,1961,10396
195,1962,9062
195,1963,10339
195,1964,8241
195,1965,6255
195,1966,5499
195,1967,5652
195,1968,5124
195,1969,4876
195,1970,4213
195,1971,4494
195,1972,5041
195,1973,4861
195,1974,4806
195,1975,6481
195,1976,7307
195,1977,6959
195,1978,6713
195,1979,5589
195,1980,5405
195,1981,6139
195,1982,5612
195,1983,6796
195,1984,6402
195,1985,4189
195,1986,4597
195,1987,3510
195,1988,5351
195,1989,8415
195,1990,7698
195,1991,3682
195,1992,3332
195,1993,2830
195,1994,3198
195,1995,3089
195,1996,2784
195,1997,2861
195,1998,3574
195,1999,4147
195,2000,3798
195,2001,6003
195,2002,7951
195,2003,7584
195,2004,7531
195,2005,6427
195,2006,8547
195,2007,8354
195,2008,9759
195,2009,9286
195,2010,9789
195,2011,9981
195,2012,10670
195,2013,10054
195,2014,10831
195,2015,12369
195,2016,14109
195,2017,18121
195,2018,17552
195,2019,20976
195,2020,21323
195,2021,25901
195,2022,21370
195,2023,22429
196,1961,741
196,1962,806
196,1963,1051
196,1964,1651
196,1965,1529
196,1966,1839
196,1967,2177
196,1968,2194
196,1969,3154
196,1970,3560
196,1971,4341
196,1972,3764
196,1973,1142
196,1974,1127
196,1975,1003
196,1976,1182
196,1977,1282
196,1978,1524
196,1979,1328
196,1980,861
196,1981,828
196,1982,779
196,1983,625
196,1984,471
196,1985,663
196,1986,760
196,1987,999
196,1988,1520
196,1989,963
196,1990,1319
196,1991,1218
196,1992,553
196,1993,4617
196,1994,1522
196,1995,1959
196,1996,1930
196,1997,1062
196,1998,1243
196,1999,1100
196,2000,929
196,2001,213
196,2002,3899
196,2003,2259
196,2004,1311
196,2005,1167
196,2006,2531
196,2007,2172
196,2008,1767
196,2009,1970
196,2010,3709
196,2011,3891
196,2012,3490
196,2013,3802
196,2014,12476
196,2015,8049
196,2016,25204
196,2017,10287
196,2018,709
196,2019,10565
196,2020,8776
196,2021,788
196,2022,1362
196,2023,10757
197,1961,5674
197,1962,5322
197,1963,4261
197,1964,2999
197,1965,2360
197,1966,1648
197,1967,1329
197,1968,403
197,1969,594
197,1970,475
197,1971,697
197,1972,943
197,1973,746
197,1974,715
197,1975,708
197,1976,671
197,1977,598
197,1978,457
197,1979,339
197,1980,322
197,1981,340
197,1982,983
197,1983,238
197,1984,958
197,1985,1037
197,1986,1098
197,1987,1324
197,1988,1839
197,1989,4800
197,1990,1701
197,1991,1094
197,1992,671
197,1993,1048
197,1994,1085
197,1995,1241
197,1996,1021
197,1997,791
197,1998,929
197,1999,2428
197,2000,3127
197,2001,2311
197,2002,4182
197,2003,4188
197,2004,3755
197,2005,2655
197,2006,3146
197,2007,4400
197,2008,5720
197,2009,4454
197,2010,4729
197,2011,6581
197,2012,8595
197,2013,10882
197,2014,9873
197,2015,14703
197,2016,7771
197,2017,10660
197,2018,10435
197,2019,10432
197,2020,10279
197,2021,10598
197,2022,1582
197,2023,1281
198,1992,58765
198,1993,35684
198,1994,20023
198,1995,26494
198,1996,30299
198,1997,25332
198,1998,15668
198,1999,13232
198,2000,40077
198,2001,10175
198,2002,9199
198,2003,10515
198,2004,13454
198,2005,21478
198,2006,26168
198,2007,30957
198,2008,36128
198,2009,35285
198,2010,33099
198,2011,32093
198,2012,32736
198,2013,32999
198,2014,41923
198,2015,49292
198,2016,57013
198,2017,68365
198,2018,66275
198,2019,58118
198,2020,57774
198,2021,56874
198,2022,66621
198,2023,64042
199,1993,57993
199,1994,36698
199,1995,43864
199,1996,58708
199,1997,46381
199,1998,32908
199,1999,29515
199,2000,40254
199,2001,36835
199,2002,34142
199,2003,37150
199,2004,31391
199,2005,37723
199,2006,65194
199,2007,74356
199,2008,67673
199,2009,84758
199,2010,94211
199,2011,118647
199,2012,102673
199,2013,110545
199,2014,130989
199,2015,162959
199,2016,146079
199,2017,156209
199,2018,188024
199,2019,168516
199,2020,160753
199,2021,146126
199,2022,140582
199,2023,143710
2,1973,39
2,1974,39
2,1975,283
2,1976,248
2,1977,301
2,1978,95
2,2002,2207
2,2003,3795
2,2004,16894
2,2005,9114
2,2006,14121
2,2007,10627
2,2008,8993
2,2009,11702
2,2010,11126
2,2011,10008
2,2012,5061
2,2013,10001
2,2014,3549
2,2015,231
2,2016,246
2,2018,2471
2,2020,1689
2,2021,918
2,2022,50
2,2023,36
20,1961,3804
20,1962,3804
20,1963,3930
20,1964,3930
20,1965,3930
20,1966,4244
20,1967,4433
20,1968,4559
20,1969,4779
20,1970,4904
20,1971,5124
20,1972,5282
20,1973,5596
20,1974,5914
20,1975,8458
20,1976,5843
20,1977,5961
20,1978,3598
20,1979,591
20,1980,894
20,1981,1063
20,1982,1437
20,1983,1743
20,1984,3107
20,1985,2907
20,1986,3922
20,1987,4046
20,1988,3066
20,1989,5333
20,1990,7736
20,1991,9052
20,1992,22492
20,1993,19913
20,1994,5716
20,1995,2993
20,1996,3695
20,1997,6183
20,1998,3780
20,1999,3221
20,2000,6701
20,2001,3412
20,2002,3221
20,2003,3915
20,2004,3957
20,2005,5900
20,2006,9030
20,2007,26512
20,2008,18302
20,2009,15238
20,2010,19113
20,2011,18981
20,2012,11080
20,2013,11080
20,2014,11917
20,2015,14439
20,2016,26878
20,2017,90511
20,2018,77578
20,2019,107387
20,2020,92041
20,2021,99401
20,2022,147245
20,2023,139944
200,1961,43949
200,1962,41609
200,1963,53021
200,1964,45840
200,1965,40485
200,1966,44181
200,1967,52024
200,1968,52811
200,1969,61634
200,1970,67755
200,1971,73358
200,1972,65166
200,1973,55863
200,1974,56995
200,1975,62649
200,1976,66749
200,1977,66593
200,1978,69233
200,1979,61243
200,1980,59500
200,1981,62910
200,1982,63125
200,1983,94348
200,1984,101542
200,1985,96179
200,1986,82388
200,1987,85874
200,1988,83554
200,1989,174560
200,1990,185147
200,1991,136222
200,1992,184175
200,1993,157856
200,1994,155949
200,1995,175221
200,1996,193622
200,1997,227800
200,1998,203742
200,1999,249106
200,2000,271131
200,2001,272747
200,2002,295404
200,2003,334058
200,2004,343538
200,2005,370202
200,2006,382562
200,2007,458716
200,2008,477781
200,2009,433752
200,2010,489291
200,2011,591040
200,2012,627651
200,2013,765684
200,2014,726337
200,2015,761811
200,2016,664030
200,2017,687605
200,2018,660250
200,2019,699151
200,2020,553696
200,2021,564931
200,2022,585085
200,2023,517153
201,1961,2064
201,1962,1975
201,1963,1452
201,1964,1898
201,1965,2495
201,1966,2449
201,1967,1690
201,1968,2826
201,1969,2706
201,1970,2000
201,1971,1660
201,1972,1894
201,1973,1615
201,1974,1386
201,1975,209
201,1976,2075
201,1977,1422
201,1978,1129
201,1979,832
201,1980,1277
201,1981,1998
201,1982,1102
201,1983,517
201,1984,1814
201,1985,1588
201,1986,1474
201,1987,1134
201,1988,567
201,1989,340
201,1990,1134
201,1993,1814
201,1994,454
201,2002,18
201,2005,5
201,2006,18
201,2007,34
201,2008,7
201,2009,7
201,2011,11
201,2012,7
201,2013,506
201,2014,18
201,2015,38
201,2016,854
201,2017,987
201,2018,764
201,2019,874
201,2020,672
201,2021,689
201,2022,829
201,2023,932
202,1961,2714
202,1962,3129
202,1963,3463
202,1964,14072
202,1965,14430
202,1966,4925
202,1967,4371
202,1968,5275
202,1969,4894
202,1970,5087
202,1971,4373
202,1972,2539
202,1973,3068
202,1974,10541
202,1975,13670
202,1976,2582
202,1977,3114
202,1978,2959
202,1979,1207
202,1980,1626
202,1981,2222
202,1982,3213
202,1983,4739
202,1984,7589
202,1985,3240
202,1986,2346
202,1987,17041
202,1988,15760
202,1989,1463
202,1990,1385
202,1991,2151
202,1992,3706
202,1993,3977
202,1994,6283
202,1995,14621
202,1996,39076
202,1997,45811
202,1998,33149
202,1999,30901
202,2000,23946
202,2001,12334
202,2002,12208
202,2003,38944
202,2004,24420
202,2005,28026
202,2006,28689
202,2007,184534
202,2008,205277
202,2009,272897
202,2010,40649
202,2011,49389
202,2012,54750
202,2013,212553
202,2014,126532
202,2015,93270
202,2016,109635
202,2017,140556
202,2018,272791
202,2019,438114
202,2020,180081
202,2021,206887
202,2022,207432
202,2023,259830
203,1961,746
203,1962,845
203,1963,1256
203,1964,1773
203,1965,1765
203,1966,2050
203,1967,2238
203,1968,3067
203,1969,4120
203,1970,3639
203,1971,4331
203,1972,19818
203,1973,84138
203,1974,7624
203,1975,8170
203,1976,7694
203,1977,8215
203,1978,9312
203,1979,11362
203,1980,10452
203,1981,13991
203,1982,21766
203,1983,25414
203,1984,29593
203,1985,37958
203,1986,59886
203,1987,75099
203,1988,77512
203,1989,97659
203,1990,119570
203,1991,139788
203,1992,178164
203,1993,176885
203,1994,242494
203,1995,425051
203,1996,287990
203,1997,180954
203,1998,241396
203,1999,266450
203,2000,280130
203,2001,245777
203,2002,272346
203,2003,328144
203,2004,359702
203,2005,284726
203,2006,312655
203,2007,312208
203,2008,319890
203,2009,274767
203,2010,304464
203,2011,287599
203,2012,437818
203,2013,515966
203,2014,488734
203,2015,549684
203,2016,550234
203,2017,549983
203,2018,574840
203,2019,535867
203,2020,602161
203,2021,594244
203,2022,581069
203,2023,602214
207,1961,1356
207,1962,1454
207,1963,877
207,1964,596
207,1965,528
207,1966,427
207,1967,417
207,1968,417
207,1969,1292
207,1970,2044
207,1971,1051
207,1972,995
207,1973,887
207,1974,772
207,1975,664
207,1976,926
207,1977,1158
207,1978,994
207,1979,863
207,1980,482
207,1981,709
207,1982,424
207,1983,254
207,1984,398
207,1985,208
207,1986,311
207,1987,123
207,1988,321
207,1989,160
207,1990,469
207,1991,1192
207,1992,1276
207,1993,1541
207,1994,825
207,1995,918
207,1996,1377
207,1997,2951
207,1998,2508
207,1999,1133
207,2000,1017
207,2001,1010
207,2002,1306
207,2003,1582
207,2004,1683
207,2005,2721
207,2006,2707
207,2007,4148
207,2008,3601
207,2009,4372
207,2010,4239
207,2011,5772
207,2012,5205
207,2013,6270
207,2014,8127
207,2015,7644
207,2016,7622
207,2017,7258
207,2018,4800
207,2019,7804
207,2020,7893
207,2021,6672
207,2022,5951
207,2023,1451
208,1992,856
208,1993,856
208,1994,1027
208,1995,2226
208,1996,659
208,1997,1490
208,1998,1250
208,1999,395
208,2000,300
208,2001,61
208,2002,316
208,2003,200
208,2004,1391
208,2005,4464
208,2006,6908
208,2007,5813
208,2008,2802
208,2009,2383
208,2010,1956
208,2011,2481
208,2012,5487
208,2013,7101
208,2014,3316
208,2015,3425
208,2016,3413
208,2017,3354
208,2018,4544
208,2019,2891
208,2020,2606
208,2021,1827
208,2022,2430
208,2023,2962
209,1961,2003
209,1962,2003
209,1963,2003
209,1964,2003
209,1965,2003
209,1966,2503
209,1967,2503
209,1968,2503
209,1969,3004
209,1970,3304
209,1971,3004
209,1972,4005
209,1973,5207
209,1974,4906
209,1975,7009
209,1976,9512
209,1977,7409
209,1978,4205
209,1979,3304
209,1980,4005
209,1981,4105
209,1982,5006
209,1983,4205
209,1984,5006
209,1985,5107
209,1997,7021
209,1998,4442
209,1999,6509
209,2000,4117
209,2001,10446
209,2002,11547
209,2003,6029
209,2004,3509
209,2005,2447
209,2006,3234
209,2007,3275
209,2008,1669
209,2009,1560
209,2010,1702
209,2011,612
209,2012,1621
209,2013,8079
209,2014,6021
209,2015,9629
209,2016,10615
209,2017,13208
209,2018,20491
209,2019,22324
209,2020,13563
209,2021,23046
209,2022,16666
209,2023,14451
21,1961,4395
21,1962,1951
21,1963,1825
21,1964,1500
21,1965,1065
21,1966,1763
21,1967,4843
21,1968,9045
21,1969,3885
21,1970,5643
21,1971,7572
21,1972,9826
21,1973,13292
21,1974,13496
21,1975,14022
21,1976,21041
21,1977,39220
21,1978,44100
21,1979,32957
21,1980,16349
21,1981,12842
21,1982,12442
21,1983,10926
21,1984,6000
21,1985,14621
21,1986,46118
21,1987,25122
21,1988,22812
21,1989,27755
21,1990,53003
21,1991,55643
21,1992,42096
21,1993,61788
21,1994,157853
21,1995,543287
21,1996,572238
21,1997,335575
21,1998,137204
21,1999,93267
21,2000,96190
21,2001,93430
21,2002,81426
21,2003,86044
21,2004,115279
21,2005,119945
21,2006,153649
21,2007,195112
21,2008,209104
21,2009,205063
21,2010,261514
21,2011,328022
21,2012,329900
21,2013,285835
21,2014,315247
21,2015,377990
21,2016,337537
21,2017,436340
21,2018,460108
21,2019,447326
21,2020,454715
21,2021,480249
21,2022,454758
21,2023,409511
210,1961,83025
210,1962,89190
210,1963,93208
210,1964,106410
210,1965,132922
210,1966,144778
210,1967,173710
210,1968,217001
210,1969,231603
210,1970,222594
210,1971,220197
210,1972,251524
210,1973,199837
210,1974,252185
210,1975,292157
210,1976,215911
210,1977,228945
210,1978,218235
210,1979,234075
210,1980,245994
210,1981,248224
210,1982,284755
210,1983,301582
210,1984,307275
210,1985,310346
210,1986,337513
210,1987,343311
210,1988,355225
210,1989,385171
210,1990,388035
210,1991,394700
210,1992,399870
210,1993,368576
210,1994,473060
210,1995,328787
210,1996,426017
210,1997,429741
210,1998,430731
210,1999,466704
210,2000,462220
210,2001,492682
210,2002,553529
210,2003,596950
210,2004,576146
210,2005,485084
210,2006,575264
210,2007,510262
210,2008,549020
210,2009,535927
210,2010,523059
210,2011,785189
210,2012,826691
210,2013,851344
210,2014,917983
210,2015,855361
210,2016,875502
210,2017,828629
210,2018,822422
210,2019,834059
210,2020,841051
210,2021,811419
210,2022,869720
210,2023,880064
211,1961,535628
211,1962,587256
211,1963,639450
211,1964,610557
211,1965,658531
211,1966,672057
211,1967,704762
211,1968,728997
211,1969,785003
211,1970,825025
211,1971,855822
211,1972,920810
211,1973,1055635
211,1974,1017978
211,1975,971848
211,1976,932356
211,1977,940328
211,1978,960331
211,1979,994794
211,1980,1076503
211,1981,1244242
211,1982,1231326
211,1983,1066926
211,1984,1091440
211,1985,1129966
211,1986,1054350
211,1987,1082336
211,1988,999217
211,1989,1025514
211,1990,981951
211,1991,1003106
211,1992,980673
211,1993,989086
211,1994,999107
211,1995,1044902
211,1996,1040843
211,1997,1038765
211,1998,1048977
211,1999,1022672
211,2000,981909
211,2001,1021208
211,2002,1013244
211,2003,1029362
211,2004,1025279
211,2005,1032964
211,2006,1046798
211,2007,1106907
211,2008,1107538
211,2009,1156773
211,2010,1195420
211,2011,1214461
211,2012,1227385
211,2013,1252574
211,2014,1272895
211,2015,1254379
211,2016,1242701
211,2017,1234588
211,2018,1161058
211,2019,1166767
211,2020,1210049
211,2021,1213450
211,2022,1166287
211,2023,1089830
212,1961,68
212,1962,218
212,1963,190
212,1964,131
212,1965,98
212,1966,90
212,1967,99
212,1968,81
212,1969,109
212,1970,55
212,1971,325
212,1972,158
212,1973,98
212,1974,415
212,1975,562
212,1976,1097
212,1977,900
212,1978,347
212,1979,206
212,1980,395
212,1981,161
212,1982,306
212,1983,789
212,1984,536
212,1985,443
212,1986,263
212,1987,512
212,1988,356
212,1989,379
212,1990,263
212,1991,364
212,1992,392
212,1993,454
212,1994,548
212,1995,444
212,1996,526
212,1997,484
212,1998,251
212,1999,387
212,2000,485
212,2001,844
212,2002,446
212,2003,3117
212,2004,2221
212,2005,2876
212,2006,8556
212,2007,12016
212,2008,15098
212,2009,12582
212,2010,5627
212,2011,5631
212,2012,5528
212,2013,3248
212,2014,3381
212,2015,4366
212,2016,3858
212,2017,5443
212,2018,3922
212,2019,4036
212,2020,4053
212,2021,3474
212,2022,2010
212,2023,1144
213,1992,8
213,1993,3939
213,1994,3295
213,1995,3334
213,1996,2988
213,1997,3487
213,1998,4506
213,1999,1707
213,2000,1766
213,2001,798
213,2002,4528
213,2003,9337
213,2004,11064
213,2005,11892
213,2006,10153
213,2007,5223
213,2008,4514
213,2009,1993
213,2010,4073
213,2011,2615
213,2012,2435
213,2013,2711
213,2014,3431
213,2015,2098
213,2016,893
213,2017,982
213,2018,706
213,2019,739
213,2020,876
213,2021,1298
213,2022,540
213,2023,680
214,1963,2
214,1964,3
214,1965,7
214,1966,707
214,1967,2371
214,1968,10681
214,1969,443
214,1970,723
214,1971,110
214,1972,30
214,1973,140
214,1974,8257
214,1975,21
214,1976,66
214,1978,345
214,1979,41026
214,1980,34552
214,1981,29676
214,1982,136
214,1983,304
214,1984,490
214,1985,231
214,1986,252
214,1987,49555
214,1988,27963
214,1989,25058
214,1990,35422
214,1991,35100
214,1992,38762
214,1993,50886
214,1994,115185
214,1995,289815
214,1996,231099
214,1997,289927
214,1998,281710
214,1999,179808
214,2000,165777
214,2001,157880
214,2002,226808
214,2003,225561
214,2004,185834
214,2005,199197
214,2006,205771
214,2007,219755
214,2008,209568
214,2009,212352
214,2010,253001
214,2011,279529
214,2012,281532
214,2013,290113
214,2014,315325
214,2015,336516
214,2016,366931
214,2017,390454
214,2018,377023
214,2019,406497
214,2020,406805
214,2021,437076
214,2022,476049
214,2023,515840
215,1961,9277
215,1962,9550
215,1963,9963
215,1964,11761
215,1965,9242
215,1966,8137
215,1967,4492
215,1968,2814
215,1969,1558
215,1970,2427
215,1971,1699
215,1972,2242
215,1973,3501
215,1974,2172
215,1975,44
215,1976,62
215,1977,62
215,1978,78
215,1979,116
215,1980,55
215,1981,14
215,1982,103
215,1983,105
215,1984,158
215,1985,3371
215,1986,2634
215,1987,2212
215,1988,2707
215,1989,2265
215,1990,1233
215,1991,10724
215,1992,24408
215,1993,61300
215,1994,65524
215,1995,32408
215,1996,21722
215,1997,17737
215,1998,17674
215,1999,27984
215,2000,7291
215,2001,6139
215,2002,4590
215,2003,3911
215,2004,3949
215,2005,5607
215,2006,8339
215,2007,8068
215,2008,8790
215,2009,8393
215,2010,17937
215,2011,14969
215,2012,11178
215,2013,10401
215,2014,12447
215,2015,16623
215,2016,22317
215,2017,25171
215,2018,21437
215,2019,26375
215,2020,25886
215,2021,29957
215,2022,32997
215,2023,29982
216,1961,881
216,1962,2513
216,1963,2301
216,1964,2661
216,1965,2397
216,1966,21634
216,1967,1033
216,1968,1463
216,1969,1295
216,1970,1494
216,1971,603
216,1972,979
216,1973,827
216,1974,698
216,1975,524
216,1976,736
216,1977,858
216,1978,917
216,1979,1023
216,1980,987
216,1981,1582
216,1982,1540
216,1983,1958
216,1984,2010
216,1985,2681
216,1986,2143
216,1987,2642
216,1988,3654
216,1989,4644
216,1990,4623
216,1991,3987
216,1992,4685
216,1993,5679
216,1994,5965
216,1995,10754
216,1996,20875
216,1997,14485
216,1998,6539
216,1999,14192
216,2000,15618
216,2001,15392
216,2002,20104
216,2003,19732
216,2004,35157
216,2005,90488
216,2006,68316
216,2007,73113
216,2008,68850
216,2009,40675
216,2010,36452
216,2011,48711
216,2012,58586
216,2013,67630
216,2014,75335
216,2015,74199
216,2016,64558
216,2017,70168
216,2018,81101
216,2019,67192
216,2020,62715
216,2021,53719
216,2022,108210
216,2023,123482
217,1961,1977
217,1962,1858
217,1963,2180
217,1964,2858
217,1965,2332
217,1966,1866
217,1967,1475
217,1968,1555
217,1969,1482
217,1970,1548
217,1971,1424
217,1972,1656
217,1973,1447
217,1974,1030
217,1975,1189
217,1976,1143
217,1977,1836
217,1978,1182
217,1979,1099
217,1980,1706
217,1981,2529
217,1982,3342
217,1983,2675
217,1984,1502
217,1985,1282
217,1986,1174
217,1987,855
217,1988,1093
217,1989,1381
217,1990,1103
217,1991,1257
217,1992,1208
217,1993,683
217,1994,1422
217,1995,1713
217,1996,1456
217,1997,1533
217,1998,1288
217,1999,837
217,2000,1235
217,2001,1857
217,2002,1306
217,2003,2092
217,2004,3443
217,2005,3672
217,2006,6126
217,2007,5320
217,2008,3882
217,2009,2822
217,2010,2718
217,2011,4196
217,2012,4086
217,2013,3587
217,2014,3013
217,2015,3554
217,2016,2834
217,2017,6575
217,2018,6398
217,2019,7177
217,2020,6563
217,2021,9861
217,2022,11090
217,2023,8452
219,1961,270
219,1962,309
219,1963,268
219,1964,309
219,1965,370
219,1966,419
219,1967,618
219,1968,826
219,1969,743
219,1970,824
219,1971,769
219,1972,876
219,1973,1653
219,1974,1667
219,1975,2541
219,1976,1870
219,1977,2177
219,1978,2414
219,1979,2688
219,1980,2578
219,1981,2856
219,1982,3032
219,1983,2582
219,1984,2864
219,1985,2923
219,1986,3390
219,1987,3582
219,1988,1749
219,1989,1446
219,1990,1373
219,1991,990
219,1992,1115
219,1993,1201
219,1994,1493
219,1995,1326
219,1996,1236
219,1997,1004
219,1998,841
219,1999,743
219,2000,516
219,2001,489
219,2002,808
219,2003,448
219,2004,362
219,2005,843
219,2006,1279
219,2007,1866
219,2008,765
219,2009,741
219,2010,949
219,2011,659
219,2012,1043
219,2013,651
219,2014,928
219,2015,1612
219,2016,1427
219,2017,907
219,2018,2221
219,2019,2332
219,2020,2025
219,2021,2663
219,2022,3003
219,2023,2811
220,1961,3896
220,1962,3486
220,1963,3604
220,1964,3100
220,1965,3368
220,1966,1872
220,1967,872
220,1968,887
220,1969,1531
220,1970,2647
220,1971,2911
220,1972,1920
220,1973,1204
220,1974,1016
220,1975,840
220,1976,747
220,1977,1247
220,1978,1199
220,1979,2728
220,1980,5253
220,1981,5490
220,1982,4887
220,1983,5067
220,1984,3011
220,1985,1534
220,1986,1365
220,1987,983
220,1988,1418
220,1989,827
220,1990,1167
220,1991,1295
220,1992,744
220,1993,502
220,1994,707
220,1995,1260
220,1996,1684
220,1997,1523
220,1998,2977
220,1999,3544
220,2000,2915
220,2001,3413
220,2002,3270
220,2003,9866
220,2004,15688
220,2005,17289
220,2006,8262
220,2007,5615
220,2008,13499
220,2009,10663
220,2010,8909
220,2011,3190
220,2012,4905
220,2013,9691
220,2014,22696
220,2015,26865
220,2016,24116
220,2017,19302
220,2018,12111
220,2019,14937
220,2020,10737
220,2021,10418
220,2022,12573
220,2023,14472
221,1975,3006
221,1976,3250
221,1977,3006
221,1978,4251
221,1979,4875
221,1980,3331
221,1981,3250
221,1982,2844
221,1983,2031
221,1984,1950
221,1985,1706
221,1986,2031
221,1987,4425
221,1988,4622
221,1989,4298
221,1990,4332
221,1991,5728
221,1992,5654
221,1993,5838
221,1994,5909
221,1995,5663
221,1996,6625
221,1997,6985
221,1998,6416
221,1999,5246
221,2000,6804
221,2001,6331
221,2002,8306
221,2003,6956
221,2004,6984
221,2005,8475
221,2006,9894
221,2007,10595
221,2008,12123
221,2009,10894
221,2010,11267
221,2011,12374
221,2012,13847
221,2013,12656
221,2014,13832
221,2015,13266
221,2016,12681
221,2017,15218
221,2018,14910
221,2019,13550
221,2020,10414
221,2021,11132
221,2022,15364
221,2023,7992
222,1961,6729
222,1962,6647
222,1963,3898
222,1964,3365
222,1965,2763
222,1966,759
222,1967,294
222,1968,643
222,1969,1279
222,1970,616
222,1971,725
222,1972,1046
222,1973,3071
222,1974,2954
222,1975,321
222,1976,4028
222,1977,403
222,1978,739
222,1979,41
222,1981,1101
222,1982,622
222,1983,691
222,1984,191
222,1985,68
222,1986,68
222,1987,48
222,1988,198
222,1989,903
222,1990,1422
222,1991,1320
222,1992,1840
222,1993,2927
222,1994,3385
222,1995,2578
222,1996,2448
222,1997,4042
222,1998,1416
222,1999,1696
222,2000,1641
222,2001,1888
222,2002,2209
222,2003,3269
222,2004,4090
222,2005,2161
222,2006,4131
222,2007,1470
222,2008,2031
222,2009,1094
222,2010,1621
222,2011,1470
222,2012,1443
222,2013,657
222,2014,1606
222,2015,1450
222,2016,1981
222,2017,1951
222,2018,1687
222,2019,2403
222,2020,676
222,2021,1218
222,2022,1739
222,2023,1597
223,1961,5
223,1962,23
223,1963,2
223,1964,11
223,1965,2
223,1966,5
223,1967,5
223,1968,2
223,1969,18
223,1973,48
223,1974,9
223,1975,23
223,1976,16
223,1984,93
223,1986,103
223,1987,96
223,1988,927
223,1989,62
223,1990,96
223,1991,68
223,1992,114
223,1993,239
223,1994,191
223,1995,137
223,1996,481
223,1997,1381
223,1998,1686
223,1999,2078
223,2000,1878
223,2001,793
223,2002,923
223,2003,1278
223,2004,8345
223,2005,8625
223,2006,8673
223,2007,5982
223,2008,7023
223,2009,5139
223,2010,7532
223,2011,16888
223,2012,14099
223,2013,12620
223,2014,18245
223,2015,21448
223,2016,21050
223,2017,22126
223,2018,31151
223,2019,33395
223,2020,28854
223,2021,37438
223,2022,50997
223,2023,69161
225,1974,4978
225,1975,6117
225,1976,6543
225,1977,6548
225,1978,6126
225,1979,8033
225,1980,13563
225,1981,12837
225,1982,11995
225,1983,15440
225,1984,15440
225,1985,25443
225,1986,35011
225,1987,41100
225,1988,41753
225,1989,43710
225,1990,47842
225,1991,49147
225,1992,59802
225,1993,63064
225,1994,60672
225,1995,55018
225,1996,87203
225,1997,77465
225,1998,60200
225,1999,75884
225,2000,74155
225,2001,73720
225,2002,64934
225,2003,69336
225,2004,87844
225,2005,35494
225,2006,127985
225,2007,51917
225,2008,102407
225,2009,177643
225,2010,202990
225,2011,197608
225,2012,211752
225,2013,226918
225,2014,374580
225,2015,214750
225,2016,219983
225,2017,381012
225,2018,330097
225,2019,374473
225,2020,284808
225,2021,410652
225,2022,545982
225,2023,539344
226,1961,884
226,1962,633
226,1963,723
226,1964,931
226,1965,498
226,1966,382
226,1967,386
226,1968,385
226,1969,454
226,1970,342
226,1971,380
226,1972,292
226,1973,340
226,1974,113
226,1975,49
226,1976,32
226,1980,19
226,1981,171
226,1982,190
226,1983,76
226,1984,322
226,1985,2844
226,1986,5878
226,1987,1631
226,1988,759
226,1989,1138
226,1990,1138
226,1991,80
226,1992,108
226,1993,24
226,1994,64
226,1995,69
226,1996,91
226,1997,100
226,1998,2972
226,1999,1290
226,2000,1016
226,2001,43
226,2002,260
226,2003,2003
226,2004,4568
226,2005,1289
226,2006,4448
226,2007,11793
226,2008,16518
226,2009,21431
226,2010,17107
226,2011,21213
226,2012,26054
226,2013,11759
226,2014,18607
226,2015,20520
226,2016,17851
226,2017,12768
226,2018,8347
226,2019,8007
226,2020,9358
226,2021,13425
226,2022,8108
226,2023,6648
227,1976,60
227,1977,51
227,1978,90
227,1979,121
227,1980,132
227,1981,46
227,1982,60
227,1983,50
227,1984,60
227,1985,80
227,1986,80
227,1987,80
227,1988,90
227,1989,90
227,1990,150
227,1991,180
227,1992,130
227,1993,130
227,1994,150
227,1995,149
227,1996,92
227,1997,93
227,1998,116
227,1999,192
227,2000,113
227,2001,70
227,2002,158
227,2003,101
227,2004,175
227,2005,86
227,2006,118
227,2007,8
227,2008,23
227,2009,38
227,2010,46
227,2011,83
227,2012,102
227,2013,81
227,2014,95
227,2015,164
227,2016,143
227,2017,175
227,2018,109
227,2019,127
227,2020,143
227,2021,188
227,2022,171
227,2023,192
229,1961,770514
229,1962,712643
229,1963,738198
229,1964,800796
229,1965,769315
229,1966,792525
229,1967,853596
229,1968,935817
229,1969,940873
229,1970,959119
229,1971,1144240
229,1972,1250740
229,1973,1549568
229,1974,1398341
229,1975,1337301
229,1976,1369794
229,1977,1339421
229,1978,1375863
229,1979,1628146
229,1980,1435938
229,1981,1543343
229,1982,1525004
229,1983,1687197
229,1984,1891897
229,1985,1996376
229,1986,2100057
229,1987,2231561
229,1988,2314156
229,1989,2359454
229,1990,2500902
229,1991,2509865
229,1992,2583280
229,1993,2403991
229,1994,2727251
229,1995,2423960
229,1996,2696550
229,1997,2938217
229,1998,3092377
229,1999,3108813
229,2000,2835858
229,2001,3149369
229,2002,3534950
229,2003,3754748
229,2004,4263133
229,2005,4381682
229,2006,4198494
229,2007,4257715
229,2008,4148333
229,2009,3970532
229,2010,4353538
229,2011,4571601
229,2012,4632675
229,2013,4622326
229,2014,4799140
229,2015,4989011
229,2016,5277097
229,2017,5095989
229,2018,5006865
229,2019,4965465
229,2020,5335271
229,2021,5176829
229,2022,4636314
229,2023,4359802
23,1961,882
23,1962,1742
23,1963,1576
23,1964,1722
23,1965,1910
23,1966,1622
23,1967,1466
23,1968,1819
23,1969,2296
23,1970,2245
23,1971,2378
23,1972,664
23,1973,298
23,1974,187
23,1975,165
23,1976,247
23,1977,244
23,1978,517
23,1979,929
23,1980,655
23,1981,873
23,1982,635
23,1983,552
23,1984,608
23,1985,588
23,1986,638
23,1987,818
23,1988,947
23,1989,1206
23,1990,678
23,1991,486
23,1992,1032
23,1993,870
23,1994,573
23,1995,522
23,1996,461
23,1997,463
23,1998,597
23,1999,749
23,2000,598
23,2001,2906
23,2002,4434
23,2003,2590
23,2004,2424
23,2005,2071
23,2006,3370
23,2007,5869
23,2008,5450
23,2009,2971
23,2010,5947
23,2011,1821
23,2012,3775
23,2013,4402
23,2014,5122
23,2015,7321
23,2016,7535
23,2017,6219
23,2018,7206
23,2019,4374
23,2020,3410
23,2021,2462
23,2022,5774
23,2023,1582
230,1992,31666
230,1993,42221
230,1994,48195
230,1995,82885
230,1996,129016
230,1997,94458
230,1998,88943
230,1999,22379
230,2000,20141
230,2001,24016
230,2002,54932
230,2003,97473
230,2004,22682
230,2005,101592
230,2006,99040
230,2007,105666
230,2008,127583
230,2009,69997
230,2010,77209
230,2011,169193
230,2012,154725
230,2013,173084
230,2014,144060
230,2015,90070
230,2016,113697
230,2017,118080
230,2018,139335
230,2019,168226
230,2020,205190
230,2021,228142
230,2022,162907
230,2023,194741
231,1961,237691
231,1962,240168
231,1963,252090
231,1964,297847
231,1965,285106
231,1966,322946
231,1967,326047
231,1968,383718
231,1969,396852
231,1970,464570
231,1971,524666
231,1972,624869
231,1973,741399
231,1974,776379
231,1975,811703
231,1976,1055531
231,1977,1179511
231,1978,1618805
231,1979,1854197
231,1980,1970820
231,1981,2237438
231,1982,2429154
231,1983,2645597
231,1984,2968236
231,1985,3097238
231,1986,3070086
231,1987,3060364
231,1988,3010869
231,1989,2795703
231,1990,2757908
231,1991,2498544
231,1992,2674270
231,1993,2856247
231,1994,3227591
231,1995,3450371
231,1996,3899523
231,1997,4553015
231,1998,4996139
231,1999,5381782
231,2000,6025220
231,2001,6482370
231,2002,7027378
231,2003,7260863
231,2004,7415300
231,2005,8001737
231,2006,9093328
231,2007,9329649
231,2008,9048667
231,2009,8543522
231,2010,8886194
231,2011,9101181
231,2012,9527655
231,2013,9334645
231,2014,9767173
231,2015,10311837
231,2016,10854858
231,2017,11327521
231,2018,11522501
231,2019,11861712
231,2020,11942578
231,2021,13119911
231,2022,13442262
231,2023,12875064
233,1961,1299
233,1962,1342
233,1963,1292
233,1964,1336
233,1965,696
233,1966,677
233,1967,551
233,1968,516
233,1969,530
233,1970,515
233,1971,625
233,1972,686
233,1973,819
233,1974,670
233,1975,658
233,1976,561
233,1977,380
233,1978,1106
233,1979,366
233,1980,314
233,1981,413
233,1982,343
233,1983,354
233,1984,248
233,1985,49
233,1986,183
233,1987,154
233,1988,163
233,1989,107
233,1990,78
233,1991,58
233,1992,136
233,1993,47
233,1994,170
233,1995,315
233,1996,754
233,1997,600
233,1998,433
233,1999,748
233,2000,959
233,2001,711
233,2002,1208
233,2003,1350
233,2004,1448
233,2005,2681
233,2006,3476
233,2007,3708
233,2008,2308
233,2009,1380
233,2010,1693
233,2011,1722
233,2012,4900
233,2013,3329
233,2014,2188
233,2015,3425
233,2016,3802
233,2017,2845
233,2018,6632
233,2019,6357
233,2020,13662
233,2021,20072
233,2022,20634
233,2023,13725
234,1961,35
234,1963,2
234,1964,17
234,1965,9
234,1969,5
234,1970,2
234,1971,1
234,1972,1
234,1973,1
234,1974,1
234,1975,17
234,1976,14
234,1977,120
234,1978,193
234,1979,408
234,1980,705
234,1981,737
234,1982,395
234,1983,71
234,1984,186
234,1985,328
234,1986,329
234,1987,681
234,1988,363
234,1989,407
234,1990,757
234,1991,1746
234,1992,3870
234,1993,5898
234,1994,8101
234,1995,8535
234,1996,12372
234,1997,11863
234,1998,10362
234,1999,9461
234,2000,10359
234,2001,10510
234,2002,3919
234,2003,6338
234,2004,5266
234,2005,6056
234,2006,5723
234,2007,5574
234,2008,6546
234,2009,8403
234,2010,9389
234,2011,16224
234,2012,13147
234,2013,15050
234,2014,19069
234,2015,24500
234,2016,26415
234,2017,35839
234,2018,36608
234,2019,35267
234,2020,39892
234,2021,42895
234,2022,51429
234,2023,55403
235,1992,866
235,1993,1342
235,1994,2538
235,1995,550
235,1996,22865
235,1997,3679
235,1998,1177
235,1999,866
235,2000,7617
235,2001,2699
235,2002,2203
235,2003,2079
235,2004,2642
235,2005,904
235,2006,1174
235,2007,2449
235,2008,2977
235,2009,1495
235,2010,2431
235,2011,3052
235,2012,7780
235,2013,7189
235,2014,8855
235,2015,7797
235,2016,7622
235,2017,1654
235,2018,549
235,2019,629
235,2020,575
235,2021,730
235,2022,921
235,2023,1267
236,1961,3045
236,1962,4698
236,1963,4407
236,1964,6165
236,1965,9015
236,1966,7996
236,1967,10765
236,1968,14246
236,1969,11050
236,1970,15256
236,1971,13882
236,1972,18045
236,1973,16048
236,1974,22889
236,1975,31138
236,1976,49626
236,1977,55753
236,1978,73597
236,1979,45000
236,1980,64338
236,1981,63336
236,1982,56103
236,1983,25124
236,1984,24868
236,1985,30932
236,1986,29325
236,1987,31715
236,1988,25057
236,1989,19856
236,1990,22059
236,1991,37970
236,1992,55433
236,1993,54909
236,1994,18889
236,1995,19061
236,1996,24758
236,1997,35540
236,1998,36346
236,1999,35251
236,2000,54787
236,2001,71301
236,2002,32798
236,2003,27115
236,2004,35441
236,2005,47416
236,2006,72430
236,2007,81905
236,2008,76735
236,2009,59406
236,2010,36253
236,2011,56490
236,2012,68439
236,2013,32236
236,2014,39518
236,2015,17968
236,2016,3395
236,2017,5860
236,2018,4477
236,2019,18291
236,2020,25045
236,2021,36912
236,2022,41448
236,2023,27483
237,1961,2062
237,1962,2080
237,1963,1756
237,1964,1474
237,1965,1541
237,1966,2817
237,1967,1962
237,1968,1168
237,1969,2375
237,1970,961
237,1971,1528
237,1972,3251
237,1973,2147
237,1974,1971
237,1975,146
237,1977,55
237,1979,3190
237,1980,5155
237,1981,4549
237,1982,3033
237,1983,1516
237,1984,758
237,1985,667
237,1986,303
237,1987,303
237,1988,1061
237,1989,27294
237,1990,30326
237,1991,3336
237,1992,15163
237,1993,42457
237,1994,111321
237,1995,105277
237,1996,36513
237,1997,21383
237,1998,13999
237,1999,12506
237,2000,17917
237,2001,10317
237,2002,14487
237,2003,18623
237,2004,23482
237,2005,28561
237,2006,39603
237,2007,44822
237,2008,92922
237,2009,123066
237,2010,81881
237,2011,116067
237,2012,108477
237,2013,109398
237,2014,31257
237,2015,28976
237,2016,29872
237,2017,35649
237,2018,39450
237,2019,47368
237,2020,23157
237,2021,26751
237,2022,93946
237,2023,120795
238,1993,180
238,1994,206
238,1995,217
238,1996,217
238,1997,204
238,1998,5018
238,1999,375
238,2000,339
238,2001,166
238,2002,789
238,2003,613
238,2004,685
238,2005,1161
238,2006,1526
238,2007,1804
238,2008,1172
238,2009,1219
238,2010,1980
238,2011,2037
238,2012,1945
238,2013,26926
238,2014,14992
238,2015,7364
238,2016,1984
238,2017,1620
238,2018,1083
238,2019,1295
238,2020,1180
238,2021,901
238,2022,722
238,2023,582
244,1961,843
244,1962,927
244,1963,1024
244,1964,1080
244,1965,2179
244,1966,1664
244,1967,1453
244,1968,1501
244,1969,2310
244,1970,2427
244,1971,3533
244,1972,3313
244,1973,4860
244,1974,5250
244,1975,5369
244,1976,7471
244,1977,6502
244,1978,4814
244,1979,872
244,1980,438
244,1981,165
244,1982,107
244,1983,94
244,1984,116
244,1985,44
244,1986,121
244,1987,44
244,1988,242
244,1989,254
244,1990,346
244,1991,581
244,1992,775
244,1993,315
244,1994,339
244,1995,266
244,1996,1840
244,1997,194
244,1998,109
244,1999,412
244,2000,145
244,2001,128
244,2002,138
244,2003,184
244,2004,179
244,2005,402
244,2006,1194
244,2007,591
244,2008,901
244,2009,1727
244,2010,1177
244,2011,927
244,2012,274
244,2013,220
244,2014,960
244,2015,900
244,2016,595
244,2017,425
244,2018,784
244,2019,426
244,2020,303
244,2021,308
244,2022,628
244,2023,662
249,1961,8111
249,1962,8224
249,1963,9416
249,1964,10654
249,1965,10362
249,1966,10409
249,1967,5483
249,1968,2955
249,1969,4279
249,1970,1952
249,1971,2697
249,1972,3273
249,1973,3219
249,1974,2578
249,1975,2789
249,1976,3697
249,1977,4904
249,1978,31743
249,1979,35705
249,1980,36214
249,1981,19891
249,1982,8328
249,1983,7888
249,1984,5870
249,1985,5099
249,1986,1886
249,1987,1258
249,1988,1729
249,1989,1886
249,1990,3458
249,1991,3458
249,1992,8488
249,1993,3144
249,1994,1886
249,1995,314
249,1996,157
249,1997,157
249,1998,72
249,1999,157
249,2000,79
249,2001,110
249,2002,3
249,2004,9026
249,2005,2034
249,2007,72
249,2008,173
249,2011,9
249,2016,310
249,2017,0
249,2021,515
249,2022,523
249,2023,346
25,1961,1320
25,1962,1440
25,1963,1644
25,1964,1541
25,1965,1248
25,1966,1592
25,1967,1670
25,1968,1638
25,1969,1925
25,1970,2183
25,1971,2327
25,1972,2548
25,1973,2516
25,1974,3064
25,1975,3196
25,1976,3477
25,1977,3965
25,1978,4034
25,1979,5695
25,1980,5388
25,1981,5784
25,1982,5514
25,1983,6822
25,1984,8698
25,1985,9301
25,1986,7574
25,1987,5878
25,1988,6148
25,1989,5244
25,1990,6053
25,1991,6085
25,1992,8635
25,1993,2731
25,1994,2780
25,1995,2209
25,1996,2702
25,1997,4533
25,1998,2295
25,1999,2008
25,2000,3271
25,2001,4705
25,2002,2109
25,2003,950
25,2004,77
25,2005,46
25,2006,1512
25,2007,1216
25,2008,1013
25,2009,935
25,2010,623
25,2011,207
25,2012,227
25,2013,387
25,2014,490
25,2015,558
25,2016,950
25,2017,18451
25,2018,1671
25,2019,1470
25,2020,863
25,2021,389
25,2022,449
25,2023,675
250,1961,760
250,1962,1223
250,1963,1705
250,1964,1254
250,1965,4253
250,1966,2368
250,1967,3112
250,1968,4821
250,1969,4626
250,1970,7872
250,1971,7975
250,1972,3190
250,1973,2753
250,1974,874
250,1975,959
250,1976,1846
250,1977,411
250,1978,748
250,1979,507
250,1980,917
250,1981,1660
250,1982,2533
250,1983,3144
250,1984,2096
250,1985,2495
250,1986,1834
250,1987,1572
250,1988,1747
250,1989,1147
250,1990,961
250,1991,7741
250,1992,490
250,1993,801
250,1994,783
250,1995,570
250,1996,694
250,1997,585
250,1998,1094
250,1999,659
250,2000,961
250,2001,1181
250,2002,1828
250,2003,1193
250,2004,1939
250,2005,3606
250,2006,6388
250,2007,6939
250,2008,31614
250,2009,25273
250,2010,21595
250,2011,15785
250,2012,25409
250,2013,25688
250,2014,31732
250,2015,33251
250,2016,11128
250,2017,9446
250,2018,7278
250,2019,6322
250,2020,5756
250,2021,9167
250,2022,14703
250,2023,7210
251,1961,555
251,1962,694
251,1963,625
251,1964,657
251,1965,2115
251,1966,310
251,1967,596
251,1968,1531
251,1969,907
251,1970,656
251,1971,510
251,1972,392
251,1973,303
251,1974,339
251,1975,369
251,1976,233
251,1977,203
251,1978,139
251,1979,187
251,1980,99
251,1981,116
251,1982,153
251,1983,264
251,1984,236
251,1985,926
251,1986,227
251,1987,161
251,1988,174
251,1989,215
251,1990,1052
251,1991,867
251,1992,1670
251,1993,671
251,1994,248
251,1995,241
251,1996,1354
251,1997,932
251,1998,771
251,1999,2015
251,2000,1906
251,2001,580
251,2002,336
251,2003,233
251,2004,287
251,2005,697
251,2006,2880
251,2007,2313
251,2008,3857
251,2009,4238
251,2010,3299
251,2011,10415
251,2012,18277
251,2013,17446
251,2014,16996
251,2015,17105
251,2016,26443
251,2017,24169
251,2018,26827
251,2019,35897
251,2020,31848
251,2021,41657
251,2022,41758
251,2023,54444
255,2000,1529341
255,2001,1321110
255,2002,1619040
255,2003,1530121
255,2004,1541968
255,2005,1578420
255,2006,1807268
255,2007,1764190
255,2008,1626627
255,2009,1645046
255,2010,1778881
255,2011,2003806
255,2012,2349418
255,2013,2183200
255,2014,1669079
255,2015,1244474
255,2016,1261875
255,2017,1997093
255,2018,2027237
255,2019,1972300
255,2020,1903960
255,2021,2108372
255,2022,1661469
255,2023,2637860
256,2000,73401
256,2001,65870
256,2002,74440
256,2003,85984
256,2004,93167
256,2005,91355
256,2006,95339
256,2007,112479
256,2008,111892
256,2009,112345
256,2010,89388
256,2011,92287
256,2012,107560
256,2013,107721
256,2014,142706
256,2015,169126
256,2016,157819
256,2017,191181
256,2018,173032
256,2019,188147
256,2020,169607
256,2021,197723
256,2022,196024
256,2023,217397
26,1961,1293
26,1962,1669
26,1963,1898
26,1964,2374
26,1965,2170
26,1966,2800
26,1967,2802
26,1968,3114
26,1969,3691
26,1970,3729
26,1971,4025
26,1972,4446
26,1973,4426
26,1974,4882
26,1975,4870
26,1976,6416
26,1977,7512
26,1978,8429
26,1979,9104
26,1980,11455
26,1981,12487
26,1982,14086
26,1983,16235
26,1984,20522
26,1985,19180
26,1986,17707
26,1987,21215
26,1988,17548
26,1989,20848
26,1990,21297
26,1991,715
26,1992,3549
26,1993,4073
26,1994,3405
26,1995,2346
26,1996,2115
26,1997,1973
26,1998,1447
26,1999,2272
26,2000,2369
26,2001,2690
26,2002,1213
26,2003,1208
26,2004,1126
26,2005,1313
26,2006,6805
26,2007,10546
26,2008,8417
26,2009,2735
26,2010,12140
26,2011,12985
26,2012,10379
26,2013,678
26,2014,723
26,2015,690
26,2016,580
26,2017,557
26,2018,560
26,2019,541
26,2020,814
26,2021,412
26,2022,162
26,2023,177
27,1961,1412
27,1962,1883
27,1963,5515
27,1964,2762
27,1965,6756
27,1966,7230
27,1967,8835
27,1968,35077
27,1969,19598
27,1970,14207
27,1971,15496
27,1972,24039
27,1973,22893
27,1974,23194
27,1975,35030
27,1976,38245
27,1977,40716
27,1978,23763
27,1979,13422
27,1980,17185
27,1981,26740
27,1982,30959
27,1983,30414
27,1984,18828
27,1985,7926
27,1986,2712
27,1987,940
27,1988,6542
27,1989,4570
27,1990,6499
27,1991,2642
27,1992,15630
27,1993,20057
27,1994,18969
27,1995,39450
27,1996,23210
27,1997,11614
27,1998,22513
27,1999,14715
27,2000,11847
27,2001,4669
27,2002,5957
27,2003,4066
27,2004,3023
27,2005,7550
27,2006,24345
27,2007,22337
27,2008,18400
27,2009,24297
27,2010,26654
27,2011,34438
27,2012,46425
27,2013,46294
27,2014,48788
27,2015,59253
27,2016,57009
27,2017,56802
27,2018,66506
27,2019,81124
27,2020,83289
27,2021,88304
27,2022,85174
27,2023,53729
272,2006,43490
272,2007,45045
272,2008,36590
272,2009,25624
272,2010,23026
272,2011,30235
272,2012,37737
272,2013,36327
272,2014,42092
272,2015,45614
272,2016,40000
272,2017,47781
272,2018,56816
272,2019,53626
272,2020,53105
272,2021,64360
272,2022,69235
272,2023,51849
273,2006,13388
273,2007,16967
273,2008,14517
273,2009,10158
273,2010,9866
273,2011,10188
273,2012,11579
273,2013,12006
273,2014,13308
273,2015,16182
273,2016,15284
273,2017,17416
273,2018,17908
273,2019,18560
273,2020,14695
273,2021,19170
273,2022,22844
273,2023,26774
276,2012,25
276,2013,20854
276,2014,5644
276,2015,65
276,2016,198
276,2017,303
276,2018,339
276,2019,4174
276,2020,4524
276,2021,3388
276,2022,4172
276,2023,1641
277,2012,15
277,2013,2173
277,2014,8171
277,2015,8168
277,2016,12205
277,2017,18778
277,2018,20914
277,2019,18564
277,2020,17839
277,2021,20407
277,2022,14254
277,2023,14807
28,1961,142
28,1962,124
28,1963,117
28,1964,83
28,1965,78
28,1966,2
28,1968,2
28,1969,1
28,1970,9
28,1971,12
28,1972,3
28,1973,3
28,1974,13
28,1975,6
28,1976,3
28,1977,14
28,1978,3
28,1988,2470
28,1989,5962
28,1990,4258
28,1991,3579
28,1992,5281
28,1993,8176
28,1994,14479
28,1995,23847
28,1996,22297
28,1997,14202
28,1998,4335
28,1999,3109
28,2000,6277
28,2001,5749
28,2002,6391
28,2003,8155
28,2004,10656
28,2005,16034
28,2006,20931
28,2007,27517
28,2008,29442
28,2009,39279
28,2010,64346
28,2011,93445
28,2012,132718
28,2013,138159
28,2014,161082
28,2015,149265
28,2016,132577
28,2017,109755
28,2018,115217
28,2019,62749
28,2020,124755
28,2021,131756
28,2022,126577
28,2023,135262
29,1961,66
29,1962,93
29,1963,120
29,1964,133
29,1965,166
29,1966,209
29,1967,180
29,1968,246
29,1969,105
29,1970,202
29,1971,72
29,1972,163
29,1973,229
29,1974,279
29,1975,164
29,1976,133
29,1977,232
29,1978,168
29,1979,195
29,1980,211
29,1981,197
29,1982,446
29,1983,233
29,1984,98
29,1985,100
29,1986,114
29,1987,126
29,1988,191
29,1989,186
29,1990,244
29,1991,227
29,1992,217
29,1993,250
29,1994,187
29,1995,281
29,1996,251
29,1997,96
29,1998,55
29,1999,83
29,2000,148
29,2001,69
29,2002,195
29,2003,213
29,2004,213
29,2005,397
29,2006,856
29,2007,159
29,2008,884
29,2009,931
29,2010,1331
29,2011,1287
29,2012,3801
29,2013,2366
29,2014,2814
29,2015,5064
29,2016,1815
29,2017,1629
29,2018,2447
29,2019,2726
29,2020,2130
29,2021,5175
29,2022,5290
29,2023,646
299,1996,44
299,1997,265
299,1998,127
299,1999,104
299,2000,92
299,2001,142
299,2002,102
299,2003,89
299,2004,126
299,2005,700
299,2006,151
299,2007,145
299,2008,161
299,2009,212
299,2010,165
299,2011,208
299,2012,430
299,2013,255
299,2014,1487
299,2015,3409
299,2016,4331
299,2017,3746
299,2018,5051
299,2019,5575
299,2020,4004
299,2021,3511
299,2022,60
299,2023,250
3,1991,294
3,1992,2703
3,1993,25643
3,1994,49790
3,1995,36007
3,1996,14767
3,1997,5332
3,1998,11923
3,1999,28568
3,2000,35357
3,2001,39323
3,2002,30593
3,2003,29378
3,2004,25443
3,2005,23949
3,2006,26616
3,2007,34833
3,2008,38470
3,2009,42206
3,2010,39324
3,2011,36779
3,2012,34717
3,2013,32484
3,2014,21574
3,2015,22883
3,2016,26409
3,2017,22079
3,2018,17410
3,2019,24657
3,2020,34231
3,2021,28178
3,2022,44439
3,2023,45190
32,1961,37952
32,1962,36550
32,1963,25409
32,1964,20801
32,1965,26504
32,1966,18421
32,1967,26950
32,1968,29840
32,1969,28416
32,1970,25222
32,1971,17434
32,1972,16858
32,1973,14854
32,1974,16082
32,1975,16011
32,1976,19481
32,1977,23515
32,1978,20740
32,1979,22998
32,1980,24511
32,1981,21846
32,1982,23534
32,1983,30658
32,1984,37674
32,1985,28291
32,1986,34913
32,1987,18912
32,1988,5315
32,1989,5065
32,1990,4428
32,1991,2393
32,1992,7820
32,1993,5399
32,1994,4104
32,1995,5179
32,1996,4058
32,1997,7622
32,1998,8510
32,1999,7179
32,2000,7194
32,2001,7633
32,2002,8070
32,2003,8390
32,2004,7387
32,2005,8233
32,2006,8806
32,2007,11987
32,2008,11245
32,2009,11702
32,2010,15648
32,2011,20886
32,2012,22983
32,2013,22005
32,2014,23261
32,2015,19812
32,2016,18327
32,2017,32811
32,2018,22722
32,2019,24534
32,2020,20968
32,2021,36196
32,2022,22811
32,2023,21792
33,1961,43970
33,1962,44643
33,1963,45295
33,1964,56323
33,1965,64243
33,1966,76772
33,1967,94820
33,1968,75805
33,1969,123164
33,1970,130257
33,1971,156873
33,1972,188066
33,1973,225406
33,1974,221333
33,1975,270623
33,1976,310196
33,1977,418521
33,1978,602532
33,1979,428285
33,1980,572920
33,1981,564744
33,1982,521657
33,1983,569790
33,1984,692341
33,1985,816846
33,1986,602263
33,1987,638155
33,1988,683552
33,1989,855458
33,1990,811523
33,1991,779212
33,1992,752417
33,1993,754310
33,1994,795666
33,1995,830556
33,1996,942193
33,1997,1027495
33,1998,1176766
33,1999,1322390
33,2000,1404095
33,2001,1495695
33,2002,1570473
33,2003,1729946
33,2004,1686904
33,2005,1888648
33,2006,2022009
33,2007,2169315
33,2008,2233968
33,2009,2371342
33,2010,2432327
33,2011,2392972
33,2012,2513773
33,2013,2534765
33,2014,2587357
33,2015,2753682
33,2016,2803616
33,2017,2800913
33,2018,2775384
33,2019,2771063
33,2020,2716273
33,2021,2286783
33,2022,2392918
33,2023,1997429
35,1961,1244
35,1962,1315
35,1963,1298
35,1964,1437
35,1965,1612
35,1966,1672
35,1967,1597
35,1968,2034
35,1969,1960
35,1970,2272
35,1971,2783
35,1972,4122
35,1973,4373
35,1974,5722
35,1975,6210
35,1976,4060
35,1977,3974
35,1978,2660
35,1979,2802
35,1980,3155
35,1981,3161
35,1982,3237
35,1983,3579
35,1984,4569
35,1985,4310
35,1986,5224
35,1987,5966
35,1988,4381
35,1989,2637
35,1990,2447
35,1991,3309
35,1992,4777
35,1993,6327
35,1994,5180
35,1995,5121
35,1996,5662
35,1997,5153
35,1998,8088
35,1999,9771
35,2000,12307
35,2001,13275
35,2002,13158
35,2003,14873
35,2004,13801
35,2005,15980
35,2006,18276
35,2007,18609
35,2008,5210
35,2009,14635
35,2010,27989
35,2011,15394
35,2012,11383
35,2013,10022
35,2014,12049
35,2015,14034
35,2016,16968
35,2017,16905
35,2018,16567
35,2019,18738
35,2020,17275
35,2021,16330
35,2022,15140
35,2023,17548
37,1961,860
37,1962,3116
37,1963,2981
37,1964,3261
37,1965,1320
37,1966,2462
37,1967,3132
37,1968,3037
37,1969,2705
37,1970,2640
37,1971,2316
37,1972,1618
37,1973,1268
37,1974,1549
37,1975,1966
37,1976,1756
37,1977,1658
37,1978,1355
37,1979,1318
37,1980,2212
37,1981,2622
37,1982,4734
37,1983,1997
37,1984,2993
37,1985,2982
37,1986,2864
37,1987,1790
37,1988,2458
37,1989,1255
37,1990,1264
37,1991,1073
37,1992,689
37,1993,562
37,1994,619
37,1995,1277
37,1996,363
37,1997,366
37,1998,442
37,1999,322
37,2000,348
37,2001,514
37,2002,330
37,2003,371
37,2004,477
37,2005,420
37,2006,304
37,2007,342
37,2008,501
37,2009,412
37,2010,493
37,2011,625
37,2012,977
37,2013,570
37,2014,531
37,2015,1160
37,2016,669
37,2017,873
37,2018,967
37,2019,3119
37,2020,2674
37,2021,44717
37,2022,4402
37,2023,3204
38,1961,2564
38,1962,1316
38,1963,414
38,1964,422
38,1965,314
38,1966,176
38,1967,218
38,1968,100
38,1969,111
38,1970,82
38,1971,80
38,1972,16
38,1973,20
38,1974,51
38,1975,369
38,1976,1286
38,1977,139
38,1978,1212
38,1979,2202
38,1980,1999
38,1981,946
38,1982,1116
38,1983,1361
38,1984,1871
38,1985,1326
38,1986,1566
38,1987,1534
38,1988,1628
38,1989,944
38,1990,1011
38,1991,978
38,1992,1472
38,1993,898
38,1994,791
38,1995,1530
38,1996,2046
38,1997,2113
38,1998,2338
38,1999,1903
38,2000,1601
38,2001,1371
38,2002,1724
38,2003,2298
38,2004,1498
38,2005,1219
38,2006,2593
38,2007,2549
38,2008,1488
38,2009,911
38,2010,3132
38,2011,15569
38,2012,28812
38,2013,15687
38,2014,3132
38,2015,3444
38,2016,36210
38,2017,5219
38,2018,5527
38,2019,3313
38,2020,2673
38,2021,1888
38,2022,2688
38,2023,3668
39,1961,3558
39,1962,6383
39,1963,5567
39,1964,8334
39,1965,5919
39,1966,4627
39,1967,5499
39,1968,5717
39,1969,4001
39,1970,4469
39,1971,3818
39,1972,3427
39,1973,2775
39,1974,1909
39,1975,1786
39,1976,2264
39,1977,2264
39,1978,2075
39,1979,566
39,1980,189
39,1981,189
39,1982,434
39,1983,157
39,1984,2658
39,1985,1698
39,1986,943
39,1987,981
39,1988,849
39,1989,924
39,1990,811
39,1991,736
39,1992,566
39,1993,509
39,1994,826
39,1995,8570
39,1996,15175
39,1997,1839
39,1998,802
39,1999,1151
39,2000,2943
39,2001,2743
39,2002,3818
39,2003,2348
39,2004,2399
39,2005,3186
39,2006,13423
39,2007,1558
39,2008,1541
39,2009,2460
39,2010,5738
39,2011,5070
39,2012,6268
39,2013,5970
39,2014,3324
39,2015,752
39,2016,1309
39,2017,340
39,2018,717
39,2019,1124
39,2020,2599
39,2021,1223
39,2022,1130
39,2023,775
4,1961,44314
4,1962,25702
4,1963,7977
4,1964,2659
4,1965,2659
4,1966,2659
4,1967,886
4,1968,527
4,1969,314
4,1970,22
4,1971,38
4,1972,18
4,1973,17
4,1975,62
4,1976,51
4,1977,28
4,1978,4
4,1979,7
4,1980,7
4,1982,11
4,1984,10
4,1985,2
4,1990,9
4,1991,11
4,1992,3192
4,1993,317
4,1994,171
4,1995,9211
4,1996,12692
4,1997,12066
4,1998,10400
4,1999,5302
4,2000,507
4,2001,1391
4,2002,13213
4,2003,15220
4,2004,3123
4,2005,10066
4,2006,10642
4,2007,11742
4,2008,16179
4,2009,6391
4,2010,5813
4,2011,10734
4,2012,17358
4,2013,25604
4,2014,29631
4,2015,24367
4,2016,42771
4,2017,46821
4,2018,25762
4,2019,15362
4,2020,11717
4,2021,15079
4,2022,11628
4,2023,633
40,1961,526
40,1962,181
40,1963,23
40,1964,14
40,1965,15
40,1966,29
40,1967,7
40,1968,45
40,1969,24
40,1970,59
40,1971,49
40,1972,37
40,1973,3
40,1974,18
40,1975,41
40,1976,2412
40,1977,15120
40,1978,9366
40,1979,7135
40,1980,10455
40,1981,15696
40,1982,4575
40,1983,983
40,1984,549
40,1985,399
40,1986,88
40,1987,245
40,1988,393
40,1989,466
40,1990,652
40,1991,1146
40,1992,2480
40,1993,2734
40,1994,3219
40,1995,6228
40,1996,7778
40,1997,13892
40,1998,17449
40,1999,35709
40,2000,9811
40,2001,18636
40,2002,5267
40,2003,8665
40,2004,8954
40,2005,14067
40,2006,21843
40,2007,25624
40,2008,28088
40,2009,28417
40,2010,73294
40,2011,83569
40,2012,179515
40,2013,152275
40,2014,196604
40,2015,172004
40,2016,202823
40,2017,222663
40,2018,224306
40,2019,241030
40,2020,170263
40,2021,288558
40,2022,186923
40,2023,74280
41,1982,2442
41,1983,8548
41,1984,15874
41,1985,25643
41,1986,12846
41,1987,23726
41,1988,31070
41,1989,17735
41,1990,7595
41,1991,8399
41,1992,4633
41,1993,27580
41,1994,17679
41,1995,23870
41,1996,113846
41,1997,155986
41,1998,193445
41,1999,248976
41,2000,259505
41,2001,202933
41,2002,180484
41,2003,207138
41,2004,173812
41,2005,183456
41,2006,334309
41,2007,415451
41,2008,471668
41,2009,521316
41,2010,812873
41,2011,1050075
41,2012,1232996
41,2013,1366944
41,2014,1766191
41,2015,2672852
41,2016,3138154
41,2017,3583086
41,2018,3692463
41,2019,3300202
41,2020,2484491
41,2021,2330900
41,2022,2007733
41,2023,1639122
44,1961,925
44,1962,899
44,1963,888
44,1964,1148
44,1965,1285
44,1966,2211
44,1967,947
44,1968,1740
44,1969,1991
44,1970,1690
44,1971,1875
44,1972,2004
44,1973,2869
44,1974,3361
44,1975,2975
44,1976,3418
44,1977,5058
44,1978,6284
44,1979,9352
44,1980,10767
44,1981,9285
44,1982,9008
44,1983,8006
44,1984,4960
44,1985,6998
44,1986,4093
44,1987,5693
44,1988,3842
44,1989,3953
44,1990,3953
44,1991,5409
44,1992,7853
44,1993,16150
44,1994,14454
44,1995,47701
44,1996,38098
44,1997,72771
44,1998,88389
44,1999,73741
44,2000,55112
44,2001,93447
44,2002,44202
44,2003,27986
44,2004,23230
44,2005,32566
44,2006,36669
44,2007,47991
44,2008,39795
44,2009,41818
44,2010,36939
44,2011,44084
44,2012,56939
44,2013,62829
44,2014,73853
44,2015,97872
44,2016,126677
44,2017,180284
44,2018,200075
44,2019,172111
44,2020,87422
44,2021,103514
44,2022,108293
44,2023,87707
45,1961,142
45,1962,156
45,1963,217
45,1964,170
45,1965,150
45,1966,247
45,1967,227
45,1968,280
45,1969,242
45,1970,287
45,1971,365
45,1972,325
45,1973,324
45,1974,340
45,1975,324
45,1976,277
45,1977,277
45,1978,316
45,1979,68
45,1980,117
45,1981,210
45,1982,234
45,1983,99
45,1984,191
45,1985,142
45,1986,231
45,1987,131
45,1988,131
45,1989,174
45,1990,348
45,1991,293
45,1992,229
45,1993,269
45,1994,229
45,1995,233
45,1996,110
45,1997,250
45,1998,228
45,1999,202
45,2000,234
45,2001,181
45,2002,171
45,2003,929
45,2004,1088
45,2005,1177
45,2006,800
45,2007,380
45,2008,280
45,2009,316
45,2010,310
45,2011,249
45,2012,310
45,2013,649
45,2014,214
45,2015,489
45,2016,549
45,2017,577
45,2018,632
45,2019,625
45,2020,632
45,2021,578
45,2022,615
45,2023,779
46,1961,16145
46,1962,13728
46,1963,11011
46,1964,11732
46,1965,9601
46,1966,7912
46,1967,8464
46,1968,7704
46,1969,8537
46,1970,7204
46,1971,6595
46,1972,7371
46,1973,8552
46,1974,7309
46,1975,14270
46,1976,9837
46,1977,8325
46,1978,6551
46,1979,5039
46,1980,4632
46,1981,6241
46,1982,6463
46,1983,9566
46,1984,9622
46,1985,8582
46,1986,6364
46,1987,5254
46,1988,4429
46,1989,3456
46,1990,2494
46,1991,2263
46,1992,2695
46,1993,2697
46,1994,2820
46,1995,3122
46,1996,2810
46,1997,3886
46,1998,3147
46,1999,3074
46,2000,3741
46,2001,3795
46,2002,3596
46,2003,3150
46,2004,4728
46,2005,3190
46,2006,5670
46,2007,6263
46,2008,9729
46,2009,8762
46,2010,9242
46,2011,9626
46,2012,16010
46,2013,18877
46,2014,17623
46,2015,27257
46,2016,18250
46,2017,5625
46,2018,3766
46,2019,3415
46,2020,3368
46,2021,4195
46,2022,6536
46,2023,4300
47,1963,5
47,1964,259
47,1965,287
47,1966,182
47,1967,300
47,1968,396
47,1969,637
47,1970,328
47,1971,517
47,1972,604
47,1973,686
47,1974,735
47,1975,785
47,1976,1149
47,1977,1330
47,1978,1338
47,1979,1346
47,1980,1198
47,1981,1601
47,1982,1783
47,1983,1875
47,1984,2967
47,1985,3725
47,1986,4483
47,1987,5242
47,1988,6000
47,1989,3283
47,1990,2778
47,1991,2121
47,1992,2216
47,1993,1757
47,1994,1904
47,1995,1560
47,1996,1576
47,1997,1494
47,1998,888
47,1999,785
47,2000,1986
47,2001,575
47,2002,256
47,2003,1228
47,2004,1527
47,2005,1443
47,2006,1369
47,2007,1612
47,2008,1310
47,2009,1650
47,2010,1510
47,2011,1300
47,2012,1532
47,2013,2645
47,2014,4080
47,2015,3450
47,2016,3994
47,2017,3624
47,2018,4574
47,2019,4666
47,2020,2806
47,2021,3782
47,2022,4174
47,2023,4021
48,1961,1008
48,1962,758
48,1963,784
48,1964,480
48,1965,521
48,1966,372
48,1967,461
48,1968,575
48,1969,469
48,1970,621
48,1971,387
48,1972,289
48,1973,301
48,1974,301
48,1975,197
48,1976,440
48,1977,2210
48,1978,1855
48,1979,1461
48,1980,1464
48,1981,893
48,1982,586
48,1983,704
48,1984,1008
48,1985,817
48,1986,1215
48,1987,1728
48,1988,1741
48,1989,2309
48,1990,3449
48,1991,3596
48,1992,2025
48,1993,1799
48,1994,4107
48,1995,3503
48,1996,3507
48,1997,5142
48,1998,5725
48,1999,6845
48,2000,8076
48,2001,10822
48,2002,11465
48,2003,10774
48,2004,10992
48,2005,12452
48,2006,21259
48,2007,20783
48,2008,22609
48,2009,17534
48,2010,19605
48,2011,25401
48,2012,28569
48,2013,30324
48,2014,32323
48,2015,35486
48,2016,43497
48,2017,43136
48,2018,42586
48,2019,44662
48,2020,54768
48,2021,67970
48,2022,69301
48,2023,65040
49,1961,769
49,1962,220
49,1963,1396
49,1964,1074
49,1965,826
49,1966,3263
49,1967,1481
49,1968,4687
49,1969,2245
49,1970,3790
49,1971,1974
49,1972,1690
49,1973,1285
49,1974,928
49,1975,1275
49,1976,1119
49,1977,1065
49,1978,1855
49,1979,1556
49,1980,2767
49,1981,3758
49,1982,3357
49,1983,3320
49,1984,3623
49,1985,3831
49,1986,2885
49,1987,3529
49,1988,3871
49,1989,4474
49,1990,5472
49,1991,3936
49,1992,4560
49,1993,6192
49,1994,6336
49,1995,14737
49,1996,3456
49,1997,6528
49,1998,4704
49,1999,6512
49,2000,6301
49,2001,6498
49,2002,6227
49,2003,8565
49,2004,8163
49,2005,7544
49,2006,6469
49,2007,6401
49,2008,10800
49,2009,4785
49,2010,8120
49,2011,6474
49,2012,7448
49,2013,12822
49,2014,19531
49,2015,47231
49,2016,80313
49,2017,71831
49,2018,65781
49,2019,50967
49,2020,36174
49,2021,34614
49,2022,115819
49,2023,200337
50,1961,723
50,1962,812
50,1963,423
50,1964,1503
50,1965,2373
50,1966,1641
50,1967,2016
50,1968,1883
50,1969,1590
50,1970,1385
50,1971,1109
50,1972,1266
50,1973,918
50,1974,1344
50,1975,1312
50,1976,1834
50,1977,727
50,1978,803
50,1979,760
50,1980,536
50,1981,1003
50,1982,1383
50,1983,1919
50,1984,1733
50,1985,5666
50,1986,1699
50,1987,2048
50,1988,1376
50,1989,1367
50,1990,1473
50,1991,1616
50,1992,2313
50,1993,4668
50,1994,5125
50,1995,5209
50,1996,5936
50,1997,5706
50,1998,6242
50,1999,7018
50,2000,7605
50,2001,8421
50,2002,7151
50,2003,7158
50,2004,12007
50,2005,14247
50,2006,18120
50,2007,20502
50,2008,22185
50,2009,25742
50,2010,42081
50,2011,42783
50,2012,43144
50,2013,39596
50,2014,37325
50,2015,37319
50,2016,36915
50,2017,39078
50,2018,38489
50,2019,40331
50,2020,28707
50,2021,32933
50,2022,34739
50,2023,38266
5000,1961,6896861
5000,1962,7236201
5000,1963,6130945
5000,1964,6651701
5000,1965,6349877
5000,1966,7084319
5000,1967,6305581
5000,1968,6651314
5000,1969,8116580
5000,1970,9352024
5000,1971,8887672
5000,1972,10212361
5000,1973,11002526
5000,1974,10174180
5000,1975,11592758
5000,1976,11530307
5000,1977,11793823
5000,1978,11932779
5000,1979,13182451
5000,1980,13135733
5000,1981,14095266
5000,1982,14189100
5000,1983,13889754
5000,1984,14617264
5000,1985,15471129
5000,1986,14050869
5000,1987,14335764
5000,1988,14521336
5000,1989,15287141
5000,1990,15210204
5000,1991,15818263
5000,1992,16740063
5000,1993,17075363
5000,1994,20112544
5000,1995,20723717
5000,1996,21011248
5000,1997,21865696
5000,1998,23403206
5000,1999,23344269
5000,2000,22994886
5000,2001,25539107
5000,2002,27226395
5000,2003,28734481
5000,2004,30665234
5000,2005,32688183
5000,2006,35263616
5000,2007,37792430
5000,2008,37840316
5000,2009,36648074
5000,2010,39079694
5000,2011,42402188
5000,2012,44493513
5000,2013,44592176
5000,2014,46645760
5000,2015,48078782
5000,2016,49582226
5000,2017,52898498
5000,2018,53909707
5000,2019,54423335
5000,2020,52443173
5000,2021,55295574
5000,2022,55215204
5000,2023,52595861
5100,1961,448062
5100,1962,407671
5100,1963,371501
5100,1964,401683
5100,1965,398609
5100,1966,387432
5100,1967,369186
5100,1968,373935
5100,1969,348488
5100,1970,316661
5100,1971,285357
5100,1972,265671
5100,1973,255226
5100,1974,257884
5100,1975,349863
5100,1976,393961
5100,1977,499188
5100,1978,240888
5100,1979,185856
5100,1980,224146
5100,1981,270383
5100,1982,266166
5100,1983,233469
5100,1984,250281
5100,1985,267461
5100,1986,248864
5100,1987,232066
5100,1988,216049
5100,1989,245456
5100,1990,233950
5100,1991,275607
5100,1992,378224
5100,1993,346111
5100,1994,353535
5100,1995,366611
5100,1996,358240
5100,1997,379001
5100,1998,375870
5100,1999,333808
5100,2000,325547
5100,2001,455352
5100,2002,544785
5100,2003,575307
5100,2004,527457
5100,2005,495502
5100,2006,640830
5100,2007,860795
5100,2008,996857
5100,2009,932865
5100,2010,949565
5100,2011,1000704
5100,2012,1170417
5100,2013,1260654
5100,2014,1334828
5100,2015,1152005
5100,2016,991557
5100,2017,1162445
5100,2018,1180735
5100,2019,1511090
5100,2020,1127998
5100,2021,1419940
5100,2022,1772807
5100,2023,1573545
5101,1961,80143
5101,1962,73834
5101,1963,77731
5101,1964,83717
5101,1965,88599
5101,1966,86313
5101,1967,78426
5101,1968,79518
5101,1969,69027
5101,1970,58448
5101,1971,45742
5101,1972,41577
5101,1973,38129
5101,1974,25331
5101,1975,19604
5101,1976,9948
5101,1977,12027
5101,1978,12772
5101,1979,7914
5101,1980,9372
5101,1981,10544
5101,1982,8139
5101,1983,10537
5101,1984,8794
5101,1985,19385
5101,1986,25886
5101,1987,16696
5101,1988,15533
5101,1989,18185
5101,1990,23480
5101,1991,55166
5101,1992,70325
5101,1993,88426
5101,1994,104567
5101,1995,94229
5101,1996,70841
5101,1997,42442
5101,1998,59790
5101,1999,59784
5101,2000,40172
5101,2001,33243
5101,2002,46977
5101,2003,32699
5101,2004,39979
5101,2005,36433
5101,2006,51288
5101,2007,66836
5101,2008,93528
5101,2009,105283
5101,2010,103567
5101,2011,134255
5101,2012,160406
5101,2013,146828
5101,2014,207628
5101,2015,210487
5101,2016,212741
5101,2017,191043
5101,2018,194873
5101,2019,188620
5101,2020,172070
5101,2021,206145
5101,2022,228243
5101,2023,191761
5102,1961,184745
5102,1962,162865
5102,1963,159106
5102,1964,185073
5102,1965,192726
5102,1966,190760
5102,1967,194229
5102,1968,188123
5102,1969,186353
5102,1970,172209
5102,1971,137290
5102,1972,116156
5102,1973,107936
5102,1974,107852
5102,1975,99638
5102,1976,97765
5102,1977,85147
5102,1978,68154
5102,1979,67574
5102,1980,77921
5102,1981,85542
5102,1982,96898
5102,1983,111288
5102,1984,127662
5102,1985,130686
5102,1986,118982
5102,1987,103916
5102,1988,101079
5102,1989,130850
5102,1990,135549
5102,1991,133819
5102,1992,189135
5102,1993,141736
5102,1994,143063
5102,1995,145576
5102,1996,129595
5102,1997,144642
5102,1998,151360
5102,1999,94765
5102,2000,111068
5102,2001,218882
5102,2002,289622
5102,2003,304414
5102,2004,326259
5102,2005,284731
5102,2006,407827
5102,2007,412961
5102,2008,480361
5102,2009,388749
5102,2010,500265
5102,2011,542128
5102,2012,625411
5102,2013,570350
5102,2014,608963
5102,2015,440786
5102,2016,240990
5102,2017,210536
5102,2018,161685
5102,2019,186608
5102,2020,163232
5102,2021,280792
5102,2022,219196
5102,2023,159471
5103,1961,69504
5103,1962,43504
5103,1963,17637
5103,1964,11388
5103,1965,10958
5103,1966,10106
5103,1967,8334
5103,1968,9836
5103,1969,8149
5103,1970,5414
5103,1971,4325
5103,1972,4391
5103,1973,4904
5103,1974,6610
5103,1975,5690
5103,1976,11430
5103,1977,6078
5103,1978,3154
5103,1979,1729
5103,1980,7461
5103,1981,16680
5103,1982,11119
5103,1983,1948
5103,1984,481
5103,1985,803
5103,1986,534
5103,1987,1323
5103,1988,1256
5103,1989,2645
5103,1990,2923
5103,1991,2868
5103,1992,8038
5103,1993,3079
5103,1994,15544
5103,1995,33768
5103,1996,48412
5103,1997,32019
5103,1998,19102
5103,1999,18928
5103,2000,6512
5103,2001,6311
5103,2002,26685
5103,2003,34536
5103,2004,13089
5103,2005,26709
5103,2006,26389
5103,2007,60561
5103,2008,87027
5103,2009,57271
5103,2010,101460
5103,2011,71317
5103,2012,39100
5103,2013,67730
5103,2014,54774
5103,2015,39935
5103,2016,66650
5103,2017,85248
5103,2018,69816
5103,2019,59938
5103,2020,56249
5103,2021,60439
5103,2022,77744
5103,2023,68870
5104,1961,11439
5104,1962,11745
5104,1963,12226
5104,1964,20047
5104,1965,20311
5104,1966,14476
5104,1967,14420
5104,1968,15320
5104,1969,16037
5104,1970,16765
5104,1971,17294
5104,1972,17267
5104,1973,20026
5104,1974,26303
5104,1975,36847
5104,1976,29215
5104,1977,29066
5104,1978,21050
5104,1979,12310
5104,1980,17405
5104,1981,19449
5104,1982,19470
5104,1983,16710
5104,1984,23113
5104,1985,17659
5104,1986,10861
5104,1987,23598
5104,1988,21321
5104,1989,15010
5104,1990,19435
5104,1991,22452
5104,1992,48662
5104,1993,44052
5104,1994,19276
5104,1995,20346
5104,1996,39681
5104,1997,96525
5104,1998,72421
5104,1999,71503
5104,2000,77592
5104,2001,97436
5104,2002,79725
5104,2003,78517
5104,2004,53241
5104,2005,46610
5104,2006,43173
5104,2007,192201
5104,2008,190725
5104,2009,233524
5104,2010,69668
5104,2011,73379
5104,2012,139014
5104,2013,281271
5104,2014,233019
5104,2015,191561
5104,2016,220444
5104,2017,381630
5104,2018,451107
5104,2019,756270
5104,2020,395002
5104,2021,427943
5104,2022,809085
5104,2023,750750
5105,1961,106337
5105,1962,118646
5105,1963,104811
5105,1964,101976
5105,1965,85456
5105,1966,85522
5105,1967,75258
5105,1968,82138
5105,1969,71821
5105,1970,67729
5105,1971,85117
5105,1972,90000
5105,1973,88016
5105,1974,99089
5105,1975,199509
5105,1976,261524
5105,1977,385235
5105,1978,143928
5105,1979,104112
5105,1980,121211
5105,1981,149182
5105,1982,142637
5105,1983,104004
5105,1984,103026
5105,1985,109697
5105,1986,100439
5105,1987,95143
5105,1988,85138
5105,1989,89196
5105,1990,61215
5105,1991,62347
5105,1992,64806
5105,1993,62804
5105,1994,61780
5105,1995,67080
5105,1996,69072
5105,1997,70343
5105,1998,76141
5105,1999,87188
5105,2000,94344
5105,2001,115522
5105,2002,121824
5105,2003,151238
5105,2004,118955
5105,2005,123019
5105,2006,142042
5105,2007,157706
5105,2008,176106
5105,2009,166636
5105,2010,205975
5105,2011,206032
5105,2012,233788
5105,2013,221745
5105,2014,246733
5105,2015,270056
5105,2016,233624
5105,2017,282673
5105,2018,286513
5105,2019,308337
5105,2020,330890
5105,2021,440428
5105,2022,425824
5105,2023,391520
52,1992,5244
52,1993,2111
52,1994,18276
52,1995,6234
52,1996,8181
52,1997,1809
52,1998,1835
52,1999,2899
52,2000,1164
52,2001,1143
52,2002,1501
52,2003,1041
52,2004,1023
52,2005,1884
52,2006,3401
52,2007,5509
52,2008,6007
52,2009,5451
52,2010,3152
52,2011,2074
52,2012,1803
52,2013,1222
52,2014,3119
52,2015,13682
52,2016,11021
52,2017,13752
52,2018,8428
52,2019,8550
52,2020,6366
52,2021,6983
52,2022,6784
52,2023,7269
5200,1961,321232
5200,1962,321760
5200,1963,334743
5200,1964,388462
5200,1965,382476
5200,1966,436596
5200,1967,450003
5200,1968,518314
5200,1969,568347
5200,1970,649328
5200,1971,722333
5200,1972,849778
5200,1973,986156
5200,1974,1008005
5200,1975,1075064
5200,1976,1384516
5200,1977,1629668
5200,1978,2199699
5200,1979,2384670
5200,1980,2611990
5200,1981,2857654
5200,1982,3003431
5200,1983,3177186
5200,1984,3559927
5200,1985,3770742
5200,1986,3655921
5200,1987,3667291
5200,1988,3624938
5200,1989,3563082
5200,1990,3553537
5200,1991,3353187
5200,1992,3617174
5200,1993,3885118
5200,1994,4545593
5200,1995,5043096
5200,1996,5530581
5200,1997,6232521
5200,1998,6561044
5200,1999,7025722
5200,2000,7681356
5200,2001,8303801
5200,2002,8806964
5200,2003,9165244
5200,2004,9288108
5200,2005,10223427
5200,2006,11557579
5200,2007,12056988
5200,2008,11994672
5200,2009,11452100
5200,2010,12070561
5200,2011,12445018
5200,2012,13287059
5200,2013,13003268
5200,2014,13831064
5200,2015,14910301
5200,2016,15784610
5200,2017,16887615
5200,2018,17077243
5200,2019,17155453
5200,2020,16613902
5200,2021,18407178
5200,2022,18709654
5200,2023,17305737
5203,1961,287852
5203,1962,290995
5203,1963,304396
5203,1964,361521
5203,1965,352950
5203,1966,402465
5203,1967,417882
5203,1968,467914
5203,1969,513804
5203,1970,592185
5203,1971,675307
5203,1972,805103
5203,1973,956759
5203,1974,992085
5203,1975,1063397
5203,1976,1354988
5203,1977,1562118
5203,1978,2162687
5203,1979,2302411
5203,1980,2525771
5203,1981,2810284
5203,1982,2990036
5203,1983,3257558
5203,1984,3690239
5203,1985,3913630
5203,1986,3740896
5203,1987,3754275
5203,1988,3730741
5203,1989,3611453
5203,1990,3541028
5203,1991,3237385
5203,1992,3410619
5203,1993,3609797
5203,1994,4041265
5203,1995,4306841
5203,1996,4869832
5203,1997,5637486
5203,1998,6219037
5203,1999,6735638
5203,2000,7489957
5203,2001,8048274
5203,2002,8690919
5203,2003,9051279
5203,2004,9190518
5203,2005,9962952
5203,2006,11239147
5203,2007,11594471
5203,2008,11332026
5203,2009,10874316
5203,2010,11287698
5203,2011,11495251
5203,2012,12039694
5203,2013,11843788
5203,2014,12349296
5203,2015,13052661
5203,2016,13676566
5203,2017,14188822
5203,2018,14383842
5203,2019,14749878
5203,2020,14801262
5203,2021,15795088
5203,2022,16216502
5203,2023,15335695
5204,1961,3862
5204,1962,4556
5204,1963,4586
5204,1964,4937
5204,1965,4774
5204,1966,4799
5204,1967,4426
5204,1968,5318
5204,1969,5594
5204,1970,6061
5204,1971,7128
5204,1972,5937
5204,1973,5995
5204,1974,7136
5204,1975,6492
5204,1976,8633
5204,1977,10494
5204,1978,11768
5204,1979,17506
5204,1980,18300
5204,1981,20047
5204,1982,32819
5204,1983,27342
5204,1984,15531
5204,1985,6787
5204,1986,8847
5204,1987,13898
5204,1988,20177
5204,1989,38647
5204,1990,49871
5204,1991,53865
5204,1992,53461
5204,1993,55115
5204,1994,89667
5204,1995,52270
5204,1996,57925
5204,1997,103842
5204,1998,105276
5204,1999,114861
5204,2000,126690
5204,2001,166909
5204,2002,220785
5204,2003,213083
5204,2004,214825
5204,2005,260828
5204,2006,303732
5204,2007,341160
5204,2008,383888
5204,2009,353874
5204,2010,374874
5204,2011,413040
5204,2012,453752
5204,2013,456337
5204,2014,496601
5204,2015,675154
5204,2016,723675
5204,2017,751097
5204,2018,882666
5204,2019,744014
5204,2020,576889
5204,2021,747216
5204,2022,743771
5204,2023,538271
5206,1961,22518
5206,1962,21934
5206,1963,24310
5206,1964,24231
5206,1965,24929
5206,1966,30189
5206,1967,27554
5206,1968,38681
5206,1969,46868
5206,1970,48387
5206,1971,45225
5206,1972,48723
5206,1973,43553
5206,1974,28972
5206,1975,25547
5206,1976,30610
5206,1977,27597
5206,1978,28107
5206,1979,41697
5206,1980,50930
5206,1981,43245
5206,1982,57740
5206,1983,45023
5206,1984,46072
5206,1985,49927
5206,1986,57405
5206,1987,51268
5206,1988,48789
5206,1989,67456
5206,1990,67825
5206,1991,47903
5206,1992,46269
5206,1993,63278
5206,1994,51646
5206,1995,76549
5206,1996,43048
5206,1997,53376
5206,1998,50894
5206,1999,62190
5206,2000,70925
5206,2001,71091
5206,2002,81224
5206,2003,89790
5206,2004,80308
5206,2005,96000
5206,2006,86281
5206,2007,88359
5206,2008,103772
5206,2009,84597
5206,2010,92611
5206,2011,88839
5206,2012,96428
5206,2013,132348
5206,2014,167854
5206,2015,223480
5206,2016,291118
5206,2017,321977
5206,2018,281898
5206,2019,283159
5206,2020,211701
5206,2021,307316
5206,2022,454888
5206,2023,558582
5207,1961,12472
5207,1962,10628
5207,1963,8896
5207,1964,9106
5207,1965,9981
5207,1966,10860
5207,1967,12987
5207,1968,16939
5207,1969,14499
5207,1970,18237
5207,1971,17145
5207,1972,20194
5207,1973,21881
5207,1974,26098
5207,1975,30454
5207,1976,49890
5207,1977,86003
5207,1978,93210
5207,1979,112076
5207,1980,116729
5207,1981,109535
5207,1982,68955
5207,1983,36617
5207,1984,36573
5207,1985,45383
5207,1986,66773
5207,1987,65889
5207,1988,47431
5207,1989,43290
5207,1990,67798
5207,1991,134863
5207,1992,205798
5207,1993,244783
5207,1994,390920
5207,1995,578137
5207,1996,578373
5207,1997,512591
5207,1998,372804
5207,1999,343057
5207,2000,293517
5207,2001,319284
5207,2002,189551
5207,2003,206820
5207,2004,209081
5207,2005,291332
5207,2006,353845
5207,2007,424430
5207,2008,484662
5207,2009,455361
5207,2010,582395
5207,2011,665265
5207,2012,839154
5207,2013,736678
5207,2014,901248
5207,2015,941538
5207,2016,1026784
5207,2017,1389059
5207,2018,1285247
5207,2019,1262548
5207,2020,1115628
5207,2021,1426997
5207,2022,1243171
5207,2023,986416
53,1961,766
53,1962,854
53,1963,1018
53,1964,911
53,1965,764
53,1966,772
53,1967,737
53,1968,888
53,1969,725
53,1970,719
53,1971,835
53,1972,813
53,1973,747
53,1974,656
53,1975,998
53,1976,1087
53,1977,1304
53,1978,1167
53,1979,1137
53,1980,935
53,1981,3281
53,1982,2097
53,1983,838
53,1984,584
53,1985,478
53,1986,820
53,1987,2272
53,1988,727
53,1989,671
53,1990,673
53,1991,445
53,1992,794
53,1993,1102
53,1994,499
53,1995,708
53,1996,1515
53,1997,1694
53,1998,2527
53,1999,2561
53,2000,2015
53,2001,2331
53,2002,2396
53,2003,2805
53,2004,3137
53,2005,3235
53,2006,3816
53,2007,3419
53,2008,6001
53,2009,5362
53,2010,6714
53,2011,5745
53,2012,6524
53,2013,5285
53,2014,5830
53,2015,7511
53,2016,4700
53,2017,3882
53,2018,5216
53,2019,4989
53,2020,5971
53,2021,6018
53,2022,5895
53,2023,5630
5300,1961,195237
5300,1962,190949
5300,1963,178563
5300,1964,184163
5300,1965,198255
5300,1966,215008
5300,1967,168428
5300,1968,194428
5300,1969,204271
5300,1970,226057
5300,1971,227909
5300,1972,231855
5300,1973,282833
5300,1974,342121
5300,1975,260323
5300,1976,313183
5300,1977,431949
5300,1978,549958
5300,1979,586698
5300,1980,611904
5300,1981,611712
5300,1982,675139
5300,1983,671036
5300,1984,711983
5300,1985,651825
5300,1986,592922
5300,1987,840898
5300,1988,946001
5300,1989,1116446
5300,1990,1273149
5300,1991,1310786
5300,1992,1366901
5300,1993,1536837
5300,1994,2737685
5300,1995,3100323
5300,1996,2895556
5300,1997,3036128
5300,1998,3051964
5300,1999,2339958
5300,2000,2343254
5300,2001,2353161
5300,2002,2562374
5300,2003,2765522
5300,2004,3059021
5300,2005,3393867
5300,2006,3766659
5300,2007,4273334
5300,2008,4717258
5300,2009,4370470
5300,2010,4781043
5300,2011,5679902
5300,2012,6437087
5300,2013,6815809
5300,2014,7443592
5300,2015,8618735
5300,2016,9298349
5300,2017,10335232
5300,2018,10522505
5300,2019,9908490
5300,2020,8235462
5300,2021,8428736
5300,2022,8663747
5300,2023,7976804
5301,1992,7871
5301,1993,21634
5301,1994,51781
5301,1995,37681
5301,1996,56360
5301,1997,56496
5301,1998,37880
5301,1999,12473
5301,2000,21121
5301,2001,19112
5301,2002,46569
5301,2003,71303
5301,2004,122991
5301,2005,161414
5301,2006,196879
5301,2007,254108
5301,2008,238919
5301,2009,135777
5301,2010,63029
5301,2011,118492
5301,2012,124859
5301,2013,115304
5301,2014,107942
5301,2015,88004
5301,2016,91421
5301,2017,98003
5301,2018,133495
5301,2019,104880
5301,2020,98024
5301,2021,107792
5301,2022,109788
5301,2023,105784
5302,1961,24410
5302,1962,29622
5302,1963,45868
5302,1964,56344
5302,1965,75669
5302,1966,97204
5302,1967,75147
5302,1968,104961
5302,1969,100040
5302,1970,126669
5302,1971,130351
5302,1972,137779
5302,1973,199552
5302,1974,260148
5302,1975,150397
5302,1976,179507
5302,1977,225982
5302,1978,220037
5302,1979,335224
5302,1980,377256
5302,1981,351403
5302,1982,316677
5302,1983,339691
5302,1984,320337
5302,1985,327419
5302,1986,314836
5302,1987,537242
5302,1988,669693
5302,1989,773015
5302,1990,906926
5302,1991,981849
5302,1992,1016818
5302,1993,1160543
5302,1994,2242039
5302,1995,2664436
5302,1996,2354338
5302,1997,2567175
5302,1998,2791636
5302,1999,2001079
5302,2000,1898121
5302,2001,1847996
5302,2002,1975436
5302,2003,2006518
5302,2004,1892400
5302,2005,1926082
5302,2006,2218490
5302,2007,2417703
5302,2008,2642027
5302,2009,2645274
5302,2010,3159531
5302,2011,3720987
5302,2012,4216524
5302,2013,4562650
5302,2014,5236703
5302,2015,6712115
5302,2016,7494951
5302,2017,8533711
5302,2018,8764998
5302,2019,8258188
5302,2020,6787552
5302,2021,6644419
5302,2022,6313716
5302,2023,5652193
5303,1961,7979
5303,1962,6223
5303,1963,5088
5303,1964,5203
5303,1965,7797
5303,1966,4211
5303,1967,4248
5303,1968,4349
5303,1969,4498
5303,1970,4357
5303,1971,3244
5303,1972,2379
5303,1973,1222
5303,1974,1190
5303,1975,1677
5303,1976,2509
5303,1977,30690
5303,1978,51754
5303,1979,4131
5303,1980,3987
5303,1981,2131
5303,1982,2486
5303,1983,3292
5303,1984,5232
5303,1985,7096
5303,1986,6308
5303,1987,7649
5303,1988,8378
5303,1989,8829
5303,1990,12109
5303,1991,11925
5303,1992,13234
5303,1993,10643
5303,1994,16278
5303,1995,15503
5303,1996,21338
5303,1997,26113
5303,1998,30617
5303,1999,33130
5303,2000,40214
5303,2001,41672
5303,2002,26121
5303,2003,25394
5303,2004,39069
5303,2005,29505
5303,2006,36130
5303,2007,40642
5303,2008,39287
5303,2009,33225
5303,2010,61938
5303,2011,63744
5303,2012,82708
5303,2013,63758
5303,2014,42256
5303,2015,50833
5303,2016,101639
5303,2017,51135
5303,2018,66985
5303,2019,58501
5303,2020,42620
5303,2021,46309
5303,2022,52881
5303,2023,63787
5304,1961,119869
5304,1962,112789
5304,1963,93335
5304,1964,87185
5304,1965,80991
5304,1966,83721
5304,1967,63875
5304,1968,63486
5304,1969,72082
5304,1970,71862
5304,1971,73710
5304,1972,71330
5304,1973,68899
5304,1974,63946
5304,1975,59181
5304,1976,65334
5304,1977,66297
5304,1978,70250
5304,1979,62897
5304,1980,72137
5304,1981,75162
5304,1982,78730
5304,1983,87339
5304,1984,92242
5304,1985,96674
5304,1986,76088
5304,1987,84037
5304,1988,84486
5304,1989,164894
5304,1990,172762
5304,1991,113935
5304,1992,159300
5304,1993,174066
5304,1994,271592
5304,1995,313805
5304,1996,268712
5304,1997,240218
5304,1998,190630
5304,1999,231297
5304,2000,250677
5304,2001,251168
5304,2002,281688
5304,2003,332999
5304,2004,384667
5304,2005,568966
5304,2006,547651
5304,2007,640999
5304,2008,746644
5304,2009,639559
5304,2010,719082
5304,2011,923519
5304,2012,1133235
5304,2013,1291618
5304,2014,1208964
5304,2015,1323010
5304,2016,1242289
5304,2017,1178998
5304,2018,1067098
5304,2019,959474
5304,2020,835395
5304,2021,856770
5304,2022,1080207
5304,2023,1070704
5305,1961,7829
5305,1962,9329
5305,1963,9072
5305,1964,11520
5305,1965,12484
5305,1966,12373
5305,1967,10685
5305,1968,11112
5305,1969,12957
5305,1970,12583
5305,1971,11352
5305,1972,12384
5305,1973,13885
5305,1974,21855
5305,1975,32414
5305,1976,43668
5305,1977,66463
5305,1978,119157
5305,1979,126925
5305,1980,113721
5305,1981,126062
5305,1982,178407
5305,1983,157204
5305,1984,186099
5305,1985,142015
5305,1986,129427
5305,1987,156105
5305,1988,149994
5305,1989,138389
5305,1990,154515
5305,1991,182426
5305,1992,149276
5305,1993,143697
5305,1994,174389
5305,1995,168349
5305,1996,200645
5305,1997,192495
5305,1998,153425
5305,1999,146722
5305,2000,165668
5305,2001,199054
5305,2002,199892
5305,2003,223401
5305,2004,314773
5305,2005,299542
5305,2006,319349
5305,2007,344323
5305,2008,442727
5305,2009,501805
5305,2010,528848
5305,2011,524709
5305,2012,538709
5305,2013,501871
5305,2014,622559
5305,2015,510994
5305,2016,526997
5305,2017,689307
5305,2018,689815
5305,2019,721314
5305,2020,596053
5305,2021,747409
5305,2022,880556
5305,2023,815525
54,1961,43529
54,1962,45764
54,1963,43646
54,1964,53352
54,1965,87651
54,1966,62840
54,1967,64485
54,1968,64224
54,1969,75686
54,1970,102376
54,1971,111364
54,1972,113878
54,1973,185537
54,1974,134407
54,1975,176411
54,1976,202431
54,1977,196292
54,1978,200243
54,1979,215511
54,1980,216705
54,1981,246857
54,1982,273455
54,1983,286516
54,1984,298162
54,1985,392048
54,1986,316423
54,1987,339988
54,1988,353297
54,1989,334496
54,1990,362960
54,1991,381399
54,1992,411687
54,1993,374339
54,1994,401711
54,1995,444743
54,1996,493862
54,1997,562982
54,1998,563664
54,1999,567943
54,2000,594344
54,2001,665466
54,2002,675555
54,2003,691830
54,2004,753912
54,2005,678705
54,2006,693436
54,2007,967857
54,2008,677081
54,2009,691496
54,2010,721654
54,2011,713523
54,2012,682078
54,2013,748614
54,2014,710640
54,2015,735021
54,2016,668832
54,2017,701871
54,2018,756750
54,2019,797201
54,2020,786423
54,2021,848618
54,2022,820193
54,2023,763738
5400,1961,4950335
5400,1962,5304790
5400,1963,4390832
5400,1964,4751767
5400,1965,4487685
5400,1966,5084845
5400,1967,4450198
5400,1968,4666651
5400,1969,5934697
5400,1970,6965284
5400,1971,6538348
5400,1972,7633805
5400,1973,8196859
5400,1974,7419805
5400,1975,8517691
5400,1976,8131526
5400,1977,7946146
5400,1978,7929755
5400,1979,8924826
5400,1980,8642061
5400,1981,9212594
5400,1982,9145568
5400,1983,8803673
5400,1984,9085262
5400,1985,9663776
5400,1986,8584730
5400,1987,8701370
5400,1988,8846178
5400,1989,9393492
5400,1990,9256272
5400,1991,9849738
5400,1992,10263963
5400,1993,10280909
5400,1994,11642804
5400,1995,11554257
5400,1996,11560208
5400,1997,11633110
5400,1998,12692790
5400,1999,12748091
5400,2000,11948150
5400,2001,13447873
5400,2002,14296473
5400,2003,15135563
5400,2004,16563725
5400,2005,17436792
5400,2006,18177667
5400,2007,19280720
5400,2008,19033408
5400,2009,18509308
5400,2010,20051481
5400,2011,21834431
5400,2012,22149968
5400,2013,21851620
5400,2014,22318799
5400,2015,22159934
5400,2016,22652031
5400,2017,23956177
5400,2018,24197969
5400,2019,25027012
5400,2020,25359855
5400,2021,25663142
5400,2022,24352213
5400,2023,24134410
5401,1961,232688
5401,1962,209582
5401,1963,223445
5401,1964,265421
5401,1965,278425
5401,1966,343806
5401,1967,472543
5401,1968,584137
5401,1969,1060632
5401,1970,1142294
5401,1971,1240170
5401,1972,1253068
5401,1973,1078736
5401,1974,1161019
5401,1975,1384633
5401,1976,1359919
5401,1977,1264488
5401,1978,1185227
5401,1979,1236624
5401,1980,1353159
5401,1981,1358059
5401,1982,1314287
5401,1983,1194305
5401,1984,1280257
5401,1985,1286566
5401,1986,871807
5401,1987,747231
5401,1988,688574
5401,1989,668942
5401,1990,580546
5401,1991,586820
5401,1992,579394
5401,1993,970850
5401,1994,941461
5401,1995,1236785
5401,1996,930078
5401,1997,929848
5401,1998,888261
5401,1999,474197
5401,2000,663679
5401,2001,875197
5401,2002,1035982
5401,2003,1265743
5401,2004,1426015
5401,2005,1760235
5401,2006,1773087
5401,2007,1951175
5401,2008,2094416
5401,2009,2007013
5401,2010,2329554
5401,2011,2553291
5401,2012,2557239
5401,2013,2582551
5401,2014,2424680
5401,2015,2150832
5401,2016,2159640
5401,2017,2453725
5401,2018,2625871
5401,2019,2872314
5401,2020,2991085
5401,2021,3181420
5401,2022,2586607
5401,2023,2275131
5402,1961,936319
5402,1962,887827
5402,1963,921466
5402,1964,1011956
5402,1965,1024763
5402,1966,1044350
5402,1967,1133579
5402,1968,1261162
5402,1969,1289829
5402,1970,1326034
5402,1971,1526097
5402,1972,1675691
5402,1973,2000720
5402,1974,1852954
5402,1975,1852716
5402,1976,1840108
5402,1977,1818582
5402,1978,1847345
5402,1979,2142172
5402,1980,1959735
5402,1981,2095362
5402,1982,2112838
5402,1983,2330582
5402,1984,2577997
5402,1985,2763138
5402,1986,2891411
5402,1987,3072990
5402,1988,3191152
5402,1989,3273770
5402,1990,3471092
5402,1991,3542084
5402,1992,3704462
5402,1993,3433952
5402,1994,3966660
5402,1995,3593997
5402,1996,4028992
5402,1997,4388656
5402,1998,4588257
5402,1999,4746064
5402,2000,4434985
5402,2001,5165600
5402,2002,5698560
5402,2003,5925229
5402,2004,6517941
5402,2005,6633278
5402,2006,6569507
5402,2007,6948881
5402,2008,6624412
5402,2009,6422319
5402,2010,7146580
5402,2011,7703365
5402,2012,7826569
5402,2013,7921183
5402,2014,8235767
5402,2015,8247209
5402,2016,8755421
5402,2017,8741332
5402,2018,8744924
5402,2019,8825914
5402,2020,9492411
5402,2021,9070390
5402,2022,8680105
5402,2023,8275087
5403,1961,33204
5403,1962,24018
5403,1963,26618
5403,1964,28420
5403,1965,28549
5403,1966,70215
5403,1967,76897
5403,1968,47259
5403,1969,57107
5403,1970,61098
5403,1971,81746
5403,1972,91882
5403,1973,300204
5403,1974,148826
5403,1975,140260
5403,1976,90323
5403,1977,92453
5403,1978,98593
5403,1979,183944
5403,1980,139613
5403,1981,148601
5403,1982,190001
5403,1983,217100
5403,1984,219629
5403,1985,335312
5403,1986,370930
5403,1987,343506
5403,1988,304230
5403,1989,569199
5403,1990,540949
5403,1991,535164
5403,1992,686566
5403,1993,688603
5403,1994,876954
5403,1995,971543
5403,1996,851527
5403,1997,830346
5403,1998,1018953
5403,1999,1092285
5403,2000,1152223
5403,2001,1189614
5403,2002,1192219
5403,2003,1286976
5403,2004,1489229
5403,2005,1448987
5403,2006,1528650
5403,2007,1662411
5403,2008,1684715
5403,2009,1550620
5403,2010,1612497
5403,2011,1725922
5403,2012,1852039
5403,2013,1948410
5403,2014,2048837
5403,2015,2204056
5403,2016,2098057
5403,2017,2203947
5403,2018,2220238
5403,2019,2259695
5403,2020,2213391
5403,2021,2451238
5403,2022,2467410
5403,2023,2400721
5404,1961,4091211
5404,1962,4560863
5404,1963,3533696
5404,1964,3776642
5404,1965,3464679
5404,1966,3907197
5404,1967,2948405
5404,1968,2958719
5404,1969,3536786
5404,1970,4472425
5404,1971,3665936
5404,1972,4672301
5404,1973,4887822
5404,1974,4335285
5404,1975,5177849
5404,1976,4907363
5404,1977,4869906
5404,1978,4939204
5404,1979,5521491
5404,1980,5272544
5404,1981,5745505
5404,1982,5650164
5404,1983,5242143
5404,1984,5203745
5404,1985,5444618
5404,1986,4760766
5404,1987,4978968
5404,1988,5199760
5404,1989,5253720
5404,1990,5134665
5404,1991,5710090
5404,1992,5749288
5404,1993,5383563
5404,1994,6095371
5404,1995,5676293
5404,1996,6021204
5404,1997,5845184
5404,1998,6524976
5404,1999,6954379
5404,2000,5953947
5404,2001,6561733
5404,2002,6779506
5404,2003,6960087
5404,2004,7376735
5404,2005,7774620
5404,2006,8448295
5404,2007,8792409
5404,2008,8532415
5404,2009,8521936
5404,2010,8964329
5404,2011,9855737
5404,2012,9851235
5404,2013,9238519
5404,2014,9535440
5404,2015,9488936
5404,2016,9781888
5404,2017,10534900
5404,2018,10495177
5404,2019,10860923
5404,2020,10575597
5404,2021,10509373
5404,2022,10313813
5404,2023,11013834
55,1961,576
55,1962,598
55,1963,613
55,1964,636
55,1965,658
55,1966,681
55,1967,657
55,1968,793
55,1969,778
55,1970,1008
55,1971,913
55,1972,1023
55,1973,621
55,1974,898
55,1975,902
55,1976,715
55,1977,907
55,1978,1324
55,1979,1121
55,1980,1388
55,1981,1103
55,1982,913
55,1983,705
55,1984,793
55,1985,1177
55,1986,1300
55,1987,1156
55,1988,1493
55,1989,1812
55,1990,1631
55,1991,2214
55,1992,2917
55,1993,3668
55,1994,3288
55,1995,4229
55,1996,1062
55,1997,1898
55,1998,1082
55,1999,928
55,2000,1996
55,2001,2171
55,2002,2014
55,2003,1164
55,2004,2024
55,2005,1432
55,2006,1723
55,2007,2033
55,2008,2252
55,2009,1053
55,2010,1127
55,2011,1135
55,2012,2237
55,2013,2225
55,2014,1036
55,2015,1305
55,2016,2884
55,2017,3503
55,2018,5820
55,2019,8260
55,2020,6244
55,2021,5318
55,2022,5838
55,2023,6075
5500,1961,33390
5500,1962,33563
5500,1963,37525
5500,1964,41045
5500,1965,43771
5500,1966,48830
5500,1967,51646
5500,1968,60957
5500,1969,56596
5500,1970,69699
5500,1971,81945
5500,1972,62503
5500,1973,64590
5500,1974,65958
5500,1975,66064
5500,1976,64213
5500,1977,67079
5500,1978,62466
5500,1979,66668
5500,1980,63329
5500,1981,71212
5500,1982,75271
5500,1983,72404
5500,1984,79204
5500,1985,92667
5500,1986,89142
5500,1987,84233
5500,1988,93083
5500,1989,114679
5500,1990,113754
5500,1991,120760
5500,1992,122718
5500,1993,134241
5500,1994,163570
5500,1995,160345
5500,1996,165023
5500,1997,179292
5500,1998,197826
5500,1999,228133
5500,2000,229447
5500,2001,270840
5500,2002,242043
5500,2003,271845
5500,2004,319844
5500,2005,325427
5500,2006,361464
5500,2007,455006
5500,2008,315836
5500,2009,544641
5500,2010,346994
5500,2011,559913
5500,2012,723005
5500,2013,989777
5500,2014,1198613
5500,2015,1329869
5500,2016,1282481
5500,2017,1119896
5500,2018,1503188
5500,2019,908377
5500,2020,830270
5500,2021,1110798
5500,2022,1505361
5500,2023,1207069
5501,1961,3266
5501,1962,2707
5501,1963,3480
5501,1964,3398
5501,1965,3576
5501,1966,4065
5501,1967,3869
5501,1968,5550
5501,1969,7504
5501,1970,7676
5501,1971,8980
5501,1972,10224
5501,1973,12541
5501,1974,16595
5501,1975,18575
5501,1976,19672
5501,1977,21057
5501,1978,19613
5501,1979,23011
5501,1980,23236
5501,1981,32877
5501,1982,35959
5501,1983,31836
5501,1984,38163
5501,1985,50811
5501,1986,47024
5501,1987,41921
5501,1988,52328
5501,1989,73340
5501,1990,73287
5501,1991,80450
5501,1992,78382
5501,1993,92058
5501,1994,119866
5501,1995,118415
5501,1996,121244
5501,1997,135382
5501,1998,153994
5501,1999,190130
5501,2000,191920
5501,2001,229852
5501,2002,205044
5501,2003,236871
5501,2004,282510
5501,2005,284586
5501,2006,320730
5501,2007,413120
5501,2008,273152
5501,2009,499345
5501,2010,306558
5501,2011,514074
5501,2012,675076
5501,2013,928172
5501,2014,1131921
5501,2015,1237208
5501,2016,1199123
5501,2017,1031409
5501,2018,1430294
5501,2019,846288
5501,2020,783174
5501,2021,1055030
5501,2022,1432652
5501,2023,1143283
5502,1961,40028
5502,1962,41441
5502,1963,44764
5502,1964,47005
5502,1965,46197
5502,1966,47277
5502,1967,48073
5502,1968,54912
5502,1969,53030
5502,1970,69776
5502,1971,85741
5502,1972,55975
5502,1973,50686
5502,1974,41002
5502,1975,39212
5502,1976,34831
5502,1977,39458
5502,1978,34797
5502,1979,37971
5502,1980,32029
5502,1981,31817
5502,1982,30917
5502,1983,32737
5502,1984,29562
5502,1985,31015
5502,1986,29840
5502,1987,30407
5502,1988,30608
5502,1989,34266
5502,1990,32957
5502,1991,31138
5502,1992,35582
5502,1993,34355
5502,1994,35192
5502,1995,32275
5502,1996,34129
5502,1997,37553
5502,1998,37260
5502,1999,32347
5502,2000,28032
5502,2001,30929
5502,2002,27568
5502,2003,24929
5502,2004,27453
5502,2005,27281
5502,2006,30464
5502,2007,29198
5502,2008,36931
5502,2009,30528
5502,2010,31628
5502,2011,32676
5502,2012,30989
5502,2013,42426
5502,2014,39381
5502,2015,76533
5502,2016,61631
5502,2017,81039
5502,2018,36318
5502,2019,41183
5502,2020,23879
5502,2021,22211
5502,2022,35626
5502,2023,29674
5503,1961,790
5503,1962,938
5503,1963,1113
5503,1964,1301
5503,1965,1320
5503,1966,1730
5503,1967,2229
5503,1968,3468
5503,1969,2968
5503,1970,3614
5503,1971,3871
5503,1972,4509
5503,1973,3952
5503,1974,6398
5503,1975,5200
5503,1976,4044
5503,1977,4195
5503,1978,4574
5503,1979,6095
5503,1980,6825
5503,1981,4404
5503,1982,3530
5503,1983,4375
5503,1984,3657
5503,1985,3636
5503,1986,3621
5503,1987,4492
5503,1988,3448
5503,1989,3782
5503,1990,2640
5503,1991,3643
5503,1992,4560
5503,1993,3873
5503,1994,4284
5503,1995,4869
5503,1996,7086
5503,1997,6763
5503,1998,7463
5503,1999,4871
5503,2000,4476
5503,2001,4812
5503,2002,2431
5503,2003,1233
5503,2004,1049
5503,2005,3952
5503,2006,2071
5503,2007,1044
5503,2008,1169
5503,2009,2073
5503,2010,2059
5503,2011,1997
5503,2012,1303
5503,2013,1807
5503,2014,1851
5503,2015,2238
5503,2016,3225
5503,2017,847
5503,2018,1019
5503,2019,1828
5503,2020,3124
5503,2021,4568
5503,2022,2465
5503,2023,5119
5504,1961,5909
5504,1962,5503
5504,1963,6889
5504,1964,9958
5504,1965,14556
5504,1966,19926
5504,1967,23142
5504,1968,26591
5504,1969,19372
5504,1970,22021
5504,1971,22824
5504,1972,19476
5504,1973,24781
5504,1974,27094
5504,1975,27295
5504,1976,28352
5504,1977,25907
5504,1978,25228
5504,1979,21510
5504,1980,21005
5504,1981,20992
5504,1982,24226
5504,1983,23547
5504,1984,27916
5504,1985,27314
5504,1986,28995
5504,1987,27924
5504,1988,26205
5504,1989,22416
5504,1990,23677
5504,1991,23779
5504,1992,24599
5504,1993,22824
5504,1994,22835
5504,1995,22344
5504,1996,20699
5504,1997,17459
5504,1998,16142
5504,1999,13744
5504,2000,17572
5504,2001,18248
5504,2002,19098
5504,2003,18806
5504,2004,18497
5504,2005,20544
5504,2006,18171
5504,2007,18966
5504,2008,17649
5504,2009,18527
5504,2010,17128
5504,2011,16832
5504,2012,16579
5504,2013,16468
5504,2014,19653
5504,2015,18825
5504,2016,19374
5504,2017,17236
5504,2018,22118
5504,2019,21339
5504,2020,16160
5504,2021,19355
5504,2022,20757
5504,2023,20445
56,1961,577
56,1962,2293
56,1963,2964
56,1964,1894
56,1965,708
56,1966,1271
56,1967,837
56,1968,985
56,1969,821
56,1970,992
56,1971,1388
56,1972,3147
56,1973,2263
56,1974,3353
56,1975,4150
56,1976,4021
56,1977,5637
56,1978,4052
56,1979,6202
56,1980,5268
56,1981,5815
56,1982,4996
56,1983,495
56,1984,1011
56,1985,2694
56,1986,5189
56,1987,2427
56,1988,3564
56,1989,3353
56,1990,3189
56,1991,3341
56,1992,8488
56,1993,23822
56,1994,12755
56,1995,12860
56,1996,11899
56,1997,14033
56,1998,16108
56,1999,16577
56,2000,29472
56,2001,29472
56,2002,41095
56,2003,40155
56,2004,27334
56,2005,24917
56,2006,26952
56,2007,30115
56,2008,28872
56,2009,26886
56,2010,34056
56,2011,38382
56,2012,37702
56,2013,49510
56,2014,52904
56,2015,71655
56,2016,79205
56,2017,113034
56,2018,103407
56,2019,136403
56,2020,112240
56,2021,242664
56,2022,227502
56,2023,177757
57,1992,6448
57,1993,15678
57,1994,24218
57,1995,19434
57,1996,14830
57,1997,10737
57,1998,9582
57,1999,8545
57,2000,13880
57,2001,22402
57,2002,34372
57,2003,22740
57,2004,37717
57,2005,61727
57,2006,80108
57,2007,108550
57,2008,119520
57,2009,110709
57,2010,118115
57,2011,83983
57,2012,108972
57,2013,128836
57,2014,114009
57,2015,96434
57,2016,93393
57,2017,98215
57,2018,104537
57,2019,123532
57,2020,144263
57,2021,138161
57,2022,128167
57,2023,42613
5707,1961,3537645
5707,1962,3911495
5707,1963,3029596
5707,1964,3259370
5707,1965,2986500
5707,1966,3433149
5707,1967,2710771
5707,1968,2751888
5707,1969,3252408
5707,1970,4112277
5707,1971,3509548
5707,1972,4385972
5707,1973,4774453
5707,1974,4057777
5707,1975,4917897
5707,1976,4724185
5707,1977,4783933
5707,1978,4786835
5707,1979,5357511
5707,1980,5002073
5707,1981,5432008
5707,1982,5561336
5707,1983,5262565
5707,1984,5187668
5707,1985,5659481
5707,1986,5259112
5707,1987,5413694
5707,1988,5531697
5707,1989,5933998
5707,1990,5751265
5707,1991,6208822
5707,1992,6547261
5707,1993,6312338
5707,1994,7264175
5707,1995,6998797
5707,1996,7231949
5707,1997,7089476
5707,1998,7949500
5707,1999,8573797
5707,2000,7822153
5707,2001,8540361
5707,2002,8887341
5707,2003,9280473
5707,2004,9939208
5707,2005,10218620
5707,2006,11177410
5707,2007,11891801
5707,2008,11626359
5707,2009,11394198
5707,2010,12229835
5707,2011,13662026
5707,2012,13771425
5707,2013,13480111
5707,2014,14015637
5707,2015,14183121
5707,2016,14360437
5707,2017,15354767
5707,2018,15540914
5707,2019,16024376
5707,2020,15909237
5707,2021,16044329
5707,2022,16070174
5707,2023,16378962
58,1961,445
58,1962,316
58,1963,390
58,1964,488
58,1965,356
58,1966,370
58,1967,401
58,1968,319
58,1969,330
58,1970,269
58,1971,339
58,1972,705
58,1973,835
58,1974,1060
58,1975,1273
58,1976,1502
58,1977,2142
58,1978,3436
58,1979,3082
58,1980,3545
58,1981,3298
58,1982,2643
58,1983,912
58,1984,927
58,1985,721
58,1986,2116
58,1987,3019
58,1988,2731
58,1989,2212
58,1990,2262
58,1991,4648
58,1992,6706
58,1993,13869
58,1994,46391
58,1995,23893
58,1996,22625
58,1997,16380
58,1998,15996
58,1999,7007
58,2000,5252
58,2001,10610
58,2002,12238
58,2003,13302
58,2004,14920
58,2005,30423
58,2006,29282
58,2007,31815
58,2008,30132
58,2009,16918
58,2010,17557
58,2011,20336
58,2012,25568
58,2013,19825
58,2014,22756
58,2015,11349
58,2016,12265
58,2017,22267
58,2018,31705
58,2019,39406
58,2020,46304
58,2021,57143
58,2022,66958
58,2023,49668
5801,1961,202481
5801,1962,184365
5801,1963,198817
5801,1964,210884
5801,1965,221096
5801,1966,226161
5801,1967,208142
5801,1968,207223
5801,1969,197192
5801,1970,180044
5801,1971,146818
5801,1972,128296
5801,1973,119512
5801,1974,102163
5801,1975,78984
5801,1976,61046
5801,1977,61751
5801,1978,63319
5801,1979,56115
5801,1980,73576
5801,1981,94338
5801,1982,82917
5801,1983,70628
5801,1984,69717
5801,1985,87166
5801,1986,76848
5801,1987,79811
5801,1988,87969
5801,1989,130621
5801,1990,147684
5801,1991,172358
5801,1992,225519
5801,1993,209632
5801,1994,258173
5801,1995,250495
5801,1996,209398
5801,1997,174299
5801,1998,178776
5801,1999,150401
5801,2000,140490
5801,2001,210206
5801,2002,280889
5801,2003,272988
5801,2004,304806
5801,2005,340401
5801,2006,455247
5801,2007,507905
5801,2008,612482
5801,2009,509253
5801,2010,619919
5801,2011,674207
5801,2012,795070
5801,2013,786300
5801,2014,848222
5801,2015,765902
5801,2016,580097
5801,2017,556204
5801,2018,529310
5801,2019,515149
5801,2020,552306
5801,2021,688166
5801,2022,659227
5801,2023,577654
5802,1961,24076
5802,1962,27424
5802,1963,27295
5802,1964,28926
5802,1965,24675
5802,1966,23604
5802,1967,27011
5802,1968,28103
5802,1969,29517
5802,1970,25898
5802,1971,22244
5802,1972,22766
5802,1973,24205
5802,1974,23382
5802,1975,29683
5802,1976,28646
5802,1977,32116
5802,1978,28371
5802,1979,21972
5802,1980,30012
5802,1981,30769
5802,1982,32205
5802,1983,20899
5802,1984,29949
5802,1985,33294
5802,1986,34216
5802,1987,23565
5802,1988,22260
5802,1989,22342
5802,1990,30043
5802,1991,36792
5802,1992,74898
5802,1993,86382
5802,1994,146011
5802,1995,132849
5802,1996,169188
5802,1997,170600
5802,1998,151872
5802,1999,100976
5802,2000,122393
5802,2001,106202
5802,2002,141582
5802,2003,179868
5802,2004,226349
5802,2005,282367
5802,2006,354952
5802,2007,461551
5802,2008,499009
5802,2009,370307
5802,2010,308603
5802,2011,389884
5802,2012,448774
5802,2013,411944
5802,2014,443898
5802,2015,462087
5802,2016,499214
5802,2017,595507
5802,2018,609248
5802,2019,641760
5802,2020,620124
5802,2021,820088
5802,2022,809861
5802,2023,764703
5803,1961,148557
5803,1962,149833
5803,1963,166193
5803,1964,167081
5803,1965,168069
5803,1966,188726
5803,1967,194242
5803,1968,226444
5803,1969,245104
5803,1970,273397
5803,1971,288832
5803,1972,254002
5803,1973,236868
5803,1974,204221
5803,1975,201805
5803,1976,198846
5803,1977,191690
5803,1978,179326
5803,1979,196167
5803,1980,204867
5803,1981,191433
5803,1982,214913
5803,1983,216243
5803,1984,224818
5803,1985,228434
5803,1986,236890
5803,1987,233108
5803,1988,229398
5803,1989,315543
5803,1990,328485
5803,1991,269638
5803,1992,310195
5803,1993,333513
5803,1994,304044
5803,1995,355845
5803,1996,322940
5803,1997,377949
5803,1998,355910
5803,1999,401967
5803,2000,441784
5803,2001,455878
5803,2002,494038
5803,2003,526585
5803,2004,515333
5803,2005,582061
5803,2006,571122
5803,2007,633857
5803,2008,631249
5803,2009,594887
5803,2010,700901
5803,2011,755556
5803,2012,780334
5803,2013,944057
5803,2014,1024804
5803,2015,1159005
5803,2016,1231904
5803,2017,1288425
5803,2018,1133006
5803,2019,1208553
5803,2020,947307
5803,2021,1115294
5803,2022,1426027
5803,2023,1521116
5815,1961,156710
5815,1962,152606
5815,1963,145481
5815,1964,145995
5815,1965,142893
5815,1966,134686
5815,1967,132584
5815,1968,133478
5815,1969,123194
5815,1970,111536
5815,1971,94867
5815,1972,86850
5815,1973,82526
5815,1974,66509
5815,1975,74155
5815,1976,65897
5815,1977,70524
5815,1978,71044
5815,1979,61205
5815,1980,73857
5815,1981,86666
5815,1982,80124
5815,1983,73764
5815,1984,74934
5815,1985,71540
5815,1986,78162
5815,1987,59206
5815,1988,50306
5815,1989,57378
5815,1990,59697
5815,1991,89990
5815,1992,109805
5815,1993,120116
5815,1994,138126
5815,1995,139158
5815,1996,140044
5815,1997,97429
5815,1998,109436
5815,1999,101499
5815,2000,98623
5815,2001,97599
5815,2002,119679
5815,2003,111439
5815,2004,141818
5815,2005,140215
5815,2006,182588
5815,2007,231715
5815,2008,278676
5815,2009,259227
5815,2010,299346
5815,2011,294639
5815,2012,316142
5815,2013,328048
5815,2014,376392
5815,2015,388642
5815,2016,324028
5815,2017,339863
5815,2018,337306
5815,2019,351390
5815,2020,341803
5815,2021,468770
5815,2022,435733
5815,2023,305002
5817,1961,315683
5817,1962,290292
5817,1963,308126
5817,1964,337164
5817,1965,342058
5817,1966,350198
5817,1967,322930
5817,1968,330818
5817,1969,311205
5817,1970,293451
5817,1971,267073
5817,1972,247433
5817,1973,236871
5817,1974,225202
5817,1975,219227
5817,1976,232296
5817,1977,248898
5817,1978,239816
5817,1979,193246
5817,1980,235262
5817,1981,274304
5817,1982,257376
5817,1983,205229
5817,1984,211241
5817,1985,244094
5817,1986,218612
5817,1987,205396
5817,1988,209948
5817,1989,260082
5817,1990,255784
5817,1991,303839
5817,1992,387596
5817,1993,375343
5817,1994,402756
5817,1995,415061
5817,1996,365743
5817,1997,392226
5817,1998,391185
5817,1999,368669
5817,2000,382495
5817,2001,495655
5817,2002,550856
5817,2003,538166
5817,2004,540257
5817,2005,597187
5817,2006,727537
5817,2007,838786
5817,2008,978510
5817,2009,828604
5817,2010,1001108
5817,2011,1109513
5817,2012,1351841
5817,2013,1303033
5817,2014,1390407
5817,2015,1325467
5817,2016,1208632
5817,2017,1327870
5817,2018,1306932
5817,2019,1464138
5817,2020,1283862
5817,2021,1673797
5817,2022,2112227
5817,2023,1985752
59,1961,258
59,1962,287
59,1963,204
59,1964,265
59,1965,941
59,1966,348
59,1967,115
59,1968,241
59,1969,174
59,1970,282
59,1971,126
59,1972,119
59,1973,93
59,1974,258
59,1975,1121
59,1976,9284
59,1977,41
59,1983,4
59,1986,513
59,1987,554
59,1988,137
59,1989,148
59,1990,189
59,1992,22
59,1993,26
59,1994,682
59,1995,267
59,1996,339
59,1997,491
59,1998,133
59,1999,126
59,2000,120
59,2001,63
59,2002,70
59,2003,167
59,2004,89
59,2005,198
59,2006,70
59,2007,91
59,2008,1423
59,2009,1173
59,2010,1866
59,2011,1036
59,2012,2135
59,2013,519
59,2014,362
59,2015,417
59,2016,578
59,2017,1509
59,2018,1101
59,2019,632
59,2020,53
59,2021,45
59,2022,39
59,2023,238
60,1961,194
60,1962,155
60,1963,135
60,1964,131
60,1965,157
60,1966,376
60,1967,189
60,1968,254
60,1969,266
60,1970,104
60,1971,148
60,1972,195
60,1973,240
60,1974,242
60,1975,307
60,1976,403
60,1977,555
60,1978,703
60,1979,762
60,1980,420
60,1981,192
60,1982,219
60,1983,229
60,1984,694
60,1985,215
60,1986,404
60,1987,646
60,1988,417
60,1989,572
60,1990,763
60,1991,1508
60,1992,1118
60,1993,1256
60,1994,2079
60,1995,2226
60,1996,2321
60,1997,2108
60,1998,3722
60,1999,4967
60,2000,4423
60,2001,5044
60,2002,6143
60,2003,6367
60,2004,6805
60,2005,10945
60,2006,9364
60,2007,10448
60,2008,10528
60,2009,10665
60,2010,11847
60,2011,11645
60,2012,10605
60,2013,11016
60,2014,11490
60,2015,13822
60,2016,16637
60,2017,14201
60,2018,22376
60,2019,29148
60,2020,25131
60,2021,36211
60,2022,42811
60,2023,28694
61,1983,221
61,1984,332
61,1985,1106
61,1986,3540
61,1987,3983
61,1988,9506
61,1989,10576
61,1990,6352
61,1991,7301
61,1992,8889
61,1993,12155
61,1994,3338
61,1995,9403
61,1996,9314
61,1997,9314
61,1998,9314
61,1999,3115
61,2000,9196
61,2001,19072
61,2002,22824
61,2003,36214
61,2004,36846
61,2005,33091
61,2006,36011
61,2007,36666
61,2008,25359
61,2009,24016
61,2010,67769
61,2011,72675
61,2012,81840
61,2013,82707
61,2014,93664
61,2015,90140
61,2016,86279
61,2017,68596
61,2018,48724
61,2019,60246
61,2020,54299
61,2021,58878
61,2022,62116
61,2023,38483
63,1992,5076
63,1993,7678
63,1994,12487
63,1995,17183
63,1996,24801
63,1997,33483
63,1998,39045
63,1999,34717
63,2000,38285
63,2001,33527
63,2002,42404
63,2003,54841
63,2004,73146
63,2005,50768
63,2006,53440
63,2007,64861
63,2008,65101
63,2009,70631
63,2010,118197
63,2011,120254
63,2012,125845
63,2013,122608
63,2014,105220
63,2015,99895
63,2016,107740
63,2017,115181
63,2018,95793
63,2019,98312
63,2020,88025
63,2021,96158
63,2022,109037
63,2023,105414
64,1961,1067
64,1962,1042
64,1963,1053
64,1964,1259
64,1965,1896
64,1966,1672
64,1967,1921
64,1968,2191
64,1969,2561
64,1970,3226
64,1971,4009
64,1972,4709
64,1973,4510
64,1974,4151
64,1975,3628
64,1976,3955
64,1977,4446
64,1978,4556
64,1979,3880
64,1980,3027
64,1981,1298
64,1982,1110
64,1983,1327
64,1984,1316
64,1985,1298
64,1986,1480
64,1987,1921
64,1988,1867
64,1989,2159
64,1990,2095
64,1991,1725
64,1992,551
64,1993,3272
64,1994,3859
64,1995,3151
64,1996,1910
64,1997,1871
64,1998,2248
64,1999,2063
64,2000,2191
64,2001,864
64,2002,2259
64,2003,1071
64,2004,1256
64,2005,1209
64,2006,843
64,2007,1095
64,2008,1416
64,2009,3454
64,2010,3247
64,2011,3671
64,2012,3354
64,2013,2707
64,2014,2968
64,2015,3322
64,2016,3185
64,2017,3342
64,2018,3384
64,2019,3669
64,2020,3809
64,2021,3913
64,2022,3825
64,2023,3590
66,1961,5559
66,1962,4392
66,1963,3938
66,1964,5259
66,1965,4834
66,1966,3963
66,1967,2808
66,1968,3096
66,1969,3505
66,1970,4129
66,1971,4732
66,1972,4185
66,1973,4185
66,1974,2877
66,1975,2042
66,1976,2188
66,1977,3813
66,1978,2050
66,1979,2006
66,1980,1588
66,1981,2415
66,1982,2156
66,1983,2330
66,1984,2241
66,1985,2536
66,1986,1985
66,1987,2022
66,1988,2358
66,1989,2310
66,1990,3047
66,1991,3428
66,1992,4234
66,1993,4777
66,1994,4830
66,1995,6426
66,1996,6215
66,1997,5754
66,1998,5065
66,1999,6240
66,2000,2686
66,2001,3549
66,2002,4749
66,2003,5142
66,2004,5774
66,2005,6621
66,2006,7836
66,2007,6925
66,2008,14744
66,2009,7601
66,2010,5571
66,2011,6742
66,2012,6560
66,2013,7532
66,2014,7439
66,2015,9662
66,2016,7949
66,2017,8287
66,2018,8985
66,2019,8507
66,2020,4685
66,2021,8122
66,2022,14158
66,2023,12377
67,1961,9235
67,1962,10328
67,1963,12260
67,1964,15783
67,1965,15249
67,1966,16473
67,1967,18877
67,1968,20906
67,1969,22149
67,1970,26224
67,1971,25760
67,1972,31329
67,1973,36834
67,1974,40255
67,1975,36971
67,1976,33406
67,1977,30309
67,1978,28448
67,1979,27950
67,1980,30108
67,1981,24446
67,1982,25098
67,1983,31201
67,1984,30288
67,1985,27161
67,1986,41711
67,1987,39541
67,1988,41054
67,1989,63110
67,1990,64040
67,1991,75697
67,1992,80097
67,1993,78395
67,1994,80275
67,1995,87490
67,1996,80958
67,1997,91670
67,1998,103130
67,1999,99593
67,2000,112013
67,2001,122225
67,2002,137318
67,2003,174242
67,2004,199964
67,2005,210846
67,2006,221582
67,2007,241938
67,2008,266531
67,2009,257531
67,2010,308656
67,2011,298044
67,2012,278248
67,2013,280336
67,2014,285581
67,2015,288814
67,2016,282847
67,2017,276814
67,2018,283861
67,2019,277274
67,2020,287115
67,2021,267476
67,2022,312382
67,2023,274887
68,1961,1539566
68,1962,1739100
68,1963,1034048
68,1964,1224888
68,1965,991540
68,1966,1087239
68,1967,585003
68,1968,507689
68,1969,739975
68,1970,1159096
68,1971,671422
68,1972,1024578
68,1973,1067476
68,1974,796728
68,1975,1144729
68,1976,958699
68,1977,888756
68,1978,1004210
68,1979,1211832
68,1980,963076
68,1981,1067563
68,1982,1045180
68,1983,838400
68,1984,867047
68,1985,954929
68,1986,665337
68,1987,677638
68,1988,816137
68,1989,860813
68,1990,772682
68,1991,853052
68,1992,885595
68,1993,881975
68,1994,1067119
68,1995,989725
68,1996,972001
68,1997,886948
68,1998,1104688
68,1999,1119887
68,2000,841495
68,2001,1027742
68,2002,972538
68,2003,1010620
68,2004,968897
68,2005,1068909
68,2006,1155707
68,2007,1185187
68,2008,1191747
68,2009,1216015
68,2010,1314859
68,2011,1426241
68,2012,1414469
68,2013,1220124
68,2014,1414049
68,2015,1518665
68,2016,1613403
68,2017,1638703
68,2018,1648989
68,2019,1753965
68,2020,1720861
68,2021,1539394
68,2022,1627655
68,2023,1541549
7,1961,103424
7,1962,74409
7,1963,92766
7,1964,112148
7,1965,129982
7,1966,142718
7,1967,128772
7,1968,122901
7,1969,123623
7,1970,111098
7,1971,83361
7,1972,67973
7,1973,60557
7,1974,64110
7,1975,30363
7,1976,15181
7,1977,7591
7,1978,1933
7,1979,9071
7,1980,14896
7,1981,23411
7,1982,19736
7,1983,26568
7,1984,30818
7,1985,48125
7,1986,26282
7,1987,44026
7,1988,50099
7,1989,97161
7,1990,118415
7,1991,103234
7,1992,176105
7,1993,113861
7,1994,132079
7,1995,112343
7,1996,91089
7,1997,109306
7,1998,113861
7,1999,57082
7,2000,70442
7,2001,178838
7,2002,258414
7,2003,271610
7,2004,287230
7,2005,243755
7,2006,362532
7,2007,367704
7,2008,419684
7,2009,325727
7,2010,386280
7,2011,429791
7,2012,481876
7,2013,402178
7,2014,429415
7,2015,220953
7,2016,51060
7,2017,58998
7,2018,46910
7,2019,57456
7,2020,46183
7,2021,41077
7,2022,67425
7,2023,55558
70,1961,6243
70,1962,5452
70,1963,7268
70,1964,10692
70,1965,15211
70,1966,23573
70,1967,27731
70,1968,31843
70,1969,20106
70,1970,24187
70,1971,23120
70,1972,18409
70,1973,21473
70,1974,24126
70,1975,22049
70,1976,20644
70,1977,17492
70,1978,18593
70,1979,19227
70,1980,19780
70,1981,19089
70,1982,23362
70,1983,22371
70,1984,25339
70,1985,23039
70,1986,21569
70,1987,18912
70,1988,17948
70,1989,19580
70,1990,22164
70,1991,24187
70,1992,24640
70,1993,24007
70,1994,22859
70,1995,23185
70,1996,18751
70,1997,17899
70,1998,17914
70,1999,14117
70,2000,17783
70,2001,22460
70,2002,23469
70,2003,21569
70,2004,20033
70,2005,22390
70,2006,17012
70,2007,17979
70,2008,18279
70,2009,17392
70,2010,16305
70,2011,17050
70,2012,16463
70,2013,14409
70,2014,13524
70,2015,12355
70,2016,12615
70,2017,12359
70,2018,13448
70,2019,11997
70,2020,10538
70,2021,10974
70,2022,11155
70,2023,10964
72,1961,3110
72,1962,3425
72,1963,3844
72,1964,3809
72,1965,3926
72,1966,4416
72,1967,4244
72,1968,5034
72,1969,4699
72,1970,5437
72,1971,5172
72,1972,4310
72,1973,5941
72,1974,4776
72,1975,5263
72,1976,3985
72,1977,5242
72,1978,4660
72,1979,2955
72,1980,2604
72,1981,3176
72,1982,3146
72,1983,3749
72,1984,2897
72,1985,3221
72,1986,2795
72,1987,3482
72,1988,3017
72,1989,3092
72,1990,3319
72,1991,3405
72,1992,3103
72,1993,3774
72,1994,2842
72,1995,2039
72,1996,2609
72,1997,2536
72,1998,2499
72,1999,2282
72,2000,2447
72,2001,2421
72,2002,3442
72,2003,2925
72,2004,3113
72,2005,2901
72,2006,2880
72,2007,2905
72,2008,3539
72,2009,3718
72,2010,3570
72,2011,2545
72,2012,3758
72,2013,3207
72,2014,1885
72,2015,2596
72,2016,4086
72,2017,3041
72,2018,2243
72,2019,1685
72,2020,1905
72,2021,3619
72,2022,5104
72,2023,3970
73,1992,3967
73,1993,8790
73,1994,10788
73,1995,21554
73,1996,14695
73,1997,7377
73,1998,4108
73,1999,492
73,2000,443
73,2001,372
73,2002,1169
73,2003,2084
73,2004,5545
73,2005,14159
73,2006,18859
73,2007,16946
73,2008,52130
73,2009,24293
73,2010,21253
73,2011,19062
73,2012,11790
73,2013,10325
73,2014,10542
73,2015,10271
73,2016,10632
73,2017,14785
73,2018,15433
73,2019,13795
73,2020,8755
73,2021,9484
73,2022,14445
73,2023,15543
74,1961,26175
74,1962,27264
74,1963,24034
74,1964,37594
74,1965,27969
74,1966,27729
74,1967,30153
74,1968,23307
74,1969,21711
74,1970,17942
74,1971,17307
74,1972,17430
74,1973,17338
74,1974,20071
74,1975,28476
74,1976,47060
74,1977,40012
74,1978,33803
74,1979,28259
74,1980,29746
74,1981,29218
74,1982,37355
74,1983,38429
74,1984,42251
74,1985,41129
74,1986,44584
74,1987,33068
74,1988,31916
74,1989,24677
74,1990,16568
74,1991,19742
74,1992,16616
74,1993,18801
74,1994,15244
74,1995,19803
74,1996,19910
74,1997,24111
74,1998,25447
74,1999,27464
74,2000,23424
74,2001,25857
74,2002,21153
74,2003,10516
74,2004,17060
74,2005,16391
74,2006,18812
74,2007,22683
74,2008,19885
74,2009,19878
74,2010,26574
74,2011,28580
74,2012,28119
74,2013,35670
74,2014,32718
74,2015,29801
74,2016,26968
74,2017,20760
74,2018,20619
74,2019,18711
74,2020,15260
74,2021,19710
74,2022,20571
74,2023,18578
75,1961,1060
75,1962,1002
75,1963,1091
75,1964,980
75,1965,983
75,1966,962
75,1967,1130
75,1968,1286
75,1969,1315
75,1970,1321
75,1971,1346
75,1972,1309
75,1973,1791
75,1974,2170
75,1975,2363
75,1976,2702
75,1977,2546
75,1978,2073
75,1979,844
75,1980,444
75,1981,570
75,1982,548
75,1983,632
75,1984,740
75,1985,518
75,1986,592
75,1987,548
75,1988,518
75,1989,548
75,1990,1229
75,1991,666
75,1992,1318
75,1993,1480
75,1994,1584
75,1995,503
75,1996,1495
75,1997,1599
75,1998,1125
75,1999,104
75,2000,70
75,2001,22
75,2002,37
75,2003,536
75,2004,705
75,2005,992
75,2006,780
75,2007,99
75,2008,212
75,2009,141
75,2010,298
75,2011,269
75,2012,456
75,2013,370
75,2014,109
75,2015,50
75,2016,76
75,2017,55
75,2018,82
75,2019,104
75,2020,75
75,2021,114
75,2022,957
75,2023,1288
79,1961,695684
79,1962,803647
79,1963,892221
79,1964,836466
79,1965,864772
79,1966,1068013
79,1967,951033
79,1968,1044859
79,1969,1141214
79,1970,1239244
79,1971,1306188
79,1972,1513042
79,1973,1511722
79,1974,1398819
79,1975,1525835
79,1976,1639661
79,1977,1700505
79,1978,1579188
79,1979,1735521
79,1980,1848359
79,1981,2032123
79,1982,1955729
79,1983,1996294
79,1984,1889551
79,1985,1946383
79,1986,1843395
79,1987,1952467
79,1988,1964948
79,1989,1951801
79,1990,1948309
79,1991,2278864
79,1992,2189837
79,1993,2030043
79,1994,2237107
79,1995,1944196
79,1996,2272760
79,1997,2151780
79,1998,2374082
79,1999,2442458
79,2000,2159253
79,2001,2412716
79,2002,2489212
79,2003,2435800
79,2004,2651736
79,2005,2714780
79,2006,3112029
79,2007,3217036
79,2008,3221310
79,2009,3202059
79,2010,3422058
79,2011,3826590
79,2012,3641221
79,2013,3448953
79,2014,3562674
79,2015,3525485
79,2016,3557086
79,2017,3553460
79,2018,3533755
79,2019,3562646
79,2020,3411880
79,2021,3426682
79,2022,3249518
79,2023,3112520
8,1961,362
8,1962,409
8,1963,433
8,1964,543
8,1965,498
8,1966,1009
8,1967,1426
8,1968,1049
8,1969,2401
8,1970,1536
8,1971,1452
8,1972,1527
8,1973,1600
8,1974,1094
8,1975,1196
8,1976,1003
8,1977,437
8,1978,676
8,1979,593
8,1980,1877
8,1981,2341
8,1982,2020
8,1983,2395
8,1984,3110
8,1985,2993
8,1986,3023
8,1987,3188
8,1988,2694
8,1989,3742
8,1990,3517
8,1991,3412
8,1992,3592
8,1993,3610
8,1994,2782
8,1995,1796
8,1996,1811
8,1997,1664
8,1998,1167
8,1999,1221
8,2000,2110
8,2001,1796
8,2002,1934
8,2003,3890
8,2004,1516
8,2005,4659
8,2006,5231
8,2007,5871
8,2008,3457
8,2009,2588
8,2010,1943
8,2011,6925
8,2012,278
8,2013,7200
8,2014,7276
8,2015,9488
8,2016,7972
8,2017,9958
8,2018,11501
8,2019,11165
8,2020,6577
8,2021,6347
8,2022,8910
8,2023,6997
80,1992,21682
80,1993,25059
80,1994,25802
80,1995,32422
80,1996,36339
80,1997,43296
80,1998,52415
80,1999,26187
80,2000,28977
80,2001,71598
80,2002,59610
80,2003,27405
80,2004,77957
80,2005,72221
80,2006,92804
80,2007,101971
80,2008,106224
80,2009,99361
80,2010,95488
80,2011,98121
80,2012,98401
80,2013,96300
80,2014,98006
80,2015,99676
80,2016,105701
80,2017,108617
80,2018,108032
80,2019,110022
80,2020,104801
80,2021,110737
80,2022,115608
80,2023,115068
81,1961,6064
81,1962,5771
81,1963,2631
81,1964,598
81,1965,741
81,1966,575
81,1967,502
81,1968,166
81,1969,244
81,1970,513
81,1971,277
81,1972,154
81,1973,187
81,1974,453
81,1975,601
81,1976,700
81,1977,558
81,1978,840
81,1979,728
81,1980,110
81,1981,1401
81,1982,516
81,1983,1578
81,1984,919
81,1985,1317
81,1986,686
81,1987,960
81,1988,892
81,1989,412
81,1990,617
81,1991,562
81,1992,466
81,1993,2126
81,1994,6448
81,1995,6722
81,1996,7441
81,1997,4346
81,1998,6583
81,1999,5538
81,2000,5576
81,2001,8987
81,2002,12123
81,2003,9238
81,2004,13590
81,2005,13847
81,2006,13679
81,2007,18750
81,2008,22678
81,2009,17831
81,2010,17202
81,2011,21133
81,2012,25637
81,2013,21505
81,2014,23793
81,2015,25160
81,2016,14194
81,2017,23938
81,2018,18051
81,2019,18413
81,2020,30935
81,2021,40781
81,2022,46090
81,2023,22978
83,1961,490
83,1962,413
83,1963,627
83,1964,831
83,1965,866
83,1966,1326
83,1967,1291
83,1968,1323
83,1969,1363
83,1970,1601
83,1971,1739
83,1972,2379
83,1973,1801
83,1974,4059
83,1975,2084
83,1976,2088
83,1977,2177
83,1978,2445
83,1979,2804
83,1980,2785
83,1981,2054
83,1982,1897
83,1983,1533
83,1984,1289
83,1985,1267
83,1986,1498
83,1987,1653
83,1988,1321
83,1989,1417
83,1990,1230
83,1991,1938
83,1992,1968
83,1993,1978
83,1994,1931
83,1995,2531
83,1996,2590
83,1997,2258
83,1998,2977
83,1999,3714
83,2000,3235
83,2001,3997
83,2002,1914
83,2003,694
83,2004,499
83,2005,3491
83,2006,1560
83,2007,504
83,2008,635
83,2009,1562
83,2010,1520
83,2011,1481
83,2012,1151
83,2013,1665
83,2014,1547
83,2015,2219
83,2016,3156
83,2017,850
83,2018,1028
83,2019,1855
83,2020,3142
83,2021,4645
83,2022,2475
83,2023,4907
84,1961,503
84,1962,768
84,1963,990
84,1964,1065
84,1965,1579
84,1966,1752
84,1967,2045
84,1968,2038
84,1969,2214
84,1970,4303
84,1971,5159
84,1972,4706
84,1973,50693
84,1974,32846
84,1975,1479
84,1976,2068
84,1977,2689
84,1978,3569
84,1979,3603
84,1980,2720
84,1981,1909
84,1982,2896
84,1983,2577
84,1984,3435
84,1985,4613
84,1986,3868
84,1987,6839
84,1988,14811
84,1989,22934
84,1990,36546
84,1991,37462
84,1992,41287
84,1993,34133
84,1994,34716
84,1995,36004
84,1996,36424
84,1997,45377
84,1998,47319
84,1999,62394
84,2000,62583
84,2001,59698
84,2002,67367
84,2003,79602
84,2004,98289
84,2005,80497
84,2006,93856
84,2007,93531
84,2008,97953
84,2009,92970
84,2010,93427
84,2011,112458
84,2012,99749
84,2013,93367
84,2014,78468
84,2015,76681
84,2016,83593
84,2017,69237
84,2018,63903
84,2019,73697
84,2020,48070
84,2021,55425
84,2022,57174
84,2023,56516
86,1961,922
86,1962,562
86,1963,628
86,1964,564
86,1965,694
86,1966,835
86,1967,955
86,1968,584
86,1969,968
86,1970,1044
86,1971,1786
86,1972,1463
86,1973,895
86,1974,829
86,1975,829
86,1976,897
86,1977,1051
86,1978,1040
86,1979,1254
86,1980,1471
86,1981,928
86,1982,918
86,1983,414
86,1984,267
86,1985,319
86,1986,259
86,1987,1156
86,1988,800
86,1989,765
86,1990,750
86,1991,636
86,1992,984
86,1993,1305
86,1994,1140
86,1995,1424
86,1996,1457
86,1997,1705
86,1998,1461
86,1999,1156
86,2000,1160
86,2001,1426
86,2002,2228
86,2003,2609
86,2004,3960
86,2005,4049
86,2006,2789
86,2007,3434
86,2008,2543
86,2009,2671
86,2010,2501
86,2011,2383
86,2012,2333
86,2013,2449
86,2014,1474
86,2015,1957
86,2016,2279
86,2017,2797
86,2018,5814
86,2019,2877
86,2020,2668
86,2021,2129
86,2022,4142
86,2023,4263
89,1961,208
89,1962,173
89,1963,233
89,1964,197
89,1965,278
89,1966,89
89,1967,176
89,1968,147
89,1969,187
89,1970,175
89,1971,365
89,1972,96
89,1973,110
89,1974,248
89,1975,381
89,1976,256
89,1977,394
89,1978,419
89,1979,465
89,1980,282
89,1981,278
89,1982,203
89,1983,302
89,1984,870
89,1985,422
89,1986,493
89,1987,492
89,1988,628
89,1989,959
89,1990,507
89,1991,1017
89,1992,1293
89,1993,1463
89,1994,2668
89,1995,1842
89,1996,1641
89,1997,1957
89,1998,2232
89,1999,2318
89,2000,2220
89,2001,2749
89,2002,3878
89,2003,3618
89,2004,3616
89,2005,4291
89,2006,5081
89,2007,7086
89,2008,7009
89,2009,8197
89,2010,9821
89,2011,11882
89,2012,14842
89,2013,13420
89,2014,26896
89,2015,43727
89,2016,60504
89,2017,61893
89,2018,84088
89,2019,105841
89,2020,95302
89,2021,115854
89,2022,100161
89,2023,69873
9,1961,633
9,1962,418
9,1963,68
9,1964,32
9,1965,1
9,1966,10
9,1967,70
9,1968,164
9,1969,219
9,1970,237
9,1971,107
9,1972,81
9,1973,41
9,1975,9
9,1976,3
9,1977,235
9,1978,911
9,1979,27186
9,1980,21571
9,1981,14205
9,1982,1935
9,1983,79
9,1984,19
9,1985,803
9,1986,6670
9,1987,12646
9,1988,2847
9,1989,2899
9,1990,5980
9,1991,32379
9,1992,81559
9,1993,80354
9,1994,92374
9,1995,61884
9,1996,45477
9,1997,62725
9,1998,58947
9,1999,37444
9,2000,29647
9,2001,18398
9,2002,2417
9,2003,1807
9,2004,2762
9,2005,3281
9,2006,4154
9,2007,6925
9,2008,18137
9,2009,31725
9,2010,54613
9,2011,25912
9,2012,13489
9,2013,11167
9,2014,10997
9,2015,15566
9,2016,38628
9,2017,183856
9,2018,76910
9,2019,40059
9,2020,44967
9,2021,29117
9,2022,33134
9,2023,5497
90,1961,536
90,1962,416
90,1963,230
90,1964,172
90,1965,115
90,1966,115
90,1967,64
90,1968,29
90,1969,11
90,1970,6
90,1979,99
90,1980,292
90,1981,526
90,1982,443
90,1983,747
90,1984,747
90,1985,1351
90,1986,2288
90,1987,2587
90,1988,2012
90,1989,1322
90,1990,1190
90,1991,1466
90,1992,3062
90,1993,3286
90,1994,3191
90,1995,2286
90,1996,1143
90,1997,481
90,1998,739
90,1999,984
90,2000,1117
90,2001,1387
90,2002,1750
90,2003,1921
90,2004,1622
90,2005,1130
90,2006,1385
90,2007,3162
90,2008,1360
90,2009,1360
90,2010,2166
90,2011,1808
90,2012,2100
90,2013,2422
90,2014,4198
90,2015,6209
90,2016,5440
90,2017,6796
90,2018,7286
90,2019,8494
90,2020,9003
90,2021,10328
90,2022,8060
90,2023,5253
91,1961,1447
91,1962,892
91,1963,857
91,1964,759
91,1965,966
91,1966,986
91,1967,1002
91,1968,716
91,1969,744
91,1970,490
91,1971,690
91,1972,397
91,1973,704
91,1974,543
91,1975,963
91,1976,2207
91,1977,565
91,1978,288
91,1979,308
91,1980,110
91,1981,20
91,1983,1
91,1997,2895
91,1998,1800
91,1999,2157
91,2000,3214
91,2001,4263
91,2002,3157
91,2003,2756
91,2004,1253
91,2005,5119
91,2006,3744
91,2007,3300
91,2008,4331
91,2009,4107
91,2010,5509
91,2011,8802
91,2012,9472
91,2013,9242
91,2014,12032
91,2015,8099
91,2016,7439
91,2017,6519
91,2018,5595
91,2019,8895
91,2020,5715
91,2021,8129
91,2022,10706
91,2023,9556
93,1961,753
93,1962,739
93,1963,512
93,1964,389
93,1965,425
93,1966,289
93,1967,305
93,1968,281
93,1969,457
93,1970,563
93,1971,671
93,1972,749
93,1973,853
93,1974,946
93,1975,825
93,1976,979
93,1977,653
93,1978,518
93,1979,394
93,1980,492
93,1981,609
93,1982,729
93,1983,486
93,1984,790
93,1985,1155
93,1986,547
93,1987,1276
93,1988,1945
93,1989,3051
93,1990,3708
93,1991,2018
93,1992,669
93,1993,790
93,1994,1045
93,1995,2918
93,1996,1594
93,1997,3055
93,1998,3088
93,1999,4948
93,2000,4349
93,2001,4243
93,2002,4492
93,2003,2155
93,2004,2179
93,2005,2199
93,2006,3392
93,2007,2739
93,2008,2803
93,2009,2160
93,2010,2881
93,2011,2149
93,2012,2569
93,2013,10198
93,2014,17885
93,2015,9559
93,2016,11691
93,2017,11247
93,2018,12660
93,2019,13016
93,2020,10490
93,2021,13089
93,2022,10909
93,2023,7406
95,1961,73
95,1962,63
95,1963,64
95,1964,98
95,1965,169
95,1966,226
95,1967,195
95,1968,275
95,1969,253
95,1970,426
95,1971,69
95,1972,71
95,1973,82
95,1974,96
95,1975,107
95,1976,161
95,1977,289
95,1978,424
95,1979,632
95,1980,652
95,1981,733
95,1982,391
95,1983,271
95,1984,368
95,1985,214
95,1986,421
95,1987,480
95,1988,1199
95,1989,492
95,1990,177
95,1991,186
95,1992,183
95,1993,799
95,1994,713
95,1995,1131
95,1996,1204
95,1997,1878
95,1998,2111
95,1999,4318
95,2000,4616
95,2001,7517
95,2002,7794
95,2003,8606
95,2004,5339
95,2005,10700
95,2006,13350
95,2007,15771
95,2008,23424
95,2009,24633
95,2010,24870
95,2011,40617
95,2012,53461
95,2013,22647
95,2014,17245
95,2015,21778
95,2016,29376
95,2017,42850
95,2018,58922
95,2019,67391
95,2020,54171
95,2021,95668
95,2022,83561
95,2023,69222
96,1961,39102
96,1962,53925
96,1963,83405
96,1964,105410
96,1965,142356
96,1966,186458
96,1967,129537
96,1968,161055
96,1969,181390
96,1970,229692
96,1971,242075
96,1972,242359
96,1973,274716
96,1974,228590
96,1975,198091
96,1976,211909
96,1977,251906
96,1978,248030
96,1979,274757
96,1980,337661
96,1981,247385
96,1982,238054
96,1983,190368
96,1984,180474
96,1985,199111
96,1986,262597
96,1987,304320
96,1988,264871
96,1989,352602
96,1990,385998
96,1991,548655
96,1992,550159
96,1993,772627
96,1994,1245670
96,1995,1638968
96,1996,1521273
96,1997,1621018
96,1998,1262364
96,1999,963605
96,2000,957833
96,2001,926791
96,2002,936913
96,2003,913271
96,2004,985430
96,2005,998527
96,2006,1024249
96,2007,1031320
96,2008,1312123
96,2009,1243347
96,2010,1154937
96,2011,1257983
96,2012,1303477
96,2013,1352321
96,2014,1378564
96,2015,1507894
96,2016,1517527
96,2017,1541013
96,2018,1473098
96,2019,1306671
96,2020,1255847
96,2021,1243079
96,2022,1184070
96,2023,1213998
97,1961,21814
97,1962,11038
97,1963,8955
97,1964,6045
97,1965,2926
97,1966,23432
97,1967,51770
97,1968,34978
97,1969,41163
97,1970,65512
97,1971,84591
97,1972,68955
97,1973,43261
97,1974,34712
97,1975,66911
97,1976,89470
97,1977,105153
97,1978,118816
97,1979,105931
97,1980,81695
97,1981,108336
97,1982,135216
97,1983,99358
97,1984,81039
97,1985,100444
97,1986,148065
97,1987,115124
97,1988,94909
97,1989,66698
97,1990,70559
97,1991,53661
97,1992,23372
97,1993,21500
97,1994,22295
97,1995,9148
97,1996,10362
97,1997,9500
97,1998,11044
97,1999,12370
97,2000,10864
97,2001,9488
97,2002,14845
97,2003,28896
97,2004,53737
97,2005,46658
97,2006,49916
97,2007,50719
97,2008,56647
97,2009,53783
97,2010,57008
97,2011,78765
97,2012,73042
97,2013,77054
97,2014,76040
97,2015,71311
97,2016,65907
97,2017,64513
97,2018,80680
97,2019,91332
97,2020,96229
97,2021,101992
97,2022,99054
97,2023,78629
98,1992,28144
98,1993,28643
98,1994,17201
98,1995,19716
98,1996,21412
98,1997,17370
98,1998,3904
98,1999,14515
98,2000,14027
98,2001,21802
98,2002,26058
98,2003,30060
98,2004,32471
98,2005,49049
98,2006,44635
98,2007,61813
98,2008,40520
98,2009,37004
98,2010,40304
98,2011,40499
98,2012,39230
98,2013,41724
98,2014,64327
98,2015,70253
98,2016,71605
98,2017,78482
98,2018,85857
98,2019,90550
98,2020,91617
98,2021,108021
98,2022,96521
98,2023,83624
99,1961,961
99,1962,1085
99,1963,1240
99,1964,1584
99,1965,1133
99,1966,1566
99,1967,1255
99,1968,1060
99,1969,1452
99,1970,1804
99,1971,1708
99,1972,2102
99,1973,2300
99,1974,2849
99,1975,3135
99,1976,4033
99,1977,4468
99,1978,5687
99,1979,4749
99,1980,6138
99,1981,6762
99,1982,7486
99,1983,6947
99,1984,9093
99,1985,9905
99,1986,9588
99,1987,11772
99,1988,12085
99,1989,17856
99,1990,21307
99,1991,21208
99,1992,19010
99,1993,15863
99,1994,16778
99,1995,19212
99,1996,21525
99,1997,22334
99,1998,23905
99,1999,28689
99,2000,24934
99,2001,25307
99,2002,22726
99,2003,22157
99,2004,22901
99,2005,23430
99,2006,22835
99,2007,23412
99,2008,23394
99,2009,21011
99,2010,20229
99,2011,21110
99,2012,21158
99,2013,21719
99,2014,22749
99,2015,26400
99,2016,26999
99,2017,29269
99,2018,31232
99,2019,30088
99,2020,32436
99,2021,34665
99,2022,33429
99,2023,31653
