geo,year,ti_coconut_oil_export_unit_value_index_2014_2016_100
10,1962,3
10,1963,2
10,1964,2
10,1965,2
10,1966,2
10,1991,16
10,1992,18
10,1993,15
10,1994,38
10,1995,38
10,1996,16
10,1997,25
10,1998,22
10,1999,25
10,2000,25
10,2001,39
10,2002,35
10,2003,9
10,2004,30
10,2005,28
10,2006,128
10,2007,18
10,2008,95
10,2009,100
10,2010,124
10,2011,62
10,2012,134
10,2013,59
10,2014,103
10,2015,107
10,2016,91
10,2017,104
10,2018,76
10,2019,105
10,2020,65
10,2021,53
10,2022,45
10,2023,65
100,1962,38
100,1963,38
100,1964,27
100,1965,34
100,1966,34
100,1967,28
100,1968,29
100,1969,27
100,1970,30
100,1971,38
100,1972,23
100,1973,22
100,1974,55
100,1975,48
100,1976,25
100,1977,38
100,1978,38
100,1979,46
100,1981,75
100,1985,70
100,1986,97
100,1988,120
100,1989,25
100,1990,66
100,1991,75
100,1992,118
100,1993,86
100,1994,84
100,1995,84
100,1996,74
100,1997,82
100,1998,68
100,1999,74
100,2000,57
100,2001,40
100,2002,32
100,2003,35
100,2004,41
100,2005,44
100,2006,52
100,2007,44
100,2008,52
100,2009,61
100,2010,66
100,2011,98
100,2012,94
100,2013,78
100,2014,113
100,2015,124
100,2016,63
100,2017,93
100,2018,116
100,2019,93
100,2020,103
100,2021,117
100,2022,89
100,2023,96
101,1966,15
101,1967,11
101,1968,15
101,1969,7
101,1970,22
101,1971,19
101,1972,12
101,1973,13
101,1975,10
101,1976,10
101,1979,59
101,1980,46
101,1981,36
101,1983,29
101,1984,75
101,1985,49
101,1986,18
101,1987,35
101,1988,43
101,1989,41
101,1990,28
101,1991,31
101,1992,43
101,1993,33
101,1994,45
101,1995,52
101,1996,58
101,1997,51
101,1998,45
101,1999,49
101,2000,36
101,2001,23
101,2002,29
101,2003,35
101,2004,49
101,2005,45
101,2006,43
101,2007,63
101,2008,97
101,2009,56
101,2010,82
101,2011,135
101,2012,97
101,2013,69
101,2014,101
101,2015,88
101,2016,111
101,2017,126
101,2018,88
101,2019,66
101,2020,78
101,2021,129
101,2022,130
101,2023,83
102,1974,25
102,2002,17
102,2015,30
102,2016,170
102,2017,22
102,2019,28
102,2023,148
104,1973,13
104,1974,45
104,1975,21
104,1976,15
104,1977,22
104,1978,31
104,1979,47
104,1980,39
104,1981,27
104,1982,28
104,1983,23
104,1984,60
104,1985,49
104,1986,20
104,1987,22
104,1988,27
104,1989,28
104,1990,22
104,1991,108
104,1993,26
104,1995,39
104,1996,46
104,1997,108
104,1998,37
104,1999,27
104,2000,41
104,2001,42
104,2002,30
104,2003,65
104,2004,32
104,2007,60
104,2009,72
104,2012,63
104,2013,72
104,2014,82
104,2015,67
104,2016,151
104,2017,140
104,2018,156
104,2019,175
104,2020,144
104,2021,114
104,2022,141
104,2023,65
105,1962,9
105,1967,9
105,1974,72
105,1982,26
105,2007,36
105,2008,144
105,2012,135
105,2014,120
105,2015,109
105,2016,71
105,2017,88
105,2018,65
105,2019,49
105,2020,55
105,2021,86
105,2022,68
106,1961,41
106,1962,27
106,1965,39
106,1967,30
106,1968,25
106,1969,15
106,1970,27
106,1971,32
106,1972,20
106,1973,34
106,1974,65
106,1975,68
106,1976,53
106,1977,68
106,1978,68
106,1979,86
106,1980,90
106,1981,94
106,1982,59
106,1983,76
106,1984,135
106,1985,77
106,1986,60
106,1987,58
106,1988,71
106,1989,63
106,1990,65
106,1991,69
106,1992,86
106,1993,65
106,1994,67
106,1995,81
106,1996,74
106,1997,73
106,1998,67
106,1999,75
106,2000,58
106,2001,39
106,2002,45
106,2003,51
106,2004,64
106,2005,63
106,2006,64
106,2007,86
106,2008,112
106,2009,75
106,2010,93
106,2011,158
106,2012,110
106,2013,89
106,2014,96
106,2015,93
106,2016,111
106,2017,145
106,2018,122
106,2019,91
106,2020,88
106,2021,124
106,2022,152
106,2023,110
107,1963,48
107,1964,47
107,1965,65
107,1966,12
107,1967,45
107,1968,70
107,1969,49
107,1970,47
107,1971,53
107,1972,47
107,1973,78
107,1974,145
107,1975,108
107,1976,53
107,1977,133
107,1978,127
107,1979,186
107,1980,140
107,1981,105
107,1982,83
107,1983,141
107,1984,229
107,1985,114
107,1986,47
107,1987,85
107,1988,100
107,1989,96
107,1990,59
107,1991,67
107,1992,71
107,1993,82
107,1994,95
107,1995,127
107,1996,136
107,1997,100
107,1998,104
107,1999,121
107,2000,69
107,2001,52
107,2002,64
107,2003,93
107,2004,121
107,2005,99
107,2006,99
107,2007,145
107,2008,160
107,2009,69
107,2010,98
107,2011,116
107,2012,92
107,2013,89
107,2014,105
107,2015,77
107,2016,118
107,2017,175
107,2018,220
107,2019,124
107,2020,173
107,2021,248
107,2022,223
107,2023,271
108,2001,64
108,2008,97
108,2009,69
108,2010,241
108,2011,386
108,2012,120
108,2013,107
108,2014,83
108,2016,117
108,2017,129
108,2018,127
108,2019,132
108,2020,82
108,2021,89
108,2022,122
108,2023,136
109,1961,8
109,1962,7
109,1963,8
109,1964,8
109,1965,7
109,1966,8
109,1967,8
109,1968,8
109,1969,7
109,1970,8
109,1971,5
109,1972,6
109,1973,12
109,1976,3
109,1977,20
109,1978,5
109,1979,4
109,1980,23
109,1981,25
109,1982,20
109,1983,38
109,1986,33
109,1987,35
109,1988,32
109,1989,32
109,1990,34
109,1992,37
109,1993,14
109,2001,98
109,2012,70
109,2013,56
109,2014,98
109,2015,112
109,2016,90
109,2017,132
109,2018,98
109,2019,130
109,2020,88
109,2021,126
109,2022,47
109,2023,161
11,1964,14
11,1973,22
11,1978,27
11,1981,46
11,1982,46
11,1984,76
11,1988,106
11,1989,46
11,1990,137
11,1991,63
11,1992,45
11,1993,61
11,1994,52
11,1995,50
11,1996,49
11,1997,57
11,1998,51
11,1999,52
11,2000,42
11,2001,32
11,2002,34
11,2003,39
11,2004,47
11,2005,49
11,2006,47
11,2007,59
11,2008,85
11,2009,56
11,2010,54
11,2011,118
11,2012,82
11,2013,73
11,2014,100
11,2015,88
11,2016,112
11,2017,267
11,2018,416
11,2019,309
11,2020,338
11,2021,376
11,2022,288
11,2023,137
110,1962,6
110,1963,8
110,1964,6
110,1965,6
110,1966,9
110,1967,6
110,1968,8
110,1969,7
110,1970,6
110,1971,6
110,1972,5
110,1973,10
110,1974,13
110,1975,7
110,1976,8
110,1977,16
110,1978,18
110,1979,25
110,1980,24
110,1981,25
110,1982,18
110,1983,22
110,1984,32
110,1985,42
110,1986,116
110,1987,53
110,1988,57
110,1989,30
110,1990,40
110,1991,42
110,1992,32
110,1993,51
110,1994,16
110,1995,176
110,1996,63
110,1997,55
110,1998,45
110,1999,70
110,2000,193
110,2001,64
110,2002,19
110,2003,67
110,2004,7
110,2005,9
110,2006,99
110,2007,72
110,2008,124
110,2009,117
110,2010,115
110,2011,131
110,2012,81
110,2013,89
110,2014,86
110,2015,102
110,2016,112
110,2017,79
110,2018,245
110,2019,236
110,2020,218
110,2021,198
110,2022,162
110,2023,361
114,1961,11
114,1962,11
114,1963,11
114,1964,12
114,1965,16
114,1966,14
114,1967,15
114,1968,14
114,1969,12
114,1970,13
114,1971,12
114,1972,18
114,1973,21
114,1974,30
114,1975,40
114,1976,40
114,1977,42
114,1978,52
114,1979,52
114,1980,49
114,1981,85
114,1983,35
114,1984,33
114,1985,39
114,1986,50
114,1987,24
114,1988,26
114,1989,38
114,1990,40
114,1991,28
114,1992,43
114,1993,29
114,1994,85
114,1995,41
114,1996,30
114,1997,31
114,1998,36
114,1999,38
114,2000,21
114,2001,18
114,2002,21
114,2003,61
114,2004,45
114,2005,36
114,2006,24
114,2007,10
114,2008,42
114,2009,18
114,2010,48
114,2011,70
114,2012,61
114,2013,15
114,2014,56
114,2015,136
114,2016,108
114,2017,108
114,2018,93
114,2019,165
114,2020,143
114,2021,138
114,2022,141
114,2023,93
116,2016,100
117,1978,9
117,1979,13
117,1981,22
117,1984,8
117,1985,13
117,1986,26
117,1987,5
117,1988,6
117,1992,9
117,1993,22
117,1994,19
117,1995,16
117,1997,18
117,1998,13
117,1999,13
117,2000,26
117,2001,52
117,2002,6
117,2005,56
117,2006,13
117,2007,24
117,2008,32
117,2009,31
117,2010,36
117,2011,22
117,2012,91
117,2013,22
117,2014,53
117,2015,107
117,2016,140
117,2017,35
117,2018,41
117,2019,77
117,2020,63
117,2021,96
117,2022,104
117,2023,37
118,1969,20
118,1972,18
118,1973,15
118,1974,40
118,1975,26
118,1976,14
118,1977,14
118,1978,24
118,1979,25
118,1980,27
118,1981,14
118,1982,16
118,1983,27
118,1986,53
118,1995,32
118,2000,30
118,2002,17
118,2005,38
118,2006,38
118,2007,38
118,2008,38
118,2009,38
118,2010,38
118,2011,38
118,2012,38
118,2013,186
118,2014,115
118,2015,100
118,2016,85
118,2017,35
118,2018,79
118,2019,695
118,2020,156
119,1998,8
119,2002,13
119,2003,20
119,2006,15
119,2010,39
119,2011,30
119,2014,19
119,2015,114
119,2016,167
119,2017,60
119,2018,94
119,2019,57
119,2020,82
119,2021,94
119,2022,48
119,2023,42
121,1962,13
121,1963,19
121,1964,17
121,1965,19
121,1967,12
121,1968,13
121,1969,14
121,1970,15
121,1971,19
121,1972,19
121,1973,33
121,1977,112
121,1994,112
121,1995,160
121,1996,107
121,1997,37
121,1998,75
121,2003,43
121,2004,37
121,2005,7
121,2007,75
121,2008,118
121,2010,25
121,2012,37
121,2014,130
121,2015,72
121,2016,98
121,2017,113
121,2018,115
121,2019,150
121,2020,141
121,2021,282
121,2022,474
121,2023,820
122,2014,100
126,1994,42
126,1995,54
126,1996,51
126,1997,32
126,1998,82
126,1999,62
126,2000,34
126,2001,35
126,2002,37
126,2003,28
126,2004,62
126,2005,49
126,2006,41
126,2007,67
126,2008,84
126,2009,58
126,2010,75
126,2011,111
126,2012,84
126,2013,62
126,2014,91
126,2015,71
126,2016,138
126,2017,185
126,2018,152
126,2019,127
126,2020,130
126,2021,358
126,2022,312
126,2023,260
129,1991,165
129,1992,148
129,1993,125
129,1997,144
129,1999,103
129,2000,1917
129,2005,103
129,2006,81
129,2007,309
129,2008,206
129,2010,103
129,2011,41
129,2012,206
129,2013,103
129,2014,144
129,2015,83
129,2016,73
129,2017,150
129,2018,165
129,2019,146
129,2020,149
129,2021,181
129,2022,137
129,2023,113
13,1971,4
13,1972,6
13,1973,7
13,1974,11
13,1975,13
13,1976,17
13,1977,0
13,1978,13
13,1979,11
13,1984,24
13,1987,9
13,2003,22
13,2013,13
13,2015,125
13,2016,75
13,2017,69
13,2018,39
13,2019,27
13,2020,43
13,2021,173
13,2022,37
13,2023,65
131,1961,16
131,1962,16
131,1963,18
131,1964,20
131,1965,22
131,1966,19
131,1967,19
131,1968,24
131,1969,20
131,1970,23
131,1971,22
131,1972,16
131,1973,33
131,1974,73
131,1975,35
131,1976,31
131,1977,50
131,1978,52
131,1979,74
131,1980,57
131,1981,44
131,1982,38
131,1983,55
131,1984,88
131,1985,47
131,1986,27
131,1987,37
131,1988,46
131,1989,40
131,1990,29
131,1991,32
131,1992,47
131,1993,36
131,1994,47
131,1995,34
131,1996,60
131,1997,54
131,1998,52
131,1999,30
131,2000,41
131,2001,26
131,2002,34
131,2003,34
131,2004,33
131,2005,47
131,2006,45
131,2007,57
131,2008,103
131,2009,66
131,2010,84
131,2011,140
131,2012,102
131,2013,76
131,2014,98
131,2015,91
131,2016,112
131,2017,138
131,2018,101
131,2019,66
131,2020,80
131,2021,121
131,2022,146
131,2023,93
132,2016,100
132,2018,400
132,2021,71
132,2022,74
137,1973,7
137,1974,13
137,1975,9
137,1976,10
137,1977,16
137,1983,17
137,1984,20
137,1985,16
137,1987,7
137,1993,19
137,2000,559
137,2002,12
137,2003,15
137,2004,56
137,2005,38
137,2006,28
137,2008,38
137,2009,32
137,2011,26
137,2012,24
137,2013,17
137,2015,49
137,2016,151
137,2017,77
137,2018,95
137,2019,112
137,2020,119
137,2023,31
138,1961,22
138,1962,22
138,1965,18
138,1966,11
138,1967,12
138,1988,21
138,1989,30
138,1992,23
138,1994,22
138,1995,34
138,1997,20
138,1998,29
138,1999,29
138,2000,31
138,2001,29
138,2002,21
138,2003,36
138,2004,40
138,2005,25
138,2006,61
138,2007,88
138,2008,84
138,2009,39
138,2010,71
138,2011,81
138,2012,95
138,2013,109
138,2014,88
138,2015,139
138,2016,73
138,2017,48
138,2018,90
138,2019,50
138,2021,87
138,2022,190
138,2023,217
14,1961,2
14,1962,2
14,1963,2
14,1964,2
14,1965,2
14,1966,2
14,1967,2
14,1968,2
14,1972,3
14,1977,3
14,1980,11
14,1982,11
14,1983,6
14,1984,17
14,1985,20
14,1986,28
14,1987,11
14,1988,23
14,1989,9
14,1990,11
14,1991,23
14,1992,11
14,1993,9
14,1994,23
14,1995,11
14,1996,40
14,1997,11
14,1998,11
14,1999,17
14,2000,17
14,2001,17
14,2003,6
14,2014,161
14,2015,85
14,2016,54
14,2017,35
14,2018,117
14,2019,37
14,2020,65
14,2021,34
14,2022,47
14,2023,79
143,2014,187
143,2016,13
143,2017,11
143,2020,177
143,2021,56
143,2022,25
144,1961,24
144,1962,21
144,1963,18
144,1964,24
144,1965,27
144,1966,24
144,1967,22
144,1968,31
144,1969,23
144,1970,27
144,1971,27
144,1972,21
144,1973,37
144,1974,89
144,1975,37
144,1976,33
144,1977,52
144,1978,66
144,1979,79
144,1980,71
144,1981,53
144,1982,45
144,1985,66
144,1986,68
144,1987,35
144,1988,45
144,1989,45
144,1990,33
144,1991,38
144,1992,37
144,1993,38
144,1994,46
144,1995,49
144,1996,49
144,1997,49
144,1998,52
144,1999,52
144,2000,32
144,2001,24
144,2002,31
144,2003,44
144,2004,60
144,2005,53
144,2006,63
144,2007,89
144,2008,139
144,2009,89
144,2010,118
144,2011,173
144,2012,83
144,2013,87
144,2014,114
144,2015,78
144,2016,108
144,2017,115
144,2018,114
144,2019,67
144,2020,80
144,2021,124
144,2022,161
144,2023,139
147,1998,4
147,1999,20
147,2000,8
147,2001,18
147,2002,18
147,2003,20
147,2014,49
147,2015,151
147,2016,100
147,2017,85
147,2018,63
147,2019,47
147,2020,82
147,2021,417
147,2022,120
147,2023,125
150,1961,19
150,1962,17
150,1963,18
150,1964,20
150,1965,22
150,1966,20
150,1967,19
150,1968,25
150,1969,21
150,1970,24
150,1971,25
150,1972,21
150,1973,29
150,1974,82
150,1975,37
150,1976,29
150,1977,43
150,1978,51
150,1979,74
150,1980,66
150,1981,49
150,1982,47
150,1983,46
150,1984,87
150,1985,68
150,1986,41
150,1987,37
150,1988,47
150,1989,48
150,1990,45
150,1991,37
150,1992,53
150,1993,45
150,1994,52
150,1995,60
150,1996,61
150,1997,56
150,1998,54
150,1999,61
150,2000,49
150,2001,33
150,2002,37
150,2003,43
150,2004,55
150,2005,53
150,2006,51
150,2007,67
150,2008,97
150,2009,74
150,2010,80
150,2011,136
150,2012,103
150,2013,80
150,2014,103
150,2015,89
150,2016,107
150,2017,133
150,2018,121
150,2019,87
150,2020,88
150,2021,125
150,2022,122
150,2023,128
153,2004,16
153,2014,49
153,2015,151
153,2022,6
153,2023,5
154,2013,57
154,2014,51
154,2015,81
154,2016,168
154,2017,154
154,2018,326
154,2019,245
154,2020,279
154,2021,741
154,2022,165
154,2023,555
155,1978,40
155,1979,58
155,1980,63
155,1982,27
155,1984,77
155,1994,83
155,1996,230
155,2000,39
155,2001,24
155,2002,49
155,2003,31
155,2004,41
155,2005,40
155,2006,58
155,2007,131
155,2008,119
155,2009,37
155,2010,103
155,2011,101
155,2012,102
155,2013,58
155,2014,114
155,2015,85
155,2016,100
155,2017,100
155,2018,83
155,2019,49
155,2020,69
155,2021,97
155,2022,111
155,2023,92
156,1982,53
156,1983,26
156,1984,105
156,1985,26
156,1986,26
156,1990,21
156,1991,20
156,1992,29
156,1993,16
156,1994,22
156,1998,40
156,1999,30
156,2000,21
156,2001,26
156,2002,33
156,2003,40
156,2004,42
156,2005,51
156,2006,38
156,2007,23
156,2008,59
156,2009,57
156,2010,40
156,2011,120
156,2012,85
156,2013,54
156,2014,126
156,2015,100
156,2016,74
156,2017,278
156,2018,174
156,2019,117
156,2020,147
156,2021,89
156,2022,90
156,2023,78
157,1977,17
157,1978,16
157,1995,35
157,1996,23
157,2007,14
157,2008,8
157,2015,39
157,2016,161
157,2017,739
157,2018,567
157,2019,149
157,2020,24
159,2014,34
159,2015,223
159,2016,43
159,2017,13
159,2018,649
159,2019,843
159,2020,119
159,2021,232
159,2022,286
159,2023,138
16,1990,20
16,1993,2
16,1995,59
16,2002,31
16,2003,16
16,2004,47
16,2005,55
16,2006,39
16,2007,35
16,2008,31
16,2009,38
16,2010,47
16,2011,47
16,2012,94
16,2013,94
16,2014,24
16,2015,146
16,2016,130
16,2017,11
16,2018,12
16,2019,37
16,2020,15
16,2021,47
16,2022,51
16,2023,20
162,1963,4
162,1965,7
162,1967,7
162,1968,9
162,1969,8
162,1970,8
162,1971,8
162,1972,7
162,1973,8
162,1974,30
162,1975,13
162,1976,12
162,1977,15
162,1978,17
162,1979,23
162,1980,18
162,1981,18
162,1982,16
162,1983,19
162,1984,32
162,1985,25
162,1986,16
162,1987,12
162,1988,16
162,1989,16
162,1990,18
162,1991,16
162,1992,19
162,1993,13
162,1994,20
162,1995,24
162,1996,20
162,1997,19
162,1998,21
162,1999,21
162,2000,15
162,2001,18
162,2002,16
162,2003,21
162,2004,43
162,2005,18
162,2006,19
162,2007,150
162,2008,209
162,2009,188
162,2010,35
162,2011,71
162,2012,48
162,2013,26
162,2014,124
162,2015,34
162,2016,142
162,2017,111
162,2018,116
162,2019,174
162,2020,56
162,2021,159
162,2022,66
162,2023,180
165,1964,11
165,1966,8
165,1967,8
165,1968,16
165,1969,33
165,1970,10
165,1972,9
165,1973,13
165,1975,13
165,1978,86
165,1980,46
165,1983,66
165,2007,39
165,2008,33
165,2009,66
165,2010,66
165,2011,66
165,2012,99
165,2013,164
165,2014,90
165,2016,110
165,2017,89
165,2018,115
165,2019,183
165,2020,58
165,2021,59
165,2022,56
165,2023,46
166,2014,63
166,2016,137
166,2017,154
166,2018,114
166,2019,86
166,2020,97
167,1993,14
167,1994,13
167,1995,15
167,1996,10
167,1997,14
167,1998,12
167,1999,6
167,2000,10
167,2001,5
167,2002,7
167,2003,9
167,2004,13
167,2005,10
167,2006,9
167,2007,11
167,2008,14
167,2009,17
167,2010,14
167,2011,28
167,2012,19
167,2013,21
167,2014,104
167,2015,120
167,2016,76
167,2017,56
167,2018,98
167,2019,76
167,2020,77
167,2021,60
167,2022,47
167,2023,41
168,1961,25
168,1962,22
168,1963,21
168,1964,24
168,1965,28
168,1966,29
168,1967,24
168,1968,31
168,1969,30
168,1970,29
168,1971,32
168,1972,25
168,1973,23
168,1974,74
168,1975,72
168,1976,32
168,1977,55
168,1978,59
168,1979,101
168,1980,71
168,1981,52
168,1982,43
168,1983,65
168,1984,108
168,1985,57
168,1986,27
168,1987,39
168,1988,54
168,1989,50
168,1990,33
168,1991,44
168,1992,70
168,1993,35
168,1994,56
168,1995,68
168,1996,77
168,1997,71
168,1998,62
168,1999,73
168,2000,48
168,2001,29
168,2002,30
168,2003,39
168,2004,54
168,2005,54
168,2006,46
168,2007,75
168,2008,78
168,2009,88
168,2010,88
168,2011,88
168,2012,98
168,2013,78
168,2014,106
168,2015,92
168,2016,102
168,2017,110
168,2018,98
168,2019,65
168,2020,86
168,2021,161
168,2022,135
168,2023,84
169,1995,47
169,2004,55
169,2005,48
169,2006,46
169,2007,55
169,2008,73
169,2009,57
169,2010,65
169,2011,93
169,2012,83
169,2013,73
169,2015,97
169,2016,103
169,2017,86
170,1995,46
170,1998,15
170,2000,107
170,2014,85
170,2015,147
170,2016,68
170,2017,100
170,2018,68
170,2019,100
170,2020,56
170,2021,92
170,2022,102
170,2023,85
171,1961,15
171,1962,15
171,1963,19
171,1964,20
171,1965,20
171,1966,17
171,1967,18
171,1968,21
171,1969,18
171,1970,20
171,1971,18
171,1972,12
171,1973,25
171,1974,65
171,1975,26
171,1976,24
171,1977,38
171,1978,43
171,1979,65
171,1980,44
171,1981,36
171,1982,31
171,1983,36
171,1984,70
171,1985,38
171,1986,19
171,1987,26
171,1988,36
171,1989,35
171,1990,22
171,1991,25
171,1992,38
171,1993,29
171,1994,39
171,1995,43
171,1996,51
171,1997,44
171,1998,42
171,1999,50
171,2000,32
171,2001,21
171,2002,26
171,2003,30
171,2004,42
171,2005,40
171,2006,38
171,2007,58
171,2008,86
171,2009,50
171,2010,66
171,2011,122
171,2012,84
171,2013,66
171,2014,105
171,2015,88
171,2016,107
171,2017,114
171,2018,78
171,2019,58
171,2020,66
171,2021,110
171,2022,87
171,2023,150
173,1993,81
173,1995,44
173,1996,77
173,1997,72
173,1998,69
173,1999,65
173,2000,69
173,2001,29
173,2006,59
173,2007,82
173,2008,114
173,2009,66
173,2010,64
173,2011,106
173,2012,70
173,2013,69
173,2014,87
173,2015,85
173,2016,127
173,2017,127
173,2018,137
173,2019,91
173,2020,95
173,2021,137
173,2022,119
173,2023,176
174,1961,6
174,1963,3
174,1964,5
174,1966,6
174,1967,6
174,1968,7
174,1969,7
174,1970,6
174,1971,7
174,1972,5
174,1973,7
174,1974,19
174,1975,12
174,1976,8
174,1977,9
174,1978,12
174,1979,18
174,1980,16
174,1981,12
174,1982,10
174,1983,9
174,1984,23
174,1985,14
174,1986,7
174,1987,8
174,1988,16
174,1989,13
174,1990,13
174,1991,7
174,1992,14
174,1993,11
174,1995,16
174,1996,19
174,1997,18
174,1998,14
174,1999,13
174,2000,11
174,2001,11
174,2002,10
174,2006,19
174,2007,78
174,2009,87
174,2011,66
174,2012,62
174,2013,57
174,2014,74
174,2015,60
174,2016,166
174,2017,47
174,2018,95
174,2019,62
174,2020,56
174,2021,42
174,2022,102
174,2023,77
176,1969,8
176,2005,90
176,2006,78
176,2016,100
176,2020,127
176,2021,42
179,2015,100
183,2001,16
183,2002,28
183,2003,25
183,2004,30
183,2006,32
183,2007,65
183,2009,51
183,2010,44
183,2011,64
183,2012,62
183,2013,81
183,2014,44
183,2015,75
183,2016,182
183,2017,126
183,2018,206
183,2019,45
183,2020,59
183,2021,95
183,2022,97
183,2023,81
185,1993,75
185,1996,97
185,1997,144
185,1998,112
185,1999,61
185,2000,75
185,2001,44
185,2002,31
185,2003,40
185,2004,42
185,2005,29
185,2006,63
185,2007,76
185,2008,124
185,2009,87
185,2010,81
185,2011,133
185,2012,114
185,2013,88
185,2014,114
185,2015,89
185,2016,97
185,2017,112
185,2018,106
185,2019,69
185,2020,75
185,2021,113
185,2022,109
185,2023,100
189,1961,8
189,1962,9
189,1963,8
189,1964,7
189,1965,8
189,1966,8
189,1967,8
189,1968,7
189,1969,7
189,1970,8
189,1971,8
189,1972,8
189,1973,9
189,1974,14
189,1975,21
189,1976,16
189,1977,16
189,1978,17
189,1979,20
189,1980,26
189,1981,30
189,1982,37
189,1983,39
189,1984,32
189,1985,27
189,1986,16
189,1987,22
189,1988,28
189,1989,24
189,1990,26
189,1991,21
189,1992,9
189,1993,14
189,1994,16
189,1995,17
189,1996,8
189,1997,50
189,1998,20
189,1999,40
189,2000,22
189,2001,45
189,2002,16
189,2003,16
189,2004,31
189,2014,177
189,2015,86
189,2016,38
189,2017,61
189,2018,91
189,2019,31
189,2020,40
189,2021,61
189,2022,43
189,2023,88
191,1970,11
191,1971,11
191,1972,13
191,1973,43
191,1974,14
191,1975,21
191,1976,20
191,1977,22
191,1978,19
191,1979,36
191,1980,37
191,1981,28
191,1982,30
191,1983,34
191,1984,36
191,1985,35
191,1986,30
191,1987,30
191,1988,29
191,1989,35
191,1990,26
191,1991,27
191,1992,25
191,1993,17
191,1996,22
191,1997,32
191,1998,40
191,2003,27
191,2004,27
191,2014,74
191,2015,117
191,2016,109
191,2017,117
191,2018,193
191,2019,205
191,2020,293
191,2021,311
191,2022,59
191,2023,39
193,2003,15
193,2004,45
193,2005,46
193,2006,46
193,2007,51
193,2008,55
193,2009,28
193,2010,42
193,2011,49
193,2012,23
193,2013,29
193,2014,35
193,2015,117
193,2016,148
193,2018,352
193,2019,291
193,2020,294
193,2021,309
193,2022,229
193,2023,207
194,1976,162
194,1980,433
194,1981,691
194,1982,661
194,1984,668
194,1985,509
194,1986,420
194,1987,449
194,1988,344
194,1989,469
194,1990,391
194,1991,400
194,1995,649
194,1998,394
194,2000,243
194,2001,197
194,2002,131
194,2003,325
194,2004,389
194,2005,291
194,2006,108
194,2007,254
194,2008,579
194,2009,487
194,2010,622
194,2011,60
194,2012,86
194,2013,80
194,2014,133
194,2015,67
194,2018,653
194,2019,264
194,2020,1454
194,2021,1274
194,2022,1098
194,2023,1901
195,1986,9
195,1998,5
195,1999,4
195,2000,3
195,2001,4
195,2005,4
195,2014,100
195,2021,232
196,1969,10
196,1970,10
196,1972,7
196,1974,25
196,1977,17
196,1979,33
196,1980,33
196,1982,11
196,1983,13
196,1984,35
196,1985,13
196,2001,11
196,2002,11
196,2003,11
196,2004,11
196,2013,44
196,2014,81
196,2015,38
196,2016,181
196,2017,56
196,2020,408
196,2021,135
197,2014,107
197,2015,136
197,2016,57
197,2017,53
197,2018,1
197,2019,204
197,2020,12
197,2021,95
197,2022,342
197,2023,47
198,1996,29
198,1997,29
198,2001,18
198,2002,19
198,2007,15
198,2010,26
198,2011,34
198,2012,28
198,2013,26
198,2014,35
198,2015,146
198,2016,119
198,2017,70
198,2018,70
198,2019,74
198,2020,61
198,2021,75
198,2022,99
198,2023,96
199,2002,48
199,2003,51
199,2007,9
199,2013,103
199,2014,99
199,2015,85
199,2016,115
199,2017,140
199,2018,94
199,2019,113
199,2020,321
199,2021,61
199,2022,272
199,2023,463
20,1999,9
20,2014,104
20,2015,163
20,2016,33
20,2017,6
20,2018,3
20,2019,5
20,2020,113
20,2022,6
20,2023,56
200,1961,12
200,1962,13
200,1963,14
200,1964,16
200,1965,18
200,1966,15
200,1967,14
200,1968,16
200,1969,14
200,1970,17
200,1971,17
200,1972,14
200,1973,23
200,1974,52
200,1975,30
200,1976,24
200,1977,37
200,1978,39
200,1979,50
200,1980,44
200,1981,33
200,1982,29
200,1983,37
200,1984,62
200,1985,41
200,1986,21
200,1987,28
200,1988,34
200,1989,33
200,1990,26
200,1991,29
200,1992,33
200,1993,32
200,1994,40
200,1995,44
200,1996,50
200,1997,48
200,1998,43
200,1999,48
200,2000,40
200,2001,30
200,2002,31
200,2003,36
200,2004,47
200,2005,50
200,2006,50
200,2007,62
200,2008,85
200,2009,62
200,2010,74
200,2011,109
200,2012,97
200,2013,82
200,2014,102
200,2015,86
200,2016,112
200,2017,195
200,2018,254
200,2019,267
200,2020,302
200,2021,136
200,2022,153
200,2023,135
202,1970,28
202,1971,28
202,1974,28
202,1975,30
202,1978,19
202,1979,25
202,1980,17
202,1981,17
202,1982,15
202,1984,24
202,1985,19
202,1986,15
202,1987,15
202,1988,14
202,1989,21
202,1990,28
202,1991,13
202,1992,28
202,1993,22
202,1994,22
202,1995,25
202,1996,23
202,1997,34
202,1998,38
202,1999,20
202,2000,20
202,2001,25
202,2002,27
202,2003,19
202,2004,23
202,2005,47
202,2006,48
202,2007,26
202,2008,66
202,2009,70
202,2010,100
202,2011,73
202,2012,81
202,2013,54
202,2014,127
202,2015,104
202,2016,69
202,2017,69
202,2018,81
202,2019,63
202,2020,60
202,2021,76
202,2022,85
202,2023,60
203,1961,21
203,1977,32
203,1978,64
203,1979,256
203,1980,512
203,1982,99
203,1984,160
203,1987,64
203,1990,50
203,1991,59
203,1992,69
203,1993,31
203,1994,98
203,1995,56
203,1996,66
203,1997,62
203,1998,58
203,1999,61
203,2000,44
203,2001,30
203,2002,33
203,2003,38
203,2004,50
203,2005,50
203,2006,48
203,2007,66
203,2008,101
203,2009,69
203,2010,70
203,2011,138
203,2012,92
203,2013,72
203,2014,97
203,2015,90
203,2016,113
203,2017,140
203,2018,97
203,2019,71
203,2020,78
203,2021,126
203,2022,150
203,2023,119
207,2010,168
207,2011,118
207,2012,168
207,2013,29
207,2015,124
207,2016,76
207,2021,201
207,2022,167
207,2023,129
209,1998,26
209,1999,24
209,2000,16
209,2001,12
209,2002,9
209,2003,12
209,2004,18
209,2005,19
209,2006,13
209,2007,25
209,2008,25
209,2009,25
209,2010,25
209,2011,25
209,2012,25
209,2013,25
209,2014,100
209,2020,68
21,1982,40
21,1983,45
21,1984,25
21,1985,74
21,1989,33
21,1991,56
21,1992,42
21,1993,42
21,1994,36
21,1995,43
21,1996,44
21,1997,41
21,1998,78
21,1999,35
21,2000,56
21,2001,37
21,2002,49
21,2003,44
21,2004,173
21,2006,37
21,2009,111
21,2011,99
21,2012,224
21,2013,185
21,2014,154
21,2015,64
21,2016,82
21,2017,211
21,2018,243
21,2019,213
21,2020,124
21,2021,143
21,2022,212
21,2023,141
210,1961,13
210,1962,12
210,1963,14
210,1964,15
210,1965,21
210,1966,12
210,1967,14
210,1968,19
210,1969,15
210,1970,24
210,1971,18
210,1973,20
210,1974,56
210,1975,29
210,1978,38
210,1979,57
210,1980,40
210,1981,31
210,1982,24
210,1983,36
210,1984,66
210,1985,42
210,1986,25
210,1987,28
210,1988,33
210,1989,30
210,1990,26
210,1991,24
210,1992,41
210,1993,34
210,1994,39
210,1995,45
210,1996,57
210,1997,41
210,1998,41
210,1999,46
210,2000,35
210,2001,24
210,2002,30
210,2003,33
210,2004,46
210,2005,52
210,2006,49
210,2007,80
210,2008,98
210,2009,76
210,2010,73
210,2011,132
210,2012,111
210,2013,88
210,2014,101
210,2015,93
210,2016,106
210,2017,114
210,2018,97
210,2019,67
210,2020,77
210,2021,121
210,2022,147
210,2023,132
211,1963,6
211,1964,8
211,1965,8
211,1966,8
211,1967,9
211,1968,8
211,1969,6
211,1970,5
211,1971,5
211,1972,5
211,1973,8
211,1974,18
211,1975,8
211,1976,5
211,1977,10
211,1978,26
211,1979,38
211,1980,31
211,1981,37
211,1982,35
211,1983,36
211,1984,22
211,1985,33
211,1986,42
211,1987,47
211,1988,134
211,1989,21
211,1990,24
211,1991,116
211,1992,93
211,1993,85
211,1994,34
211,1995,113
211,1996,100
211,1997,40
211,1998,9
211,1999,30
211,2000,45
211,2001,30
211,2002,23
211,2003,34
211,2004,36
211,2005,22
211,2006,75
211,2007,19
211,2008,66
211,2009,82
211,2010,65
211,2011,123
211,2012,95
211,2013,119
211,2014,82
211,2015,83
211,2016,136
211,2017,119
211,2018,108
211,2019,138
211,2020,365
211,2021,103
211,2022,161
211,2023,88
212,2008,289
212,2009,289
212,2010,289
212,2015,100
212,2017,1167
212,2020,2086
212,2021,65
214,1974,19
214,1983,51
214,1988,23
214,1989,27
214,1990,28
214,1991,28
214,1992,23
214,1993,18
214,1994,90
214,1995,16
214,1996,22
214,1997,17
214,1998,68
214,1999,46
214,2000,20
214,2001,46
214,2002,28
214,2003,31
214,2004,20
214,2005,34
214,2006,22
214,2007,15
214,2008,20
214,2009,60
214,2010,91
214,2011,103
214,2012,185
214,2013,59
214,2014,120
214,2015,108
214,2016,72
214,2017,77
214,2018,100
214,2019,87
214,2020,95
214,2021,100
214,2022,42
214,2023,43
215,1961,60
215,1962,62
215,1963,98
215,1964,102
215,1965,163
215,1966,114
215,1967,125
215,1968,168
215,1969,160
215,1970,261
215,1971,183
215,1972,182
215,1973,205
215,1974,233
215,1975,231
215,1976,196
215,1978,560
215,1979,694
215,1998,1570
215,1999,478
215,2000,159
215,2001,205
215,2002,96
215,2005,414
215,2006,239
215,2007,150
215,2008,116
215,2009,164
215,2010,99
215,2011,249
215,2012,186
215,2013,120
215,2014,100
215,2017,178
215,2018,3243
215,2019,194
215,2020,40
215,2021,500
215,2022,239
215,2023,136
216,1965,6
216,1966,3
216,1967,6
216,1968,3
216,1970,2
216,1973,3
216,1974,8
216,1979,8
216,1980,4
216,1981,4
216,1982,4
216,1983,11
216,1984,15
216,1985,8
216,1987,3
216,1989,11
216,1990,3
216,1991,6
216,1992,10
216,1993,4
216,1994,4
216,1995,7
216,1996,32
216,1997,8
216,1998,7
216,1999,6
216,2000,4
216,2001,3
216,2002,4
216,2003,4
216,2004,5
216,2005,6
216,2006,13
216,2007,10
216,2008,14
216,2009,19
216,2010,18
216,2011,29
216,2012,53
216,2013,63
216,2014,101
216,2015,109
216,2016,90
216,2017,92
216,2018,80
216,2019,56
216,2020,62
216,2021,55
216,2022,58
216,2023,57
217,1992,14
217,1996,17
217,1998,20
217,2000,12
217,2003,55
217,2004,5
217,2005,4
217,2006,50
217,2013,80
217,2014,86
217,2015,88
217,2016,126
217,2017,109
217,2018,20
217,2019,7
217,2020,68
217,2021,91
217,2022,54
217,2023,49
219,1979,14
219,1980,9
219,1981,10
219,1982,7
219,1983,12
219,1984,17
219,1985,9
219,1986,4
219,1987,6
219,1988,8
219,1989,9
219,1990,5
219,1991,4
219,1992,6
219,1993,4
219,1997,6
219,1998,6
219,1999,6
219,2000,6
219,2001,6
219,2002,6
219,2003,38
219,2004,45
219,2014,39
219,2015,251
219,2016,9
219,2017,27
219,2018,23
219,2019,21
219,2020,168
219,2021,6
219,2022,3
219,2023,10
220,1961,14
220,1962,14
220,1963,14
220,1964,14
220,1965,14
220,1966,14
220,1967,14
220,1968,12
220,1969,12
220,1970,12
220,1971,15
220,1972,23
220,1973,26
220,1974,33
220,1975,44
220,1976,40
220,1977,33
220,1980,65
220,1981,65
220,1982,98
220,1983,131
220,1984,82
220,1985,44
220,1986,10
220,1987,37
220,1988,37
220,1989,38
220,1990,40
220,1991,43
220,1992,41
220,1993,26
220,1994,46
220,1995,49
220,1996,48
220,1997,52
220,1998,46
220,1999,58
220,2000,59
220,2001,57
220,2002,51
220,2003,51
220,2004,50
220,2005,48
220,2006,54
220,2007,54
220,2008,76
220,2009,85
220,2010,82
220,2011,95
220,2012,94
220,2013,100
220,2014,92
220,2015,105
220,2016,103
220,2017,104
220,2018,116
220,2019,114
220,2020,122
220,2021,125
220,2022,142
220,2023,144
221,1989,173
221,1990,74
221,1991,173
221,1992,54
221,1993,122
221,1994,99
221,1995,115
221,1997,79
221,1998,85
221,1999,99
221,2000,110
221,2001,192
221,2003,65
221,2008,285
221,2009,93
221,2010,42
221,2011,135
221,2013,39
221,2015,107
221,2016,93
221,2017,134
221,2018,82
221,2019,116
221,2020,107
221,2021,77
223,1986,11
223,1987,8
223,1990,31
223,1991,16
223,1992,12
223,1993,15
223,1994,15
223,1995,14
223,1996,11
223,1997,18
223,1998,17
223,1999,18
223,2000,23
223,2001,27
223,2007,12
223,2008,11
223,2010,22
223,2011,15
223,2013,25
223,2014,33
223,2015,100
223,2016,167
223,2017,119
223,2018,166
223,2019,69
223,2020,62
223,2021,71
223,2022,29
223,2023,16
225,1980,91
225,1981,78
225,1982,56
225,1989,61
225,1990,60
225,1991,50
225,1992,50
225,1993,67
225,1994,76
225,1995,88
225,1996,87
225,2002,40
225,2003,59
225,2004,64
225,2005,54
225,2006,78
225,2007,57
225,2008,84
225,2009,92
225,2010,61
225,2011,97
225,2012,143
225,2013,103
225,2014,77
225,2015,100
225,2016,124
225,2017,144
225,2018,156
225,2019,208
225,2020,229
225,2021,220
225,2022,175
225,2023,303
226,1965,23
226,1966,21
226,1968,21
226,1969,20
226,1998,69
226,2009,127
226,2011,96
226,2015,129
226,2016,71
226,2017,26
226,2018,209
226,2019,47
226,2021,204
226,2023,381
229,1961,6
229,1962,6
229,1963,5
229,1964,6
229,1965,7
229,1966,5
229,1967,6
229,1968,5
229,1969,5
229,1970,6
229,1971,8
229,1972,5
229,1973,5
229,1974,16
229,1975,10
229,1976,8
229,1977,13
229,1978,14
229,1979,20
229,1980,20
229,1981,14
229,1982,13
229,1983,15
229,1984,18
229,1985,20
229,1986,11
229,1987,12
229,1988,15
229,1989,15
229,1990,13
229,1991,14
229,1992,15
229,1993,13
229,1994,16
229,1995,17
229,1996,19
229,1997,20
229,1998,19
229,1999,22
229,2000,15
229,2001,12
229,2002,15
229,2003,16
229,2004,26
229,2005,14
229,2006,14
229,2007,18
229,2008,27
229,2009,21
229,2010,75
229,2011,46
229,2012,99
229,2013,103
229,2014,117
229,2015,93
229,2016,89
229,2017,114
229,2018,102
229,2019,75
229,2020,75
229,2021,111
229,2022,86
229,2023,65
23,1992,48
23,1994,48
23,1996,80
23,1997,104
23,2008,112
23,2009,92
23,2010,48
23,2011,86
23,2012,96
23,2013,102
23,2014,171
23,2015,32
23,2016,97
23,2017,90
23,2018,91
23,2019,86
23,2020,50
23,2021,49
23,2022,58
23,2023,233
230,1994,48
230,1997,49
230,1998,49
230,2002,16
230,2003,97
230,2007,57
230,2008,77
230,2009,59
230,2010,64
230,2011,105
230,2012,61
230,2013,73
230,2014,107
230,2015,101
230,2016,91
230,2017,97
230,2018,114
230,2019,117
230,2020,82
230,2021,104
230,2022,128
230,2023,119
231,1961,23
231,1962,26
231,1963,18
231,1964,28
231,1965,26
231,1966,21
231,1967,20
231,1968,26
231,1969,24
231,1970,26
231,1971,22
231,1972,19
231,1973,32
231,1974,41
231,1975,30
231,1976,28
231,1977,32
231,1978,43
231,1979,73
231,1980,51
231,1981,41
231,1982,38
231,1983,45
231,1984,42
231,1985,55
231,1986,29
231,1987,31
231,1988,40
231,1989,37
231,1990,31
231,1991,31
231,1992,45
231,1993,48
231,1994,49
231,1995,53
231,1996,60
231,1997,52
231,1998,51
231,1999,58
231,2000,58
231,2001,52
231,2002,57
231,2003,44
231,2004,61
231,2005,54
231,2006,70
231,2007,79
231,2008,97
231,2009,79
231,2010,89
231,2011,84
231,2012,97
231,2013,92
231,2014,97
231,2015,97
231,2016,106
231,2017,148
231,2018,199
231,2019,192
231,2020,193
231,2021,177
231,2022,198
231,2023,192
237,1961,24
237,1962,19
237,1963,19
237,1964,37
237,1965,34
237,1966,3
237,1967,25
237,1983,63
237,1984,95
237,1985,35
237,1986,35
237,1987,40
237,1988,40
237,1989,50
237,1990,50
237,1991,54
237,1992,56
237,1993,46
237,1994,53
237,1995,63
237,1996,62
237,1997,66
237,1998,63
237,1999,61
237,2000,55
237,2001,54
237,2002,29
237,2003,31
237,2004,39
237,2005,50
237,2006,184
237,2007,26
237,2008,250
237,2009,102
237,2010,127
237,2011,102
237,2012,89
237,2013,68
237,2014,100
237,2015,91
237,2016,109
237,2017,123
237,2018,91
237,2019,68
237,2020,77
237,2021,120
237,2022,268
237,2023,297
244,1978,55
244,1979,58
244,1980,56
244,1981,37
244,1982,27
244,1983,40
244,1984,74
244,1985,41
244,1986,16
244,1987,25
244,1988,39
244,1989,34
244,1990,21
244,1991,18
244,1992,23
244,1995,33
244,1996,29
244,1997,32
244,1998,35
244,1999,33
244,2000,37
244,2001,30
244,2002,28
244,2003,27
244,2004,45
244,2005,45
244,2006,46
244,2007,46
244,2008,47
244,2009,50
244,2010,56
244,2011,55
244,2012,184
244,2013,16
244,2014,111
244,2015,79
244,2016,110
244,2017,54
244,2018,95
244,2019,165
244,2020,189
244,2021,211
244,2022,214
244,2023,217
25,1990,18
25,1991,20
25,1992,44
25,1993,24
25,1994,30
25,1995,45
25,1996,35
25,1997,50
25,1998,18
25,1999,40
25,2000,57
25,2002,16
25,2003,20
25,2004,31
25,2005,22
25,2006,23
25,2007,33
25,2008,24
25,2009,20
25,2010,175
25,2011,145
25,2012,80
25,2013,80
25,2014,99
25,2015,106
25,2016,96
25,2017,84
25,2018,61
25,2019,76
25,2020,73
25,2021,87
25,2022,112
25,2023,89
255,2000,31
255,2001,21
255,2002,23
255,2003,29
255,2004,29
255,2005,29
255,2006,32
255,2007,38
255,2008,55
255,2009,46
255,2010,55
255,2011,98
255,2012,105
255,2013,88
255,2014,112
255,2015,114
255,2016,75
255,2017,103
255,2018,84
255,2019,73
255,2020,78
255,2021,87
255,2022,116
255,2023,106
256,2015,55
256,2016,145
256,2017,65
256,2018,127
256,2019,135
256,2020,113
256,2021,51
256,2022,26
256,2023,22
27,1993,98
27,1994,39
27,1995,28
27,1997,63
27,2001,38
27,2002,47
27,2003,42
27,2006,53
27,2007,75
27,2008,79
27,2009,54
27,2010,65
27,2011,82
27,2012,96
27,2013,70
27,2014,84
27,2015,105
27,2016,111
27,2017,179
27,2018,171
27,2019,86
27,2020,101
27,2021,167
27,2022,187
27,2023,181
272,2007,22
272,2014,121
272,2015,138
272,2016,41
272,2017,39
272,2018,97
272,2019,130
272,2020,76
272,2021,151
272,2022,109
272,2023,74
28,1991,128
28,2002,23
28,2003,43
28,2004,43
28,2014,117
28,2015,106
28,2016,77
28,2017,59
28,2018,36
28,2019,55
28,2020,489
28,2021,251
28,2022,19
29,1999,22
29,2000,17
29,2016,100
29,2017,79
29,2018,155
29,2020,110
33,1989,14
33,1990,9
33,1991,7
33,1992,9
33,1993,8
33,1994,14
33,1995,14
33,1996,13
33,1997,13
33,1998,11
33,1999,17
33,2000,15
33,2001,8
33,2002,16
33,2003,12
33,2004,14
33,2005,11
33,2006,10
33,2007,13
33,2008,75
33,2009,82
33,2010,81
33,2011,116
33,2012,119
33,2013,110
33,2014,105
33,2015,111
33,2016,84
33,2017,102
33,2018,107
33,2019,97
33,2020,80
33,2021,81
33,2022,78
33,2023,77
38,1961,5
38,1962,5
38,1963,5
38,1964,5
38,1965,7
38,1966,6
38,1967,5
38,1968,7
38,1969,7
38,1970,7
38,1971,7
38,1972,5
38,1973,5
38,1974,20
38,1975,10
38,1976,7
38,1977,11
38,1978,13
38,1979,20
38,1980,19
38,1981,12
38,1982,10
38,1983,11
38,1984,20
38,1985,11
38,1986,6
38,1987,10
38,1988,21
38,1989,14
38,1990,12
38,1991,17
38,1992,20
38,1993,21
38,1994,17
38,1995,17
38,1996,19
38,1997,18
38,1998,23
38,1999,19
38,2000,14
38,2001,13
38,2002,18
38,2003,17
38,2004,18
38,2005,19
38,2006,19
38,2007,18
38,2008,52
38,2009,46
38,2010,65
38,2011,81
38,2012,81
38,2013,91
38,2014,105
38,2015,111
38,2016,84
38,2017,95
38,2018,85
38,2019,75
38,2020,81
38,2021,96
38,2022,81
38,2023,66
40,1994,22
40,2015,100
40,2018,69
40,2019,52
40,2020,51
40,2021,60
40,2022,46
40,2023,80
41,1962,2
41,1965,3
41,1966,3
41,1967,3
41,1968,3
41,1969,3
41,1970,3
41,1971,3
41,1985,5
41,1991,4
41,1993,9
41,1997,6
41,1998,6
41,1999,9
41,2000,11
41,2001,6
41,2003,6
41,2004,28
41,2005,9
41,2006,13
41,2007,8
41,2010,12
41,2012,4
41,2013,14
41,2014,139
41,2015,135
41,2016,25
41,2017,30
41,2018,14
41,2019,24
41,2020,14
41,2021,17
41,2022,19
41,2023,19
44,2003,2
44,2004,1
44,2005,2
44,2006,3
44,2007,3
44,2008,3
44,2009,3
44,2010,3
44,2012,4
44,2013,11
44,2014,117
44,2015,83
44,2017,38
44,2018,46
44,2019,5
44,2020,51
44,2021,20
44,2022,97
44,2023,72
47,2014,100
47,2017,36
47,2018,23
47,2019,4
47,2021,90
47,2022,60
48,1964,29
48,1970,24
48,1971,42
48,1972,40
48,1973,37
48,1974,36
48,1976,75
48,1977,42
48,1978,203
48,1979,178
48,1980,127
48,1981,111
48,1982,101
48,1983,101
48,1984,119
48,1985,100
48,1986,66
48,1987,56
48,1988,84
48,1989,60
48,1997,101
48,1998,101
48,1999,174
48,2005,710
48,2006,710
48,2011,190
48,2012,94
48,2013,87
48,2014,111
48,2015,107
48,2016,82
48,2018,543
48,2019,1396
48,2020,1098
48,2021,1800
48,2022,1966
48,2023,106
5000,1961,17
5000,1962,16
5000,1963,18
5000,1964,20
5000,1965,22
5000,1966,19
5000,1967,19
5000,1968,22
5000,1969,19
5000,1970,22
5000,1971,20
5000,1972,15
5000,1973,25
5000,1974,66
5000,1975,30
5000,1976,26
5000,1977,40
5000,1978,45
5000,1979,67
5000,1980,46
5000,1981,38
5000,1982,33
5000,1983,39
5000,1984,73
5000,1985,42
5000,1986,21
5000,1987,28
5000,1988,38
5000,1989,37
5000,1990,25
5000,1991,27
5000,1992,40
5000,1993,31
5000,1994,41
5000,1995,45
5000,1996,52
5000,1997,46
5000,1998,43
5000,1999,49
5000,2000,33
5000,2001,22
5000,2002,28
5000,2003,32
5000,2004,43
5000,2005,42
5000,2006,40
5000,2007,58
5000,2008,88
5000,2009,55
5000,2010,70
5000,2011,121
5000,2012,88
5000,2013,69
5000,2014,101
5000,2015,91
5000,2016,108
5000,2017,123
5000,2018,91
5000,2019,68
5000,2020,78
5000,2021,120
5000,2022,105
5000,2023,113
5100,1961,25
5100,1962,27
5100,1963,29
5100,1964,34
5100,1965,43
5100,1966,35
5100,1967,34
5100,1968,47
5100,1969,38
5100,1970,53
5100,1971,45
5100,1972,43
5100,1973,58
5100,1974,106
5100,1975,62
5100,1976,54
5100,1977,83
5100,1978,96
5100,1979,133
5100,1980,104
5100,1981,77
5100,1982,61
5100,1983,104
5100,1984,162
5100,1985,85
5100,1986,36
5100,1987,62
5100,1988,73
5100,1989,72
5100,1990,44
5100,1991,49
5100,1992,53
5100,1993,61
5100,1994,70
5100,1995,91
5100,1996,97
5100,1997,78
5100,1998,83
5100,1999,85
5100,2000,52
5100,2001,38
5100,2002,44
5100,2003,60
5100,2004,79
5100,2005,75
5100,2006,82
5100,2007,114
5100,2008,151
5100,2009,86
5100,2010,94
5100,2011,137
5100,2012,78
5100,2013,88
5100,2014,116
5100,2015,84
5100,2016,100
5100,2017,141
5100,2018,185
5100,2019,106
5100,2020,136
5100,2021,211
5100,2022,206
5100,2023,205
5101,1961,14
5101,1962,13
5101,1963,15
5101,1964,18
5101,1965,23
5101,1966,19
5101,1967,19
5101,1968,25
5101,1969,21
5101,1970,30
5101,1971,25
5101,1972,23
5101,1973,31
5101,1974,57
5101,1975,34
5101,1976,29
5101,1977,44
5101,1978,57
5101,1979,65
5101,1980,58
5101,1981,42
5101,1982,36
5101,1983,64
5101,1984,59
5101,1985,55
5101,1986,55
5101,1987,33
5101,1988,38
5101,1989,44
5101,1990,27
5101,1991,31
5101,1992,32
5101,1993,35
5101,1994,36
5101,1995,42
5101,1996,40
5101,1997,41
5101,1998,46
5101,1999,41
5101,2000,26
5101,2001,19
5101,2002,26
5101,2003,38
5101,2004,49
5101,2005,43
5101,2006,50
5101,2007,68
5101,2008,108
5101,2009,67
5101,2010,87
5101,2011,123
5101,2012,51
5101,2013,62
5101,2014,92
5101,2015,97
5101,2016,112
5101,2017,92
5101,2018,163
5101,2019,82
5101,2020,80
5101,2021,106
5101,2022,145
5101,2023,115
5102,1986,28
5102,1988,57
5102,1989,53
5102,2003,14
5102,2004,42
5102,2005,42
5102,2006,43
5102,2007,47
5102,2008,51
5102,2009,25
5102,2010,39
5102,2011,45
5102,2012,21
5102,2013,27
5102,2014,32
5102,2015,109
5102,2016,159
5102,2017,197
5102,2018,325
5102,2019,267
5102,2020,264
5102,2021,237
5102,2022,204
5102,2023,191
5103,1971,33
5103,1973,75
5103,1975,62
5103,1997,112
5103,1998,140
5103,2000,64
5103,2001,59
5103,2002,49
5103,2003,46
5103,2004,55
5103,2005,66
5103,2007,18
5103,2008,92
5103,2009,76
5103,2010,62
5103,2011,124
5103,2012,136
5103,2013,75
5103,2014,115
5103,2015,91
5103,2016,94
5103,2017,128
5103,2018,1513
5103,2019,46
5103,2020,2250
5103,2021,174
5103,2022,319
5103,2023,12660
5104,1970,27
5104,1971,27
5104,1974,27
5104,1975,30
5104,1978,19
5104,1979,24
5104,1980,17
5104,1981,17
5104,1982,15
5104,1984,23
5104,1985,19
5104,1986,15
5104,1987,15
5104,1988,14
5104,1989,21
5104,1990,27
5104,1991,12
5104,1992,27
5104,1993,22
5104,1994,21
5104,1995,25
5104,1996,22
5104,1997,34
5104,1998,23
5104,1999,17
5104,2000,11
5104,2001,8
5104,2002,7
5104,2003,9
5104,2004,13
5104,2005,14
5104,2006,12
5104,2007,25
5104,2008,39
5104,2009,35
5104,2010,27
5104,2011,41
5104,2012,37
5104,2013,41
5104,2014,126
5104,2015,105
5104,2016,69
5104,2017,60
5104,2018,80
5104,2019,61
5104,2020,61
5104,2021,75
5104,2022,84
5104,2023,60
5105,1961,36
5105,1962,63
5105,1963,62
5105,1964,45
5105,1965,48
5105,1966,31
5105,1967,44
5105,1968,68
5105,1969,48
5105,1970,46
5105,1971,49
5105,1972,47
5105,1973,77
5105,1974,143
5105,1975,107
5105,1976,53
5105,1977,131
5105,1978,126
5105,1979,184
5105,1980,138
5105,1981,104
5105,1982,82
5105,1983,139
5105,1984,226
5105,1985,113
5105,1986,47
5105,1987,84
5105,1988,99
5105,1989,95
5105,1990,58
5105,1991,66
5105,1992,70
5105,1993,81
5105,1994,94
5105,1995,125
5105,1996,135
5105,1997,99
5105,1998,103
5105,1999,117
5105,2000,69
5105,2001,51
5105,2002,60
5105,2003,92
5105,2004,114
5105,2005,97
5105,2006,98
5105,2007,144
5105,2008,152
5105,2009,68
5105,2010,92
5105,2011,101
5105,2012,88
5105,2013,87
5105,2014,104
5105,2015,79
5105,2016,116
5105,2017,180
5105,2018,222
5105,2019,130
5105,2020,176
5105,2021,284
5105,2022,236
5105,2023,258
52,2015,100
52,2018,68
52,2021,53
52,2022,146
5200,1961,16
5200,1962,16
5200,1963,13
5200,1964,17
5200,1965,17
5200,1966,15
5200,1967,15
5200,1968,16
5200,1969,16
5200,1970,17
5200,1971,14
5200,1972,13
5200,1973,20
5200,1974,27
5200,1975,26
5200,1976,20
5200,1977,23
5200,1978,30
5200,1979,42
5200,1980,36
5200,1981,31
5200,1982,32
5200,1983,37
5200,1984,36
5200,1985,37
5200,1986,22
5200,1987,22
5200,1988,27
5200,1989,26
5200,1990,24
5200,1991,23
5200,1992,29
5200,1993,27
5200,1994,30
5200,1995,34
5200,1996,35
5200,1997,37
5200,1998,36
5200,1999,41
5200,2000,41
5200,2001,33
5200,2002,35
5200,2003,28
5200,2004,40
5200,2005,36
5200,2006,43
5200,2007,52
5200,2008,71
5200,2009,61
5200,2010,69
5200,2011,66
5200,2012,90
5200,2013,102
5200,2014,106
5200,2015,100
5200,2016,95
5200,2017,127
5200,2018,173
5200,2019,166
5200,2020,159
5200,2021,142
5200,2022,149
5200,2023,153
5203,1961,15
5203,1962,17
5203,1963,12
5203,1964,18
5203,1965,17
5203,1966,14
5203,1967,13
5203,1968,17
5203,1969,15
5203,1970,17
5203,1971,14
5203,1972,12
5203,1973,21
5203,1974,27
5203,1975,20
5203,1976,18
5203,1977,21
5203,1978,28
5203,1979,47
5203,1980,33
5203,1981,27
5203,1982,24
5203,1983,29
5203,1984,27
5203,1985,35
5203,1986,19
5203,1987,20
5203,1988,26
5203,1989,24
5203,1990,20
5203,1991,20
5203,1992,29
5203,1993,30
5203,1994,32
5203,1995,34
5203,1996,39
5203,1997,34
5203,1998,33
5203,1999,38
5203,2000,38
5203,2001,33
5203,2002,37
5203,2003,29
5203,2004,40
5203,2005,35
5203,2006,40
5203,2007,49
5203,2008,71
5203,2009,60
5203,2010,67
5203,2011,66
5203,2012,89
5203,2013,104
5203,2014,106
5203,2015,99
5203,2016,95
5203,2017,127
5203,2018,175
5203,2019,170
5203,2020,160
5203,2021,141
5203,2022,148
5203,2023,153
5204,1961,16
5204,1962,15
5204,1963,15
5204,1964,17
5204,1965,17
5204,1966,18
5204,1967,19
5204,1968,19
5204,1969,17
5204,1970,19
5204,1971,19
5204,1972,17
5204,1973,18
5204,1974,32
5204,1975,32
5204,1976,31
5204,1977,36
5204,1978,36
5204,1979,42
5204,1980,45
5204,1981,47
5204,1982,48
5204,1983,29
5204,1984,57
5204,1985,48
5204,1986,32
5204,1987,29
5204,1988,47
5204,1989,50
5204,1991,40
5204,1992,30
5204,1993,22
5204,1994,27
5204,1995,28
5204,1996,28
5204,1997,39
5204,1998,38
5204,1999,39
5204,2000,18
5204,2001,51
5204,2002,18
5204,2003,11
5204,2004,35
5204,2005,38
5204,2006,42
5204,2007,56
5204,2008,87
5204,2009,63
5204,2010,83
5204,2011,169
5204,2012,92
5204,2013,90
5204,2014,105
5204,2015,105
5204,2016,90
5204,2017,111
5204,2018,204
5204,2019,115
5204,2020,130
5204,2021,180
5204,2022,235
5204,2023,566
5206,1961,12
5206,1962,13
5206,1963,10
5206,1964,12
5206,1965,12
5206,1966,12
5206,1967,12
5206,1968,11
5206,1969,11
5206,1970,12
5206,1971,10
5206,1972,10
5206,1973,13
5206,1974,19
5206,1975,26
5206,1976,21
5206,1977,22
5206,1978,23
5206,1979,27
5206,1980,36
5206,1981,29
5206,1982,35
5206,1983,36
5206,1984,34
5206,1985,31
5206,1986,24
5206,1987,26
5206,1988,25
5206,1989,24
5206,1990,27
5206,1991,26
5206,1992,20
5206,1993,17
5206,1994,19
5206,1995,27
5206,1996,21
5206,1997,31
5206,1998,28
5206,1999,36
5206,2000,52
5206,2001,32
5206,2002,30
5206,2003,33
5206,2004,41
5206,2005,39
5206,2006,49
5206,2007,52
5206,2008,63
5206,2009,80
5206,2010,79
5206,2011,61
5206,2012,86
5206,2013,95
5206,2014,92
5206,2015,105
5206,2016,103
5206,2017,106
5206,2018,118
5206,2019,113
5206,2020,122
5206,2021,126
5206,2022,133
5206,2023,146
5207,1972,16
5207,1973,14
5207,1975,45
5207,1977,45
5207,1982,73
5207,1983,67
5207,1984,30
5207,1985,134
5207,1989,60
5207,1990,30
5207,1991,98
5207,1992,33
5207,1993,77
5207,1994,63
5207,1995,63
5207,1996,46
5207,1997,45
5207,1998,39
5207,1999,61
5207,2000,82
5207,2001,29
5207,2002,59
5207,2003,43
5207,2004,46
5207,2005,45
5207,2006,51
5207,2007,68
5207,2008,67
5207,2009,61
5207,2010,71
5207,2011,83
5207,2012,108
5207,2013,59
5207,2014,85
5207,2015,91
5207,2016,123
5207,2017,196
5207,2018,139
5207,2019,113
5207,2020,140
5207,2021,165
5207,2022,155
5207,2023,123
53,1961,6
53,1962,8
53,1963,21
53,1964,18
53,1965,17
53,1966,17
53,1967,14
53,1968,17
53,1969,21
53,1971,8
53,1976,42
53,1999,54
53,2007,105
53,2009,76
53,2016,100
53,2019,1
53,2020,117
53,2021,170
53,2022,37
53,2023,35
5300,1961,16
5300,1962,16
5300,1963,19
5300,1964,21
5300,1965,22
5300,1966,19
5300,1967,19
5300,1968,22
5300,1969,19
5300,1970,22
5300,1971,20
5300,1972,14
5300,1973,26
5300,1974,67
5300,1975,28
5300,1976,26
5300,1977,40
5300,1978,45
5300,1979,67
5300,1980,46
5300,1981,38
5300,1982,32
5300,1983,39
5300,1984,74
5300,1985,41
5300,1986,20
5300,1987,28
5300,1988,39
5300,1989,37
5300,1990,24
5300,1991,27
5300,1992,40
5300,1993,31
5300,1994,41
5300,1995,45
5300,1996,52
5300,1997,46
5300,1998,43
5300,1999,47
5300,2000,33
5300,2001,22
5300,2002,27
5300,2003,31
5300,2004,42
5300,2005,42
5300,2006,40
5300,2007,58
5300,2008,89
5300,2009,53
5300,2010,71
5300,2011,125
5300,2012,88
5300,2013,67
5300,2014,101
5300,2015,90
5300,2016,109
5300,2017,120
5300,2018,84
5300,2019,63
5300,2020,73
5300,2021,118
5300,2022,102
5300,2023,109
5301,2001,64
5301,2008,97
5301,2009,69
5301,2010,241
5301,2011,386
5301,2012,120
5301,2013,107
5301,2014,83
5301,2016,117
5301,2017,129
5301,2018,127
5301,2019,132
5301,2020,82
5301,2021,94
5301,2022,102
5301,2023,134
5302,1961,6
5302,1962,7
5302,1963,11
5302,1964,9
5302,1965,9
5302,1966,9
5302,1967,8
5302,1968,10
5302,1969,10
5302,1970,9
5302,1971,9
5302,1972,7
5302,1973,12
5302,1974,20
5302,1975,11
5302,1976,12
5302,1977,23
5302,1978,20
5302,1979,26
5302,1980,24
5302,1981,20
5302,1982,18
5302,1983,18
5302,1984,25
5302,1985,14
5302,1986,9
5302,1987,11
5302,1988,14
5302,1989,42
5302,1990,13
5302,1991,13
5302,1992,17
5302,1993,15
5302,1994,12
5302,1995,19
5302,1996,20
5302,1997,18
5302,1998,17
5302,1999,28
5302,2000,25
5302,2001,19
5302,2002,22
5302,2003,32
5302,2004,18
5302,2005,20
5302,2006,38
5302,2007,35
5302,2008,85
5302,2009,123
5302,2010,67
5302,2011,95
5302,2012,77
5302,2013,66
5302,2014,77
5302,2015,110
5302,2016,113
5302,2017,103
5302,2018,85
5302,2019,110
5302,2020,60
5302,2021,70
5302,2022,86
5302,2023,86
5303,1961,6
5303,1962,6
5303,1963,6
5303,1964,7
5303,1965,9
5303,1966,8
5303,1967,7
5303,1968,9
5303,1969,8
5303,1970,8
5303,1971,9
5303,1972,6
5303,1973,6
5303,1974,24
5303,1975,12
5303,1976,9
5303,1977,13
5303,1978,16
5303,1979,25
5303,1980,24
5303,1981,15
5303,1982,12
5303,1983,14
5303,1984,25
5303,1985,13
5303,1986,7
5303,1987,12
5303,1988,25
5303,1989,18
5303,1990,15
5303,1991,23
5303,1992,27
5303,1993,30
5303,1994,27
5303,1995,23
5303,1996,29
5303,1997,30
5303,1998,32
5303,1999,31
5303,2000,24
5303,2001,21
5303,2002,22
5303,2003,25
5303,2004,26
5303,2005,28
5303,2006,31
5303,2007,28
5303,2008,38
5303,2009,45
5303,2010,57
5303,2011,74
5303,2012,71
5303,2013,73
5303,2014,108
5303,2015,123
5303,2016,69
5303,2017,97
5303,2018,98
5303,2019,83
5303,2020,88
5303,2021,100
5303,2022,76
5303,2023,74
5304,1961,16
5304,1962,16
5304,1963,20
5304,1964,22
5304,1965,22
5304,1966,18
5304,1967,19
5304,1968,22
5304,1969,19
5304,1970,22
5304,1971,20
5304,1972,13
5304,1973,27
5304,1974,69
5304,1975,28
5304,1976,26
5304,1977,41
5304,1978,46
5304,1979,69
5304,1980,47
5304,1981,39
5304,1982,33
5304,1983,40
5304,1984,76
5304,1985,43
5304,1986,21
5304,1987,29
5304,1988,40
5304,1989,38
5304,1990,25
5304,1991,27
5304,1992,41
5304,1993,32
5304,1994,42
5304,1995,46
5304,1996,54
5304,1997,47
5304,1998,45
5304,1999,48
5304,2000,34
5304,2001,22
5304,2002,28
5304,2003,32
5304,2004,43
5304,2005,43
5304,2006,41
5304,2007,60
5304,2008,92
5304,2009,54
5304,2010,73
5304,2011,128
5304,2012,90
5304,2013,68
5304,2014,102
5304,2015,89
5304,2016,109
5304,2017,121
5304,2018,84
5304,2019,63
5304,2020,72
5304,2021,118
5304,2022,103
5304,2023,110
5305,1961,35
5305,1962,30
5305,1963,28
5305,1964,42
5305,1965,40
5305,1966,32
5305,1967,27
5305,1968,31
5305,1969,36
5305,1970,30
5305,1971,41
5305,1972,49
5305,1973,62
5305,1974,106
5305,1975,98
5305,1976,84
5305,1977,14
5305,1978,93
5305,1979,93
5305,1980,131
5305,1981,117
5305,1982,90
5305,1983,159
5305,1984,215
5305,1985,154
5305,1986,78
5305,1987,103
5305,1988,104
5305,1989,124
5305,1990,99
5305,1991,75
5305,1992,76
5305,1993,122
5305,1994,118
5305,1995,146
5305,1996,93
5305,1997,111
5305,1998,104
5305,1999,120
5305,2000,117
5305,2001,85
5305,2002,53
5305,2003,90
5305,2004,98
5305,2005,80
5305,2006,111
5305,2007,85
5305,2008,127
5305,2009,160
5305,2010,102
5305,2011,38
5305,2012,34
5305,2013,54
5305,2014,55
5305,2015,54
5305,2016,191
5305,2017,218
5305,2018,223
5305,2019,244
5305,2020,316
5305,2021,271
5305,2022,213
5305,2023,134
54,1961,5
54,1962,6
54,1963,6
54,1964,6
54,1965,7
54,1966,6
54,1967,6
54,1968,6
54,1969,6
54,1970,7
54,1971,6
54,1972,9
54,1973,7
54,1974,22
54,1975,12
54,1976,7
54,1977,10
54,1978,12
54,1979,20
54,1980,25
54,1981,25
54,1982,19
54,1983,18
54,1984,21
54,1985,28
54,1986,27
54,1987,26
54,1988,30
54,1989,21
54,1990,17
54,1991,51
54,1992,15
54,1993,14
54,1994,16
54,1995,19
54,1996,17
54,1997,16
54,1998,16
54,1999,17
54,2000,13
54,2001,11
54,2002,11
54,2003,13
54,2004,15
54,2005,16
54,2006,18
54,2007,24
54,2008,30
54,2009,15
54,2010,30
54,2011,54
54,2012,54
54,2013,75
54,2014,106
54,2015,92
54,2016,102
54,2017,104
54,2018,85
54,2019,76
54,2020,73
54,2021,75
54,2022,72
54,2023,76
5400,1961,17
5400,1962,15
5400,1963,16
5400,1964,18
5400,1965,21
5400,1966,19
5400,1967,18
5400,1968,23
5400,1969,19
5400,1970,22
5400,1971,22
5400,1972,17
5400,1973,25
5400,1974,72
5400,1975,31
5400,1976,25
5400,1977,40
5400,1978,46
5400,1979,70
5400,1980,62
5400,1981,46
5400,1982,41
5400,1983,44
5400,1984,79
5400,1985,64
5400,1986,43
5400,1987,38
5400,1988,45
5400,1989,44
5400,1990,42
5400,1991,37
5400,1992,51
5400,1993,41
5400,1994,50
5400,1995,57
5400,1996,58
5400,1997,53
5400,1998,51
5400,1999,56
5400,2000,45
5400,2001,32
5400,2002,35
5400,2003,40
5400,2004,51
5400,2005,50
5400,2006,48
5400,2007,63
5400,2008,89
5400,2009,68
5400,2010,73
5400,2011,124
5400,2012,95
5400,2013,77
5400,2014,101
5400,2015,91
5400,2016,108
5400,2017,131
5400,2018,118
5400,2019,86
5400,2020,89
5400,2021,123
5400,2022,123
5400,2023,124
5401,1962,8
5401,1964,9
5401,1992,61
5401,1993,54
5401,1994,33
5401,1995,47
5401,1996,44
5401,1997,55
5401,1998,43
5401,1999,33
5401,2000,44
5401,2001,15
5401,2002,23
5401,2003,26
5401,2004,29
5401,2005,18
5401,2006,34
5401,2007,40
5401,2008,46
5401,2009,31
5401,2010,38
5401,2011,53
5401,2012,44
5401,2013,48
5401,2014,93
5401,2015,114
5401,2016,93
5401,2017,89
5401,2018,113
5401,2019,69
5401,2020,71
5401,2021,84
5401,2022,94
5401,2023,110
5402,1961,9
5402,1962,9
5402,1963,10
5402,1964,11
5402,1965,13
5402,1966,10
5402,1967,10
5402,1968,12
5402,1969,10
5402,1970,12
5402,1971,12
5402,1972,11
5402,1973,12
5402,1974,36
5402,1975,20
5402,1976,15
5402,1977,22
5402,1978,25
5402,1979,39
5402,1980,37
5402,1981,28
5402,1982,24
5402,1983,32
5402,1984,41
5402,1985,40
5402,1986,33
5402,1987,37
5402,1988,37
5402,1989,28
5402,1990,23
5402,1991,25
5402,1992,27
5402,1993,24
5402,1994,28
5402,1995,31
5402,1996,35
5402,1997,32
5402,1998,32
5402,1999,34
5402,2000,25
5402,2001,18
5402,2002,22
5402,2003,24
5402,2004,32
5402,2005,31
5402,2006,29
5402,2007,38
5402,2008,58
5402,2009,41
5402,2010,64
5402,2011,85
5402,2012,93
5402,2013,92
5402,2014,97
5402,2015,102
5402,2016,101
5402,2017,94
5402,2018,86
5402,2019,58
5402,2020,66
5402,2021,105
5402,2022,110
5402,2023,98
5403,1961,26
5403,1962,26
5403,1963,9
5403,1964,17
5403,1965,37
5403,1966,20
5403,1967,20
5403,1968,22
5403,1969,19
5403,1970,21
5403,1971,22
5403,1972,16
5403,1973,23
5403,1974,63
5403,1975,40
5403,1976,28
5403,1977,30
5403,1978,42
5403,1979,60
5403,1980,53
5403,1981,45
5403,1982,39
5403,1983,31
5403,1984,78
5403,1985,48
5403,1986,26
5403,1987,27
5403,1988,60
5403,1989,55
5403,1990,51
5403,1991,43
5403,1992,66
5403,1993,43
5403,1994,88
5403,1995,64
5403,1996,69
5403,1997,65
5403,1998,61
5403,1999,66
5403,2000,49
5403,2001,32
5403,2002,37
5403,2003,43
5403,2004,57
5403,2005,57
5403,2006,53
5403,2007,72
5403,2008,104
5403,2009,71
5403,2010,75
5403,2011,149
5403,2012,101
5403,2013,83
5403,2014,97
5403,2015,91
5403,2016,112
5403,2017,144
5403,2018,112
5403,2019,88
5403,2020,97
5403,2021,144
5403,2022,164
5403,2023,127
5404,1961,17
5404,1962,15
5404,1963,17
5404,1964,19
5404,1965,21
5404,1966,19
5404,1967,18
5404,1968,24
5404,1969,20
5404,1970,23
5404,1971,23
5404,1972,18
5404,1973,26
5404,1974,74
5404,1975,32
5404,1976,26
5404,1977,41
5404,1978,47
5404,1979,72
5404,1980,64
5404,1981,47
5404,1982,41
5404,1983,44
5404,1984,80
5404,1985,66
5404,1986,44
5404,1987,38
5404,1988,45
5404,1989,45
5404,1990,43
5404,1991,37
5404,1992,51
5404,1993,41
5404,1994,50
5404,1995,57
5404,1996,58
5404,1997,53
5404,1998,51
5404,1999,57
5404,2000,46
5404,2001,32
5404,2002,35
5404,2003,40
5404,2004,52
5404,2005,51
5404,2006,49
5404,2007,64
5404,2008,91
5404,2009,70
5404,2010,74
5404,2011,127
5404,2012,97
5404,2013,78
5404,2014,102
5404,2015,90
5404,2016,108
5404,2017,131
5404,2018,119
5404,2019,86
5404,2020,88
5404,2021,121
5404,2022,118
5404,2023,124
55,1961,10
55,1962,11
55,1963,10
55,1964,9
55,1965,12
55,1966,12
55,1967,12
55,1968,11
55,1969,11
55,1970,13
55,1971,13
55,1972,14
55,1973,12
55,1974,18
55,1975,18
55,1976,18
55,1977,19
55,1978,21
55,1979,23
55,1980,26
55,1981,29
55,1982,54
55,1983,46
55,1984,47
55,1985,35
55,1986,34
55,1987,26
55,1988,16
55,1989,23
55,1990,26
55,1991,23
55,1992,24
55,1993,21
55,1994,23
55,1995,24
55,1996,28
55,1997,27
55,1998,24
55,1999,24
55,2014,131
55,2015,118
55,2016,51
55,2017,80
55,2018,647
55,2019,148
55,2020,96
55,2021,257
55,2022,603
55,2023,576
5500,1961,19
5500,1962,18
5500,1963,19
5500,1964,21
5500,1965,25
5500,1966,23
5500,1967,21
5500,1968,26
5500,1969,23
5500,1970,25
5500,1971,25
5500,1972,19
5500,1973,25
5500,1974,67
5500,1975,47
5500,1976,28
5500,1977,46
5500,1978,50
5500,1979,81
5500,1980,57
5500,1981,45
5500,1982,36
5500,1983,55
5500,1984,92
5500,1985,50
5500,1986,21
5500,1987,32
5500,1988,46
5500,1989,42
5500,1990,27
5500,1991,35
5500,1992,55
5500,1993,31
5500,1994,47
5500,1995,59
5500,1996,59
5500,1997,59
5500,1998,50
5500,1999,61
5500,2000,45
5500,2001,27
5500,2002,33
5500,2003,34
5500,2004,47
5500,2005,45
5500,2006,44
5500,2007,66
5500,2008,75
5500,2009,69
5500,2010,77
5500,2011,89
5500,2012,97
5500,2013,75
5500,2014,105
5500,2015,94
5500,2016,102
5500,2017,107
5500,2018,91
5500,2019,66
5500,2020,88
5500,2021,143
5500,2022,126
5500,2023,88
5501,1962,4
5501,1963,2
5501,1964,3
5501,1965,2
5501,1966,2
5501,1982,43
5501,1983,21
5501,1984,86
5501,1985,21
5501,1986,21
5501,1990,17
5501,1991,18
5501,1992,20
5501,1993,16
5501,1994,18
5501,1995,43
5501,1996,17
5501,1997,27
5501,1998,25
5501,1999,28
5501,2000,28
5501,2001,43
5501,2002,33
5501,2003,10
5501,2004,34
5501,2005,32
5501,2006,100
5501,2007,20
5501,2008,103
5501,2009,105
5501,2010,100
5501,2011,70
5501,2012,129
5501,2013,63
5501,2014,111
5501,2015,98
5501,2016,91
5501,2017,149
5501,2018,102
5501,2019,111
5501,2020,83
5501,2021,63
5501,2022,61
5501,2023,68
5502,1961,19
5502,1962,18
5502,1963,19
5502,1964,20
5502,1965,25
5502,1966,23
5502,1967,21
5502,1968,26
5502,1969,24
5502,1970,25
5502,1971,26
5502,1972,20
5502,1973,25
5502,1974,68
5502,1975,51
5502,1976,28
5502,1977,47
5502,1978,50
5502,1979,82
5502,1980,59
5502,1981,45
5502,1982,37
5502,1983,56
5502,1984,92
5502,1985,49
5502,1986,22
5502,1987,33
5502,1988,46
5502,1989,42
5502,1990,27
5502,1991,37
5502,1992,57
5502,1993,30
5502,1994,48
5502,1995,65
5502,1996,65
5502,1997,62
5502,1998,50
5502,1999,61
5502,2000,47
5502,2001,25
5502,2002,33
5502,2003,34
5502,2004,46
5502,2005,45
5502,2006,42
5502,2007,67
5502,2008,73
5502,2009,71
5502,2010,79
5502,2011,83
5502,2012,89
5502,2013,73
5502,2014,104
5502,2015,95
5502,2016,101
5502,2017,102
5502,2018,86
5502,2019,64
5502,2020,79
5502,2021,136
5502,2022,121
5502,2023,82
5503,2004,69
5503,2005,37
5503,2006,46
5503,2007,57
5503,2008,66
5503,2009,53
5503,2010,81
5503,2011,154
5503,2012,308
5503,2013,308
5503,2014,100
5503,2015,101
5503,2016,99
5503,2017,141
5503,2018,91
5503,2019,70
5503,2020,71408
5503,2021,300
5503,2022,126
5503,2023,82
5504,1965,28
5504,1968,24
5504,1969,23
5504,1970,26
5504,1971,24
5504,1972,17
5504,1973,29
5504,1974,61
5504,1975,32
5504,1976,30
5504,1977,46
5504,1978,52
5504,1979,82
5504,1980,55
5504,1981,48
5504,1982,37
5504,1983,55
5504,1984,96
5504,1985,54
5504,1986,21
5504,1987,31
5504,1988,46
5504,1989,41
5504,1990,25
5504,1991,28
5504,1992,41
5504,1993,33
5504,1994,39
5504,1995,42
5504,1996,36
5504,1997,47
5504,1998,48
5504,1999,60
5504,2000,33
5504,2001,40
5504,2002,33
5504,2003,36
5504,2004,53
5504,2005,51
5504,2006,57
5504,2007,65
5504,2008,90
5504,2009,60
5504,2010,64
5504,2011,104
5504,2012,115
5504,2013,54
5504,2014,105
5504,2015,85
5504,2016,110
5504,2017,117
5504,2018,88
5504,2019,60
5504,2020,89
5504,2021,156
5504,2022,165
5504,2023,131
56,1961,9
56,1962,9
56,1963,7
56,1964,17
56,1971,8
56,1972,7
56,1973,8
56,1978,23
56,1979,27
56,1981,21
56,1982,19
56,1983,20
56,1984,33
56,1985,27
56,1986,12
56,1987,14
56,1988,17
56,1989,18
56,1990,14
56,1991,16
56,1992,19
56,1993,12
56,1994,16
56,1995,31
56,1996,11
56,1997,16
56,1998,24
56,1999,8
56,2000,8
56,2001,8
56,2002,11
56,2003,7
56,2004,7
56,2005,12
56,2006,11
56,2007,8
56,2008,42
56,2009,44
56,2010,61
56,2011,62
56,2012,57
56,2013,60
56,2014,71
56,2015,110
56,2016,119
56,2017,134
56,2018,156
56,2019,109
56,2020,142
56,2021,188
56,2022,66
56,2023,177
57,1999,12
57,2000,11
57,2001,3
57,2002,21
57,2003,10
57,2004,12
57,2013,155
57,2014,121
57,2015,136
57,2016,43
57,2017,1
57,2018,32
57,2019,18
57,2020,14
57,2021,25
57,2022,232
57,2023,154
5707,1961,17
5707,1962,15
5707,1963,16
5707,1964,18
5707,1965,21
5707,1966,19
5707,1967,18
5707,1968,23
5707,1969,19
5707,1970,22
5707,1971,22
5707,1972,17
5707,1973,25
5707,1974,73
5707,1975,31
5707,1976,25
5707,1977,40
5707,1978,47
5707,1979,71
5707,1980,62
5707,1981,46
5707,1982,41
5707,1983,44
5707,1984,80
5707,1985,65
5707,1986,43
5707,1987,38
5707,1988,45
5707,1989,45
5707,1990,42
5707,1991,36
5707,1992,51
5707,1993,41
5707,1994,49
5707,1995,57
5707,1996,58
5707,1997,53
5707,1998,51
5707,1999,57
5707,2000,45
5707,2001,32
5707,2002,35
5707,2003,40
5707,2004,51
5707,2005,50
5707,2006,49
5707,2007,63
5707,2008,90
5707,2009,68
5707,2010,74
5707,2011,125
5707,2012,96
5707,2013,77
5707,2014,102
5707,2015,90
5707,2016,108
5707,2017,131
5707,2018,118
5707,2019,86
5707,2020,89
5707,2021,124
5707,2022,124
5707,2023,125
58,2010,7
58,2011,5
58,2014,100
58,2017,214
58,2018,4
58,2019,4
58,2020,66
58,2021,97
58,2022,96
58,2023,8
5801,1961,13
5801,1962,12
5801,1963,14
5801,1964,17
5801,1965,22
5801,1966,18
5801,1967,17
5801,1968,23
5801,1969,19
5801,1970,28
5801,1971,23
5801,1972,19
5801,1973,28
5801,1974,54
5801,1975,28
5801,1976,25
5801,1977,39
5801,1978,52
5801,1979,60
5801,1980,53
5801,1981,39
5801,1982,33
5801,1985,49
5801,1986,51
5801,1987,26
5801,1988,33
5801,1989,34
5801,1990,24
5801,1991,26
5801,1992,41
5801,1993,29
5801,1994,35
5801,1995,44
5801,1996,41
5801,1997,53
5801,1998,27
5801,1999,45
5801,2000,48
5801,2001,17
5801,2002,24
5801,2003,63
5801,2004,47
5801,2005,36
5801,2006,41
5801,2007,62
5801,2008,93
5801,2009,54
5801,2010,77
5801,2011,114
5801,2012,86
5801,2013,105
5801,2014,95
5801,2015,103
5801,2016,101
5801,2017,101
5801,2018,81
5801,2019,70
5801,2020,122
5801,2021,117
5801,2022,117
5801,2023,98
5802,1964,11
5802,1965,20
5802,1966,18
5802,1968,18
5802,1969,16
5802,1985,35
5802,1986,27
5802,1988,29
5802,1995,49
5802,1997,81
5802,1998,35
5802,1999,32
5802,2000,22
5802,2001,16
5802,2002,13
5802,2003,36
5802,2004,25
5802,2005,29
5802,2006,35
5802,2007,52
5802,2008,70
5802,2009,55
5802,2010,88
5802,2011,76
5802,2012,80
5802,2013,67
5802,2014,74
5802,2015,104
5802,2016,122
5802,2017,97
5802,2018,128
5802,2019,61
5802,2020,72
5802,2021,83
5802,2022,84
5802,2023,118
5803,1961,18
5803,1962,18
5803,1963,18
5803,1964,20
5803,1965,24
5803,1966,22
5803,1967,20
5803,1968,23
5803,1969,21
5803,1970,24
5803,1971,24
5803,1972,19
5803,1973,27
5803,1974,65
5803,1975,44
5803,1976,31
5803,1977,48
5803,1978,51
5803,1979,73
5803,1980,58
5803,1981,46
5803,1982,39
5803,1983,54
5803,1984,87
5803,1985,53
5803,1986,25
5803,1987,35
5803,1988,47
5803,1989,44
5803,1990,32
5803,1991,38
5803,1992,49
5803,1993,35
5803,1994,48
5803,1995,58
5803,1996,58
5803,1997,58
5803,1998,50
5803,1999,59
5803,2000,46
5803,2001,29
5803,2002,35
5803,2003,35
5803,2004,47
5803,2005,46
5803,2006,46
5803,2007,66
5803,2008,76
5803,2009,70
5803,2010,76
5803,2011,89
5803,2012,98
5803,2013,79
5803,2014,105
5803,2015,93
5803,2016,101
5803,2017,116
5803,2018,113
5803,2019,100
5803,2020,90
5803,2021,138
5803,2022,125
5803,2023,89
5815,1961,13
5815,1962,13
5815,1963,14
5815,1964,17
5815,1965,22
5815,1966,18
5815,1967,18
5815,1968,24
5815,1969,20
5815,1970,28
5815,1971,23
5815,1972,22
5815,1973,30
5815,1974,54
5815,1975,32
5815,1976,28
5815,1977,42
5815,1978,53
5815,1979,62
5815,1980,55
5815,1981,40
5815,1982,34
5815,1983,59
5815,1984,55
5815,1985,55
5815,1986,53
5815,1987,31
5815,1988,37
5815,1989,42
5815,1990,26
5815,1991,30
5815,1992,31
5815,1993,32
5815,1994,35
5815,1995,40
5815,1996,41
5815,1997,39
5815,1998,44
5815,1999,39
5815,2000,25
5815,2001,18
5815,2002,24
5815,2003,65
5815,2004,48
5815,2005,40
5815,2006,48
5815,2007,64
5815,2008,102
5815,2009,64
5815,2010,85
5815,2011,117
5815,2012,44
5815,2013,59
5815,2014,87
5815,2015,95
5815,2016,118
5815,2017,101
5815,2018,149
5815,2019,68
5815,2020,89
5815,2021,106
5815,2022,107
5815,2023,89
5817,1961,8
5817,1962,8
5817,1963,8
5817,1964,9
5817,1965,11
5817,1966,10
5817,1967,9
5817,1968,12
5817,1969,11
5817,1970,12
5817,1971,12
5817,1972,9
5817,1973,11
5817,1974,28
5817,1975,17
5817,1976,13
5817,1977,20
5817,1978,23
5817,1979,33
5817,1980,27
5817,1981,21
5817,1982,17
5817,1983,22
5817,1984,37
5817,1985,19
5817,1986,10
5817,1987,16
5817,1988,21
5817,1989,21
5817,1990,14
5817,1991,14
5817,1992,15
5817,1993,16
5817,1994,18
5817,1995,22
5817,1996,21
5817,1997,21
5817,1998,19
5817,1999,23
5817,2000,18
5817,2001,12
5817,2002,13
5817,2003,19
5817,2004,22
5817,2005,20
5817,2006,22
5817,2007,28
5817,2008,39
5817,2009,28
5817,2010,36
5817,2011,48
5817,2012,46
5817,2013,53
5817,2014,90
5817,2015,120
5817,2016,89
5817,2017,98
5817,2018,94
5817,2019,73
5817,2020,91
5817,2021,110
5817,2022,104
5817,2023,89
59,1971,37
59,1973,88
59,1975,71
59,1997,311
59,1998,35
59,2001,18
59,2003,36
59,2004,71
59,2005,63
59,2008,104
59,2009,86
59,2010,71
59,2011,141
59,2012,154
59,2014,110
59,2015,103
59,2016,87
59,2019,52
60,1961,20
60,1962,18
60,1963,19
60,1964,19
60,1965,21
60,1966,22
60,1967,22
60,1968,24
60,1969,21
60,1970,23
60,1971,23
60,1972,21
60,1973,23
60,1974,39
60,1975,39
60,1976,36
60,1977,45
60,1978,50
60,1979,50
60,1980,54
60,1981,55
60,1982,53
60,1983,35
60,1984,59
60,1991,32
60,1992,11
60,1994,33
60,1995,34
60,1996,45
60,1997,45
60,1998,44
60,1999,46
60,2000,49
60,2001,42
60,2002,27
60,2003,27
60,2004,36
60,2005,41
60,2006,45
60,2007,61
60,2008,61
60,2011,61
60,2012,79
60,2014,100
60,2017,0
60,2019,261
60,2020,847
60,2023,382
63,1994,61
63,1997,74
63,1998,92
63,1999,63
63,2007,68
63,2008,80
63,2010,70
63,2013,84
63,2015,98
63,2016,102
63,2017,361
63,2018,86
63,2019,367
63,2020,367
63,2021,983
63,2022,486
63,2023,469
66,1961,13
66,1962,12
66,1963,14
66,1964,15
66,1965,18
66,1966,15
66,1967,16
66,1968,19
66,1969,15
66,1970,18
66,1971,16
66,1972,11
66,1973,23
66,1974,55
66,1975,23
66,1976,21
66,1977,33
66,1978,35
66,1979,54
66,1980,38
66,1981,32
66,1982,26
66,1983,42
66,1984,65
66,1985,36
66,1986,14
66,1987,22
66,1988,32
66,1989,29
66,1990,18
66,1991,26
66,1992,28
66,1993,23
66,1994,37
66,1995,86
66,1996,47
66,1997,40
66,1998,39
66,1999,37
66,2000,38
66,2001,19
66,2002,45
66,2003,26
66,2004,36
66,2005,26
66,2006,56
66,2007,35
66,2008,69
66,2009,48
66,2010,46
66,2011,168
66,2012,58
66,2013,62
66,2014,101
66,2015,71
66,2016,128
66,2017,93
66,2018,64
66,2019,41
66,2020,54
66,2021,93
66,2022,111
66,2023,74
67,1963,3
67,1964,3
67,1967,4
67,1974,61
67,1977,20
67,1989,5
67,1993,10
67,1994,5
67,1997,8
67,2003,10
67,2007,15
67,2008,23
67,2013,41
67,2014,111
67,2015,95
67,2016,94
67,2017,116
67,2018,106
67,2019,38
67,2020,116
67,2021,55
67,2022,100
67,2023,67
68,1961,11
68,1962,21
68,1963,14
68,1964,17
68,1965,18
68,1966,18
68,1967,17
68,1968,19
68,1969,16
68,1970,19
68,1971,17
68,1972,15
68,1973,24
68,1974,54
68,1975,30
68,1976,24
68,1977,33
68,1978,44
68,1979,52
68,1980,44
68,1981,34
68,1982,34
68,1983,32
68,1984,44
68,1985,54
68,1986,35
68,1987,27
68,1988,32
68,1989,33
68,1990,36
68,1991,26
68,1992,33
68,1993,26
68,1994,31
68,1995,35
68,1996,39
68,1997,37
68,1998,33
68,1999,39
68,2000,28
68,2001,21
68,2002,24
68,2003,28
68,2004,36
68,2005,38
68,2006,45
68,2007,52
68,2008,69
68,2009,51
68,2010,52
68,2011,83
68,2012,61
68,2013,66
68,2014,103
68,2015,88
68,2016,109
68,2017,115
68,2018,84
68,2019,60
68,2020,60
68,2021,93
68,2022,103
68,2023,92
7,2016,100
7,2017,38
7,2019,6
7,2021,0
7,2023,78
70,1965,30
70,1968,25
70,1969,24
70,1970,28
70,1971,26
70,1972,18
70,1973,30
70,1974,64
70,1975,34
70,1976,32
70,1977,49
70,1978,54
70,1979,86
70,1980,58
70,1981,48
70,1982,38
70,1983,58
70,1984,96
70,1985,57
70,1986,20
70,1987,30
70,1988,41
70,1989,38
70,1990,23
70,1991,31
70,1992,45
70,1993,35
70,1994,45
70,1995,50
70,1996,40
70,1997,57
70,1998,58
70,1999,74
70,2000,33
70,2001,43
70,2002,34
70,2003,38
70,2004,53
70,2005,50
70,2006,58
70,2007,71
70,2008,109
70,2009,60
70,2010,64
70,2011,124
70,2012,97
70,2013,71
70,2014,102
70,2015,86
70,2016,112
70,2017,133
70,2018,90
70,2019,53
70,2020,67
70,2021,125
70,2022,129
70,2023,88
73,2007,65
73,2010,77
73,2012,123
73,2015,98
73,2016,102
73,2017,138
73,2018,114
73,2019,76
73,2020,87
73,2021,136
73,2022,163
73,2023,112
79,1961,11
79,1962,10
79,1963,11
79,1964,12
79,1965,14
79,1966,13
79,1967,12
79,1968,15
79,1969,12
79,1970,15
79,1971,14
79,1972,10
79,1973,15
79,1974,44
79,1975,19
79,1976,15
79,1977,26
79,1978,29
79,1979,48
79,1980,41
79,1981,28
79,1982,23
79,1983,29
79,1984,54
79,1985,39
79,1986,28
79,1987,25
79,1988,28
79,1989,28
79,1990,29
79,1991,26
79,1992,35
79,1993,28
79,1994,35
79,1995,40
79,1996,41
79,1997,36
79,1998,36
79,1999,37
79,2000,29
79,2001,23
79,2002,24
79,2003,28
79,2004,36
79,2005,37
79,2006,36
79,2007,47
79,2008,67
79,2009,53
79,2010,57
79,2011,95
79,2012,76
79,2013,77
79,2014,82
79,2015,97
79,2016,120
79,2017,152
79,2018,141
79,2019,93
79,2020,112
79,2021,109
79,2022,105
79,2023,95
80,2014,17
80,2015,183
80,2017,42
80,2018,157
80,2019,45
80,2020,290
80,2021,13
81,1961,21
81,1962,29
81,1963,33
81,1965,8
81,1996,28
81,1997,12
81,1998,62
81,1999,27
81,2000,32
81,2002,17
81,2003,11
81,2004,17
81,2005,31
81,2006,76
81,2008,20
81,2009,11
81,2010,13
81,2011,13
81,2012,20
81,2013,28
81,2014,115
81,2015,171
81,2016,15
81,2017,299
81,2018,234
81,2019,261
81,2020,152
81,2021,293
81,2022,301
81,2023,384
83,2004,69
83,2005,37
83,2006,46
83,2007,57
83,2008,66
83,2009,53
83,2010,81
83,2011,154
83,2012,308
83,2013,308
83,2014,100
83,2015,101
83,2016,99
83,2017,141
83,2018,91
83,2019,70
83,2020,71408
83,2021,300
83,2022,126
83,2023,82
84,1994,89
84,1996,478
84,1997,80
84,1998,60
84,2000,49
84,2001,50
84,2002,71
84,2003,40
84,2004,53
84,2006,80
84,2009,49
84,2010,84
84,2011,159
84,2012,111
84,2013,81
84,2014,67
84,2015,92
84,2016,141
84,2017,129
84,2018,134
84,2019,82
84,2020,86
84,2021,114
84,2022,115
84,2023,93
86,2016,100
86,2017,273
86,2018,247
86,2019,16
86,2020,206
86,2021,14
86,2022,115
89,1962,4
89,1963,3
89,1964,3
89,1967,6
89,1969,3
89,1973,3
89,1978,5
89,1979,19
89,1980,7
89,1984,7
89,1985,5
89,1987,4
89,1988,7
89,1991,7
89,1992,3
89,1993,6
89,1994,6
89,1997,5
89,2000,3
89,2001,6
89,2002,4
89,2009,6
89,2010,7
89,2011,11
89,2012,16
89,2015,181
89,2016,19
89,2017,22
89,2018,29
89,2019,23
89,2020,28
89,2021,20
89,2022,19
89,2023,31
9,1991,5
9,1992,2
9,1993,5
9,1994,3
9,1995,3
9,1996,5
9,1997,3
9,1998,4
9,2000,3
9,2001,3
9,2002,4
9,2003,3
9,2005,5
9,2006,4
9,2008,3
9,2009,5
9,2010,3
9,2014,14
9,2015,168
9,2016,117
9,2017,17
90,2015,100
90,2017,26
90,2018,46
90,2019,2
90,2020,2
90,2021,15
90,2023,13
91,1972,17
91,1973,15
91,1997,47
91,1998,55
91,1999,63
91,2000,85
91,2001,29
91,2002,62
91,2003,50
91,2004,53
91,2005,58
91,2006,68
91,2007,118
91,2008,77
91,2009,76
91,2010,107
91,2011,88
91,2012,133
91,2013,62
91,2014,88
91,2015,94
91,2016,118
91,2017,96
91,2018,41
91,2019,65
91,2020,323
91,2021,150
91,2022,257
91,2023,181
95,1961,32
95,1962,69
95,1963,33
95,1964,42
95,1965,38
95,1966,84
95,1967,43
95,1968,46
95,1970,57
95,1974,69
95,1975,85
95,1976,82
95,1978,110
95,1993,39
95,1995,30
95,1996,29
95,1997,50
95,1998,68
95,1999,55
95,2000,16
95,2001,151
95,2002,19
95,2003,20
95,2004,74
95,2005,74
95,2006,72
95,2007,105
95,2008,140
95,2009,89
95,2010,127
95,2013,94
95,2014,113
95,2015,82
95,2016,104
95,2018,363
95,2019,26
95,2021,359
95,2022,149
95,2023,194
96,1961,7
96,1962,7
96,1964,12
96,1965,13
96,1966,17
96,1967,8
96,1970,10
96,1973,10
96,1974,25
96,1975,77
96,1977,18
96,1978,10
96,1979,23
96,1980,27
96,1981,21
96,1982,20
96,1983,19
96,1984,27
96,1985,16
96,1986,10
96,1987,13
96,1988,18
96,1989,41
96,1990,14
96,1991,13
96,1992,20
96,1993,16
96,1994,14
96,1995,21
96,1996,22
96,1997,21
96,1998,22
96,1999,34
96,2000,29
96,2001,17
96,2002,20
96,2003,31
96,2004,36
96,2005,48
96,2006,45
96,2007,29
96,2008,58
96,2009,64
96,2010,65
96,2011,58
96,2012,101
96,2013,56
96,2014,73
96,2015,76
96,2016,151
96,2017,213
96,2018,205
96,2019,154
96,2020,108
96,2021,151
96,2022,132
96,2023,249
97,1962,5
97,1992,40
97,1993,48
97,1994,25
97,1995,35
97,1996,34
97,2004,18
97,2010,21
97,2011,42
97,2014,79
97,2015,123
97,2016,98
97,2017,87
97,2018,94
97,2019,89
97,2020,82
97,2021,93
97,2022,87
97,2023,62
98,1997,165
98,2001,110
98,2004,63
98,2005,59
98,2006,59
98,2007,67
98,2008,111
98,2009,87
98,2010,81
98,2011,158
98,2013,220
98,2014,95
98,2015,91
98,2016,114
98,2017,209
98,2018,562
98,2019,276
98,2020,306
98,2021,161
98,2022,218
98,2023,127
